customer_id,customer_age,job_type,marital_status,education_level,has_internet_service,has_device_payment_plan,preferred_contact_method,day_of_week,Month,preferred_call_time,current_campaign_contacts,current_campaign_contacts,previous_campaign_contacts,previous_campaign_outcome,A,B,C,D,subscribed_to_new_plan
119502.0,42.0,blue-collar,married,primary,yes,no,,15.0,may,Evening,4.0,4.0,0.0,,no,2519.0,82.21390699987826,2.669578153294713,no
148910.0,32.0,admin.,married,secondary,yes,no,call,17.0,apr,Evening,4.0,4.0,0.0,,,923.0,87.68560500816464,5.6244914847648015,no
160215.0,53.0,blue-collar,married,primary,no,no,call,28.0,jul,Night ,3.0,3.0,1.0,success,no,306.0,90.6400478429643,1.2649059056476588,yes
124011.0,32.0,technician,single,tertiary,yes,no,,2.0,jun,Night ,5.0,5.0,0.0,,no,257.0,97.26282525900871,3.3870766863163904,no
154850.0,28.0,admin.,single,secondary,yes,no,call,,may,morning,1.0,1.0,0.0,,no,-36.0,100.32649508358195,7.154399241548036,no
134388.0,41.0,unemployed,married,secondary,no,no,call,31.0,jul,Morning,14.0,14.0,0.0,,no,0.0,110.91155738100964,5.553966786859325,no
118106.0,44.0,blue-collar,married,secondary,yes,no,,12.0,may,Night ,1.0,1.0,0.0,,no,236.0,85.15718547455252,2.825140973347552,no
144740.0,28.0,blue-collar,single,secondary,no,no,SMS,30.0,jan,morning,2.0,2.0,17.0,other,no,1285.0,90.07183708824564,6.270461210061428,no
124054.0,35.0,blue-collar,single,secondary,yes,No,,2.0,jun,Night,1.0,1.0,0.0,,no,-41.0,100.73896315755258,3.9600851261973347,no
158489.0,50.0,entrepreneur,divorced,tertiary,no,no,call,8.0,jan,eve,1.0,1.0,1.0,failure,no,315.0,91.8825510716091,6.279888515969008,no
142866.0,31.0,services,married,secondary,no,yes,call,21.0,nov,Night ,1.0,1.0,0.0,,no,0.0,89.9653735465658,8.649273746105917,no
133609.0,55.0,retired,married,secondary,no,yes,call,29.0,jul,eve,2.0,2.0,0.0,,no,1467.0,104.37149318459714,2.1507455297416316,no
145751.0,31.0,entrepreneur,single,tertiary,no,no,call,4.0,feb,eve,3.0,3.0,0.0,,no,1957.0,99.64132176868829,8.123372121169385,no
116727.0,44.0,technician,divorced,secondary,yes,no,,7.0,may,morning,1.0,1.0,0.0,,no,-329.0,103.92045464236847,1.868957477870501,no
153227.0,36.0,management,single,tertiary,yes,no,call,13.0,may,Night ,1.0,1.0,0.0,,no,1.0,89.6831332448767,5.507766627285815,no
146533.0,70.0,management,married,tertiary,no,no,call,6.0,feb,eve,1.0,1.0,0.0,,no,5563.0,109.24039104543266,6.262092804175571,no
155080.0,30.0,technician,single,secondary,yes,no,call,18.0,may,Night ,2.0,2.0,2.0,failure,no,778.0,106.44002714673782,3.071289599505716,no
117791.0,49.0,housemaid,divorced,primary,yes,no,,9.0,may,Afternoon,5.0,5.0,0.0,,no,164.0,116.72342926294783,1.6441887203212486,no
134009.0,35.0,unemployed,single,secondary,no,no,call,30.0,jul,morning,3.0,3.0,0.0,,no,0.0,104.37854255702398,5.392303705108823,no
142112.0,37.0,management,single,tertiary,no,no,call,20.0,nov,Afternoon,2.0,2.0,0.0,,no,2875.0,91.52739681817968,10.13228470299849,no
141298.0,32.0,management,married,secondary,yes,no,call,18.0,nov,Morning,1.0,1.0,0.0,,no,1477.0,99.54974255521795,4.704812813096995,no
128778.0,44.0,technician,divorced,secondary,yes,no,call,7.0,jul,morning,4.0,4.0,0.0,,no,0.0,92.58850054958121,5.234029858214953,no
156964.0,63.0,technician,married,secondary,yes,no,call,14.0,aug,Evening,2.0,2.0,0.0,,no,896.0,100.06718640888779,4.134056075538915,yes
160815.0,31.0,technician,married,secondary,no,,,4.0,oct,Morning,1.0,1.0,0.0,,no,439.0,107.79242770492904,7.896684738383065,no
153643.0,29.0,management,married,secondary,no,no,call,14.0,may,morning,1.0,1.0,1.0,failure,no,231.0,93.81841481443661,5.654820761233772,yes
156448.0,38.0,entrepreneur,divorced,tertiary,no,no,call,8.0,jul,Night,3.0,3.0,0.0,,no,7929.0,94.01410716425758,5.307105445663938,no
140338.0,53.0,management,divorced,tertiary,no,yes,call,17.0,nov,Morning,2.0,2.0,0.0,,no,5187.0,101.93814543681809,5.020021168316522,no
158382.0,30.0,technician,single,tertiary,no,no,call,14.0,dec,Night,2.0,2.0,0.0,,no,1070.0,90.3218128230759,3.9328624121843703,no
149021.0,32.0,technician,married,secondary,no,no,call,20.0,apr,morning,1.0,1.0,4.0,failure,no,286.0,101.30060605023995,4.25567196286005,no
117037.0,35.0,services,married,secondary,yes,no,,7.0,may,Night ,2.0,2.0,0.0,,no,630.0,98.401433640387,4.47615131997179,no
122186.0,28.0,student,single,tertiary,yes,no,,27.0,may,Night,1.0,1.0,0.0,,no,737.0,97.61168165213869,1.5358549891449043,no
140676.0,39.0,blue-collar,married,secondary,yes,No,call,18.0,nov,Night,1.0,1.0,0.0,,no,263.0,104.53353666094381,5.400193896382764,no
130956.0,56.0,blue-collar,married,primary,yes,no,call,17.0,jul,Evening,1.0,1.0,0.0,,no,0.0,109.0678112409601,6.147935130398487,no
160763.0,37.0,blue-collar,single,,no,no,call,23.0,sep,Afternoon,2.0,2.0,0.0,,no,217.0,107.32695739982228,4.15836872439686,yes
122722.0,29.0,admin.,single,,no,no,,28.0,may,Night ,3.0,3.0,0.0,,no,175.0,96.37095893728394,5.589733043179128,no
123126.0,51.0,blue-collar,divorced,,yes,no,,29.0,may,eve,1.0,1.0,0.0,,no,10287.0,91.05036044874029,5.8604090530385005,no
120813.0,40.0,blue-collar,single,secondary,,No,,21.0,may,Evening,1.0,1.0,0.0,,no,1066.0,90.92927854848074,3.8183027382203685,no
155809.0,34.0,admin.,single,secondary,yes,no,call,2.0,jun,Night ,1.0,1.0,2.0,failure,no,4447.0,96.03190524644128,6.036238472178049,no
139156.0,48.0,technician,divorced,tertiary,no,no,call,27.0,aug,Night ,7.0,7.0,0.0,,no,2328.0,113.95142205933266,,no
124822.0,29.0,blue-collar,married,,yes,no,,4.0,jun,Morning,2.0,2.0,0.0,,no,356.0,91.76507095191342,4.669361469057868,no
159199.0,60.0,retired,married,secondary,no,no,call,16.0,mar,Night,1.0,1.0,7.0,other,no,8332.0,85.00426572535585,7.045381736825547,yes
153764.0,43.0,services,married,primary,yes,no,call,14.0,may,eve,1.0,1.0,2.0,failure,no,2567.0,111.90164402836015,5.427958174142696,no
132522.0,30.0,technician,married,secondary,yes,yes,call,24.0,jul,Evening,1.0,1.0,0.0,,no,13.0,102.97081743686994,4.212466114807234,no
119202.0,56.0,retired,married,secondary,yes,no,,15.0,may,Afternoon,1.0,1.0,0.0,,no,1678.0,90.5568849099506,5.252879184319525,no
159675.0,28.0,student,single,secondary,no,no,call,25.0,may,eve,1.0,1.0,4.0,failure,no,1925.0,106.37542846026501,6.7389387341000395,yes
120630.0,56.0,services,married,secondary,yes,no,,20.0,may,eve,7.0,7.0,0.0,,no,530.0,101.43456988360818,5.131089723421482,no
148602.0,32.0,blue-collar,single,secondary,yes,no,call,17.0,apr,Morning,1.0,1.0,1.0,failure,no,1415.0,96.77246728664178,4.597460450119253,no
160458.0,34.0,services,married,secondary,no,no,,13.0,aug,Night,1.0,1.0,0.0,,no,-52.0,84.64586560108324,6.04856516364612,no
132307.0,55.0,retired,divorced,tertiary,yes,no,call,23.0,jul,Afternoon,3.0,3.0,0.0,,no,-458.0,108.84171982973731,3.9149075715232167,no
130741.0,,technician,married,secondary,yes,no,call,16.0,jul,morning,1.0,1.0,0.0,,no,6.0,96.9020884581196,3.3410297938222104,no
140131.0,48.0,admin.,divorced,secondary,yes,No,call,17.0,nov,Afternoon,1.0,1.0,2.0,success,no,295.0,103.79272108684236,5.222796640278527,no
128689.0,34.0,blue-collar,single,primary,no,yes,call,7.0,jul,morning,1.0,1.0,0.0,,yes,-2.0,116.73480705903644,6.904608576367712,no
150991.0,39.0,unemployed,married,primary,yes,yes,call,6.0,may,eve,2.0,2.0,5.0,failure,no,1147.0,92.04605077256143,5.734760084651336,no
143744.0,48.0,technician,married,secondary,no,no,call,28.0,jan,Evening,1.0,1.0,0.0,,no,0.0,105.63137101977087,5.114432712971851,no
151495.0,52.0,management,married,tertiary,yes,yes,SMS,7.0,may,eve,1.0,1.0,0.0,,no,249.0,102.88349701631414,5.13311406928367,no
158703.0,26.0,technician,single,tertiary,yes,no,call,29.0,jan,Night ,2.0,2.0,0.0,,no,1972.0,103.47544865566458,4.893953938348874,no
120253.0,47.0,blue-collar,married,,yes,no,,19.0,may,eve,14.0,14.0,0.0,,no,-345.0,111.0851863308257,1.896896269746053,no
155331.0,43.0,admin.,single,secondary,yes,no,call,25.0,may,Morning,1.0,1.0,3.0,success,no,733.0,94.09497602016059,4.355151400296131,yes
138734.0,57.0,retired,married,secondary,yes,yes,call,25.0,aug,Afternoon,4.0,4.0,0.0,,no,49.0,119.61859651076271,3.9449280426200986,no
139211.0,36.0,management,married,tertiary,no,no,call,27.0,aug,Evening,11.0,11.0,0.0,,no,0.0,107.17851853927623,4.903806391662856,no
116826.0,54.0,blue-collar,married,secondary,yes,no,,7.0,may,morning,1.0,1.0,0.0,,no,-932.0,95.21456883286359,5.124116564431593,no
140173.0,40.0,admin.,married,secondary,yes,yes,call,17.0,nov,eve,1.0,1.0,0.0,,no,0.0,102.70776587958461,5.798817695588579,no
129999.0,29.0,blue-collar,married,primary,no,yes,call,11.0,jul,Evening,2.0,2.0,0.0,,no,243.0,105.14656355043468,5.258975698992925,no
143452.0,41.0,self-employed,divorced,tertiary,yes,no,call,,nov,Night ,3.0,3.0,0.0,,no,4418.0,95.57940532745819,3.2221836817063054,no
122774.0,37.0,management,married,tertiary,no,no,,28.0,may,Night ,3.0,3.0,0.0,,no,655.0,91.48722267273345,4.905053121107822,no
117673.0,,management,single,tertiary,yes,no,,9.0,may,eve,3.0,3.0,0.0,,no,726.0,117.22901820640789,4.556251885313332,no
149037.0,46.0,blue-collar,married,primary,yes,No,call,20.0,apr,Evening,2.0,2.0,4.0,failure,no,292.0,93.7417260904842,6.549769804791866,no
133965.0,53.0,entrepreneur,married,tertiary,yes,yes,call,30.0,jul,Night,20.0,20.0,0.0,,no,1046.0,125.97408864007255,3.078765616109393,no
149914.0,33.0,management,single,tertiary,no,No,call,30.0,apr,Afternoon,1.0,1.0,2.0,failure,no,1431.0,96.93084712530869,5.698590660534292,no
125238.0,54.0,entrepreneur,married,secondary,no,no,,6.0,jun,morning,1.0,1.0,0.0,,no,2791.0,111.47934196482697,5.712236560360236,no
126560.0,59.0,services,married,primary,no,no,,16.0,jun,morning,3.0,3.0,0.0,,no,31.0,90.90999299382422,6.538538213871777,no
156546.0,37.0,management,divorced,tertiary,yes,no,call,6.0,aug,Morning,5.0,5.0,0.0,,no,0.0,103.84206179849262,3.0733550317817944,no
116283.0,37.0,technician,married,tertiary,yes,no,,6.0,may,Night ,1.0,1.0,0.0,,no,8730.0,109.55378244045139,4.786937409517002,no
126808.0,36.0,admin.,single,tertiary,no,no,,17.0,jun,morning,2.0,2.0,0.0,,no,1568.0,93.85484083136407,2.573358153996611,no
156834.0,43.0,technician,single,secondary,,no,call,12.0,aug,Evening,2.0,2.0,0.0,,no,451.0,104.39348823660205,5.873398463575962,yes
117369.0,33.0,technician,married,,no,no,,8.0,may,Afternoon,2.0,2.0,0.0,,no,0.0,100.20260010335173,7.047562290352756,no
156391.0,52.0,management,single,tertiary,no,no,call,7.0,jul,Night,1.0,1.0,0.0,,no,37.0,105.48962901678252,4.794084500945378,no
134440.0,32.0,services,single,secondary,yes,no,call,31.0,jul,Night ,13.0,13.0,0.0,,no,0.0,97.39689688642603,5.814426846751683,no
141033.0,33.0,management,single,tertiary,no,no,call,18.0,nov,Evening,1.0,1.0,0.0,,no,275.0,101.86865431053901,2.949256836762192,no
139052.0,37.0,management,single,tertiary,no,No,call,26.0,aug,morning,6.0,6.0,0.0,,no,0.0,101.44136168316653,6.755219580001915,no
133364.0,29.0,management,single,tertiary,,no,call,28.0,jul,morning,6.0,6.0,0.0,,no,1895.0,83.98876525707267,6.517371301298542,no
123394.0,36.0,blue-collar,married,primary,yes,no,,29.0,may,Night ,7.0,7.0,0.0,,yes,-1168.0,87.8912076257067,2.616142922776277,no
121093.0,32.0,management,single,tertiary,yes,no,,21.0,may,morning,2.0,2.0,0.0,,no,1169.0,85.37870918992704,4.837750212049052,no
130296.0,29.0,blue-collar,married,secondary,no,yes,call,14.0,jul,Morning,2.0,2.0,0.0,,no,-191.0,87.45727561823477,7.761694764764403,no
134217.0,31.0,admin.,married,secondary,no,No,call,31.0,jul,Afternoon,4.0,4.0,0.0,,no,377.0,92.11915745099489,5.675294583220561,no
131938.0,36.0,admin.,married,tertiary,yes,no,call,22.0,jul,Night,1.0,1.0,0.0,,no,0.0,105.17149119651694,5.830187175541173,no
134374.0,49.0,management,divorced,secondary,no,no,call,31.0,jul,eve,4.0,4.0,0.0,,no,4908.0,112.3218449279496,6.356798597793663,no
117089.0,51.0,management,married,primary,yes,yes,,8.0,may,morning,1.0,1.0,0.0,,yes,57.0,107.40414990530464,,no
116892.0,47.0,admin.,married,,yes,no,,7.0,may,Night,1.0,1.0,0.0,,no,0.0,82.83548763572036,1.9939564618601167,no
120984.0,27.0,blue-collar,single,secondary,yes,no,,21.0,may,Night,2.0,2.0,0.0,,no,-208.0,95.62206750253056,5.685083479080581,no
135718.0,36.0,management,married,tertiary,no,No,call,8.0,aug,Afternoon,2.0,2.0,0.0,,no,,98.73560467615165,5.818222359586592,no
144746.0,47.0,self-employed,married,secondary,no,no,call,30.0,jan,morning,2.0,2.0,0.0,,no,1803.0,98.18771901123333,5.7382319618193005,no
123821.0,52.0,management,divorced,tertiary,yes,no,,30.0,may,Night,5.0,5.0,0.0,,no,12.0,96.27229629207136,4.340651788133977,no
119906.0,53.0,technician,divorced,secondary,yes,no,,16.0,may,Night,4.0,4.0,0.0,,no,751.0,129.07862937371692,2.960703098669512,no
118424.0,56.0,self-employed,married,secondary,no,no,,13.0,may,morning,1.0,1.0,0.0,,no,123.0,99.07022758701586,4.486685423493678,no
155048.0,40.0,admin.,divorced,secondary,yes,no,call,18.0,may,morning,2.0,2.0,0.0,,no,220.0,108.78407349209128,2.097542641700427,no
142032.0,40.0,entrepreneur,married,secondary,no,no,call,20.0,nov,eve,3.0,3.0,0.0,,no,1349.0,113.76419425595574,6.412915128712283,no
123813.0,27.0,blue-collar,single,secondary,yes,no,,30.0,may,Afternoon,2.0,2.0,0.0,,no,5563.0,103.78005547082111,2.3349869924890285,no
151446.0,36.0,technician,married,secondary,yes,No,call,7.0,may,Afternoon,2.0,2.0,0.0,,no,197.0,103.33661761057859,5.6172518795578235,no
160774.0,39.0,admin.,married,tertiary,yes,no,call,24.0,sep,Night ,3.0,3.0,1.0,other,no,1322.0,96.97354075515398,8.699214709196399,no
134122.0,44.0,self-employed,married,,yes,no,email,30.0,jul,Morning,4.0,4.0,0.0,,,680.0,77.45581125752895,3.1062052666092286,no
150921.0,37.0,services,married,primary,yes,yes,call,6.0,may,Night ,2.0,2.0,3.0,failure,yes,-483.0,113.24262184466826,4.862080789835711,no
123086.0,38.0,technician,single,secondary,yes,yes,,29.0,may,Morning,1.0,1.0,0.0,,no,2079.0,82.07737948980304,4.004191987941222,no
145757.0,75.0,retired,divorced,primary,yes,no,call,4.0,feb,morning,3.0,3.0,0.0,,no,3881.0,111.9452759083454,4.6851800396038366,yes
152542.0,43.0,blue-collar,married,primary,yes,yes,call,12.0,may,morning,2.0,2.0,1.0,failure,no,-404.0,95.72022549180852,2.61043611317561,no
117610.0,22.0,student,single,secondary,yes,no,,9.0,may,Evening,2.0,2.0,0.0,,no,2412.0,109.45089079015843,3.6928206528163443,no
122027.0,32.0,blue-collar,married,secondary,yes,no,,27.0,may,morning,2.0,2.0,0.0,,no,-1500.0,113.16055862984756,6.634946271263447,no
145746.0,38.0,entrepreneur,married,tertiary,yes,no,call,4.0,feb,Morning,1.0,1.0,1.0,failure,no,227.0,98.76816943156611,5.124941823393342,no
122922.0,30.0,blue-collar,married,secondary,yes,no,,28.0,may,Night ,12.0,12.0,0.0,,no,1780.0,98.25501310326945,8.803636611862528,no
135646.0,31.0,entrepreneur,single,secondary,no,no,call,8.0,aug,Night ,2.0,2.0,0.0,,no,37.0,117.2112936077614,4.245739559715068,no
158976.0,53.0,management,married,tertiary,no,no,,22.0,feb,morning,1.0,1.0,0.0,,no,597.0,80.47897195814662,2.0721381414643005,yes
119406.0,45.0,services,married,secondary,yes,no,,15.0,may,Morning,4.0,4.0,0.0,,no,520.0,106.05906940984468,2.8201218192278845,no
120850.0,35.0,entrepreneur,single,secondary,yes,no,,21.0,may,Afternoon,2.0,2.0,0.0,,no,12961.0,97.47153144463803,5.084447715455587,no
132516.0,31.0,housemaid,married,primary,yes,no,call,24.0,jul,Night,1.0,1.0,0.0,,no,-184.0,115.22694399318284,6.549237128922982,no
157223.0,72.0,retired,divorced,primary,no,no,SMS,28.0,aug,Evening,1.0,1.0,0.0,,no,0.0,96.35695145233305,8.38989196954386,no
132117.0,44.0,blue-collar,married,primary,no,yes,call,23.0,jul,Afternoon,4.0,4.0,0.0,,no,-89.0,78.08476095753352,6.558926140235766,no
154299.0,30.0,management,single,tertiary,yes,no,call,15.0,may,Afternoon,1.0,1.0,0.0,,no,1692.0,,5.384185149945775,no
153336.0,34.0,blue-collar,married,primary,yes,no,call,13.0,may,Night,2.0,2.0,0.0,,no,3.0,98.9397207388119,5.550166631672652,no
118541.0,36.0,blue-collar,divorced,secondary,yes,no,,13.0,may,morning,1.0,1.0,0.0,,no,719.0,96.09717880388617,4.956494606593719,no
143533.0,43.0,technician,married,secondary,no,yes,call,21.0,nov,Night,2.0,2.0,0.0,,no,282.0,90.1428712106334,5.952457866890275,no
137760.0,31.0,technician,married,secondary,no,No,call,20.0,aug,Afternoon,2.0,2.0,0.0,,no,141.0,109.55742252139488,7.178302054427618,no
144579.0,28.0,admin.,married,secondary,yes,yes,call,30.0,jan,eve,1.0,1.0,2.0,failure,no,-247.0,90.55276354794404,4.867401306194619,no
154036.0,36.0,self-employed,,tertiary,yes,no,call,15.0,may,Morning,1.0,1.0,1.0,failure,no,577.0,93.47078631953187,4.195849986147776,no
139783.0,34.0,technician,married,secondary,no,no,call,29.0,aug,eve,4.0,4.0,0.0,,yes,91.0,118.24588727271073,3.748546484713142,no
127262.0,40.0,blue-collar,married,primary,yes,no,,19.0,jun,Evening,3.0,3.0,0.0,,no,117.0,109.507781378768,6.325230624557214,no
151674.0,36.0,blue-collar,married,secondary,yes,no,email,8.0,may,Morning,2.0,2.0,2.0,failure,no,0.0,85.21087098690886,6.189852326536826,no
128372.0,31.0,admin.,single,secondary,no,no,,1.0,jul,Afternoon,1.0,1.0,0.0,,no,43.0,84.8653070532502,5.747734119560861,no
133201.0,32.0,blue-collar,single,secondary,yes,no,call,28.0,jul,morning,4.0,4.0,0.0,,no,82.0,119.13849720159081,7.1497769685845025,no
146972.0,44.0,admin.,divorced,secondary,yes,yes,call,16.0,feb,Night,1.0,1.0,1.0,other,no,397.0,109.80041313471305,4.847165114425938,yes
116241.0,55.0,management,married,tertiary,yes,No,,5.0,may,Morning,3.0,3.0,0.0,,no,685.0,102.96823431936738,4.353771551460539,no
149247.0,50.0,management,married,tertiary,yes,no,call,20.0,apr,Morning,1.0,1.0,0.0,,no,1822.0,89.23048110111311,2.5773705291319393,no
130483.0,30.0,entrepreneur,married,primary,yes,no,call,15.0,jul,morning,3.0,3.0,0.0,,no,2686.0,90.57974654876445,3.3010317730987153,yes
154442.0,38.0,technician,married,tertiary,yes,no,call,15.0,may,morning,2.0,2.0,1.0,other,no,432.0,85.33081322054412,6.8827247448076605,no
116013.0,51.0,blue-collar,married,secondary,yes,no,,5.0,may,Night,1.0,1.0,0.0,,no,26.0,93.95428514622975,6.441832175075008,no
124002.0,60.0,self-employed,single,secondary,yes,no,,,jun,Evening,2.0,2.0,0.0,,no,312.0,113.88295440487768,7.262834744845088,no
130557.0,31.0,unemployed,married,secondary,yes,no,call,15.0,jul,eve,6.0,6.0,0.0,,no,31.0,105.19015032659978,4.60595181425704,no
139658.0,43.0,management,single,tertiary,no,no,email,28.0,aug,Afternoon,1.0,1.0,0.0,,no,946.0,91.62460331054226,5.462927100145125,no
149459.0,48.0,unemployed,married,secondary,yes,yes,call,20.0,apr,Morning,2.0,2.0,1.0,failure,no,3287.0,98.2391040918962,2.9047686529434738,no
133610.0,59.0,management,married,tertiary,no,no,call,29.0,jul,Afternoon,2.0,2.0,0.0,,no,1069.0,99.37352380469704,6.921750668730109,no
130134.0,25.0,services,single,secondary,no,yes,call,14.0,jul,eve,2.0,2.0,0.0,,no,-41.0,88.52072301411472,1.61861953430859,no
131149.0,29.0,unemployed,married,secondary,yes,no,call,17.0,jul,Afternoon,1.0,1.0,0.0,,no,-25.0,87.03762665262293,6.377702227998678,no
144218.0,56.0,management,single,tertiary,yes,no,call,29.0,jan,Evening,1.0,1.0,0.0,,no,545.0,91.24178225060433,5.087156554518237,no
116685.0,31.0,blue-collar,single,secondary,yes,no,,7.0,may,Morning,1.0,1.0,0.0,,no,53.0,101.44707711357125,4.559429424929272,no
120673.0,34.0,management,single,tertiary,no,no,,21.0,may,Afternoon,1.0,1.0,0.0,,no,2015.0,108.73809078095807,5.309186324568724,no
125312.0,50.0,blue-collar,married,primary,yes,no,,6.0,jun,Night ,3.0,3.0,0.0,,no,-294.0,91.09479798781541,5.535636211606081,no
157116.0,37.0,admin.,married,secondary,yes,no,call,21.0,aug,Night,1.0,1.0,10.0,failure,no,1314.0,101.81998926412234,4.591289364005722,no
116711.0,30.0,technician,single,tertiary,yes,no,,7.0,may,eve,1.0,1.0,0.0,,no,3.0,97.92145310421473,4.321617396924833,no
124149.0,42.0,management,married,,yes,no,,2.0,jun,morning,5.0,5.0,0.0,,no,342.0,110.09849631574487,2.974894538415567,no
126176.0,39.0,management,married,,no,No,,12.0,jun,Morning,3.0,3.0,0.0,,no,4800.0,103.6375101557437,4.410453174549519,no
128400.0,50.0,services,married,primary,no,yes,,2.0,jul,Afternoon,1.0,1.0,0.0,,no,-15.0,102.95331505500049,6.425344123592624,no
142932.0,40.0,unemployed,married,secondary,no,no,call,,nov,morning,1.0,1.0,0.0,,no,1872.0,105.87170233826974,5.051746481051495,no
148200.0,30.0,admin.,married,primary,yes,yes,call,16.0,apr,Night,1.0,1.0,0.0,,no,9.0,101.37841313851027,4.408249983216553,no
141285.0,46.0,services,divorced,secondary,yes,no,call,18.0,nov,Morning,5.0,5.0,2.0,failure,no,864.0,98.48272678908157,4.771045503726853,no
154673.0,49.0,blue-collar,married,primary,yes,no,SMS,18.0,may,morning,5.0,5.0,2.0,failure,no,490.0,98.93920726925836,3.094546271987013,no
146256.0,42.0,technician,single,secondary,yes,no,call,5.0,feb,Night ,1.0,1.0,0.0,,no,541.0,107.52686703510601,4.139766854229414,yes
148256.0,36.0,technician,single,secondary,yes,no,call,16.0,apr,eve,5.0,5.0,0.0,,no,2511.0,118.3513765549564,7.18094068978788,yes
119010.0,54.0,blue-collar,married,secondary,yes,no,,14.0,may,morning,16.0,16.0,0.0,,no,1487.0,94.65562976835733,5.766426851304553,no
158413.0,50.0,management,married,tertiary,yes,no,call,18.0,dec,Evening,1.0,1.0,2.0,failure,no,5108.0,109.07467454513578,5.516007910724398,yes
139808.0,49.0,technician,married,secondary,no,no,call,29.0,aug,Night ,2.0,2.0,0.0,,no,10.0,102.75049014598507,2.2808820954789697,no
148969.0,28.0,blue-collar,married,secondary,yes,no,call,20.0,apr,Afternoon,2.0,2.0,0.0,,no,1843.0,101.64287047687442,4.797992057549606,no
160658.0,51.0,housemaid,divorced,primary,no,no,,13.0,sep,Afternoon,1.0,1.0,0.0,,no,127.0,105.96699679167202,3.7671698162390452,no
126334.0,48.0,management,divorced,tertiary,no,yes,,12.0,jun,Night,7.0,7.0,0.0,,no,503.0,93.60164591786172,5.633549035718098,yes
149993.0,47.0,blue-collar,married,primary,yes,No,call,30.0,apr,morning,2.0,2.0,1.0,failure,no,2749.0,106.43128842985125,4.266655381541398,yes
119995.0,43.0,admin.,single,secondary,yes,no,,19.0,may,Night ,2.0,2.0,0.0,,no,445.0,104.28121993304643,7.221677600313425,no
153396.0,47.0,blue-collar,married,,yes,no,call,13.0,may,Evening,4.0,4.0,0.0,,no,878.0,99.4684444925374,3.326276713818383,no
153736.0,23.0,housemaid,single,secondary,yes,no,call,14.0,may,Evening,1.0,1.0,4.0,failure,no,650.0,88.20770604912576,8.90049840787482,no
144529.0,26.0,blue-collar,single,secondary,yes,No,call,29.0,jan,morning,3.0,3.0,5.0,failure,no,249.0,95.65134624989311,5.700890901620937,no
130999.0,43.0,admin.,divorced,secondary,yes,no,call,17.0,jul,Evening,1.0,1.0,0.0,,no,587.0,102.05053842915085,5.969830694785797,no
126016.0,45.0,management,married,tertiary,no,no,,11.0,jun,Night ,1.0,1.0,0.0,,no,,114.8087903450527,3.701671958306116,no
120334.0,32.0,student,single,,yes,No,,20.0,may,eve,1.0,1.0,0.0,,no,1583.0,96.31435728609307,3.921451131992944,no
148577.0,29.0,technician,single,secondary,yes,no,call,17.0,apr,Afternoon,1.0,1.0,3.0,failure,no,205.0,117.65560127856331,2.818436673506998,no
157751.0,35.0,admin.,married,tertiary,no,no,call,16.0,oct,Night,1.0,1.0,0.0,,no,690.0,103.85123717452532,6.101032694200949,no
157789.0,31.0,unemployed,single,secondary,no,no,call,20.0,oct,Night ,1.0,1.0,1.0,failure,no,8304.0,115.61735530790779,5.50273119602657,no
128820.0,31.0,management,married,tertiary,no,,call,7.0,jul,Night,1.0,1.0,0.0,,no,-513.0,82.40630572136493,7.463425644369304,no
159291.0,60.0,blue-collar,married,primary,no,no,,1.0,apr,morning,1.0,1.0,0.0,,no,7929.0,110.83714898079788,5.76971460581894,yes
127564.0,60.0,retired,married,tertiary,no,no,,20.0,jun,Evening,7.0,7.0,0.0,,no,2868.0,97.72565982002628,5.300399508687779,no
158630.0,35.0,technician,,secondary,no,yes,call,27.0,jan,eve,1.0,1.0,0.0,,no,746.0,84.21819353356139,6.860734787288385,no
136579.0,33.0,management,divorced,tertiary,yes,no,call,12.0,aug,Night,3.0,3.0,0.0,,no,2695.0,94.29584576124778,3.490683749777321,no
147085.0,28.0,technician,single,secondary,no,no,call,,feb,Night,1.0,1.0,0.0,,no,1363.0,79.89717997787724,4.549567126132714,yes
136661.0,37.0,management,married,tertiary,no,no,call,13.0,aug,Night,5.0,5.0,0.0,,no,4436.0,89.08095654966193,4.834647366995043,yes
158378.0,41.0,self-employed,single,tertiary,,no,call,14.0,dec,eve,1.0,1.0,3.0,success,no,10346.0,109.53295407869771,7.592630339627009,no
116477.0,35.0,blue-collar,married,primary,yes,no,,6.0,may,morning,2.0,2.0,0.0,,no,0.0,116.460158920005,3.695223495915852,no
136420.0,45.0,blue-collar,,primary,no,No,call,12.0,aug,eve,2.0,2.0,0.0,,no,1951.0,104.94523065963237,3.336331325234673,no
155197.0,32.0,admin.,single,tertiary,yes,no,call,18.0,may,Night,7.0,7.0,0.0,,no,902.0,96.70395248326729,5.673234583990645,no
144735.0,56.0,retired,married,secondary,no,no,SMS,30.0,jan,Evening,1.0,1.0,0.0,,no,1454.0,97.86497999933479,4.671815938603134,no
143700.0,28.0,student,single,secondary,no,no,call,,jan,eve,1.0,1.0,0.0,,no,101.0,108.84232304277587,4.442712021755526,no
150956.0,55.0,admin.,married,secondary,no,no,call,6.0,may,eve,2.0,2.0,0.0,,no,6205.0,96.0783274816469,5.463294066103526,no
149534.0,29.0,blue-collar,married,secondary,yes,no,call,20.0,apr,eve,5.0,5.0,0.0,,no,3007.0,94.12299818407217,4.1207114393187725,no
128193.0,58.0,blue-collar,divorced,secondary,no,no,,25.0,jun,eve,2.0,2.0,0.0,,no,314.0,107.51182670313976,7.1756604271384195,no
127289.0,55.0,technician,married,secondary,no,no,,19.0,jun,Night ,1.0,1.0,0.0,,no,891.0,117.04711490284171,4.675227675864455,no
148158.0,31.0,services,divorced,secondary,yes,no,call,16.0,apr,Night ,1.0,1.0,0.0,,no,81.0,94.75997974893527,3.5575735077205337,no
125508.0,48.0,admin.,divorced,secondary,no,no,,6.0,jun,Evening,2.0,2.0,0.0,,no,2662.0,110.90696117359656,7.774965924409251,no
122639.0,50.0,blue-collar,married,primary,yes,yes,,28.0,may,Evening,7.0,7.0,0.0,,no,1203.0,100.12702657009343,5.05534503421607,no
155155.0,29.0,admin.,single,secondary,yes,no,call,18.0,may,morning,2.0,2.0,6.0,failure,no,596.0,93.50801364319538,6.459738036492949,no
121127.0,34.0,technician,married,secondary,yes,no,,23.0,may,Night ,1.0,1.0,0.0,,no,456.0,97.60234105293748,7.580584099451211,no
148900.0,31.0,technician,single,secondary,yes,yes,call,17.0,apr,eve,3.0,3.0,15.0,other,no,579.0,97.8585085286815,1.176765128041466,no
131606.0,58.0,admin.,married,secondary,yes,No,call,,jul,Morning,1.0,1.0,0.0,,no,1455.0,88.33838556928347,6.676877461558625,no
128845.0,31.0,services,single,secondary,no,no,call,7.0,jul,Morning,3.0,3.0,0.0,,no,8.0,111.92814021491601,5.1348277868026955,no
135144.0,50.0,blue-collar,married,secondary,yes,no,call,6.0,aug,morning,6.0,6.0,0.0,,no,616.0,119.26628439913854,2.518569769760255,no
123604.0,47.0,blue-collar,married,primary,yes,no,,30.0,may,Night,1.0,1.0,0.0,,no,176.0,109.53437829851518,3.356090576667826,no
119151.0,43.0,blue-collar,married,secondary,yes,no,,15.0,may,Afternoon,1.0,1.0,0.0,,no,960.0,103.71385505270206,3.2738454139741813,no
121993.0,31.0,management,married,tertiary,no,no,,27.0,may,Evening,2.0,2.0,0.0,,no,91.0,94.06896278890345,5.767365949624901,no
158909.0,26.0,unemployed,single,secondary,no,no,call,12.0,feb,Morning,1.0,1.0,0.0,,no,632.0,102.24636926976108,3.0893038638389427,yes
122699.0,40.0,management,married,tertiary,no,no,,28.0,may,Evening,2.0,2.0,0.0,,no,384.0,98.87804330645929,1.859117452952697,no
151766.0,46.0,admin.,divorced,secondary,yes,no,call,8.0,may,Night ,1.0,1.0,1.0,failure,no,-637.0,90.9449560312392,3.6100622991439346,no
148775.0,,entrepreneur,married,primary,yes,no,call,17.0,apr,Night ,2.0,2.0,1.0,failure,no,165.0,104.48580582944332,6.870509139890027,no
135879.0,57.0,management,married,tertiary,no,yes,call,8.0,aug,Morning,3.0,3.0,0.0,,no,1963.0,81.249866333412,4.5522789312583365,no
125008.0,37.0,technician,single,secondary,no,no,,5.0,jun,Night ,2.0,2.0,0.0,,no,0.0,99.13625168858049,5.805941062346127,no
156749.0,44.0,self-employed,divorced,tertiary,yes,no,call,12.0,aug,morning,2.0,2.0,3.0,success,no,1070.0,113.07982103640393,4.31482268742748,yes
119733.0,57.0,housemaid,married,primary,yes,no,,16.0,may,Night,3.0,3.0,0.0,,no,260.0,87.3144812406265,4.238248251533756,no
150855.0,30.0,technician,single,tertiary,yes,no,call,6.0,may,morning,2.0,2.0,2.0,failure,no,3.0,94.09270818318926,4.067894825398319,no
156433.0,48.0,services,married,secondary,no,No,call,8.0,jul,Night ,1.0,1.0,0.0,,no,127.0,99.06030106018966,5.3885634648806455,no
130541.0,51.0,entrepreneur,married,secondary,no,yes,call,15.0,jul,morning,3.0,3.0,0.0,,no,-799.0,95.47131789489345,3.697928782098339,yes
159496.0,60.0,technician,married,secondary,yes,yes,call,4.0,may,morning,1.0,1.0,0.0,,no,2389.0,90.48119396763047,5.359816400402179,no
159704.0,37.0,management,married,tertiary,yes,no,call,27.0,may,Afternoon,1.0,1.0,0.0,,no,1967.0,98.28929798361972,5.625669958743927,no
128982.0,26.0,admin.,single,secondary,no,yes,call,8.0,jul,Afternoon,1.0,1.0,0.0,,no,-35.0,119.9206399807672,3.4183607914788614,no
147748.0,38.0,technician,married,tertiary,no,No,call,8.0,apr,Afternoon,2.0,2.0,0.0,,no,206.0,101.1913469398918,3.7652839570719414,yes
133165.0,55.0,retired,married,secondary,yes,no,SMS,28.0,jul,Evening,2.0,2.0,0.0,,no,1126.0,79.29831109449002,4.970617704566265,no
144846.0,37.0,unemployed,married,primary,no,no,call,2.0,feb,eve,1.0,1.0,0.0,,no,941.0,87.43781703707464,5.27248094623784,no
152632.0,32.0,blue-collar,single,secondary,yes,no,call,12.0,may,Evening,1.0,1.0,0.0,,no,235.0,104.5311276428571,3.0292641766129336,no
134350.0,57.0,retired,married,secondary,no,no,call,31.0,jul,Afternoon,9.0,9.0,0.0,,no,1354.0,96.31028691596153,3.4203559802301493,no
127617.0,44.0,services,married,secondary,no,yes,,20.0,jun,Evening,1.0,1.0,0.0,,no,522.0,102.39890354300528,2.5800106953581956,yes
134328.0,54.0,management,married,tertiary,no,no,SMS,31.0,jul,Night ,4.0,4.0,0.0,,no,12.0,98.3437820954435,5.66075689152866,no
118099.0,48.0,blue-collar,single,primary,yes,no,,12.0,may,Evening,3.0,3.0,0.0,,no,396.0,109.09306394818407,5.441609973637486,no
143348.0,44.0,management,married,tertiary,no,yes,call,21.0,nov,Night,2.0,2.0,0.0,,no,-692.0,110.5471633966656,2.390757577958937,no
144140.0,57.0,unemployed,married,primary,no,no,call,29.0,jan,Afternoon,1.0,1.0,0.0,,no,2743.0,95.07888907959841,4.417257942061196,no
150010.0,39.0,housemaid,married,tertiary,no,no,SMS,30.0,apr,Night,4.0,4.0,0.0,,no,2990.0,100.51475814742491,,no
131707.0,46.0,housemaid,married,primary,yes,no,call,21.0,jul,Morning,1.0,1.0,0.0,,no,201.0,104.27530143307206,5.7114406516711105,no
147488.0,39.0,services,divorced,secondary,yes,no,call,,apr,Night,3.0,3.0,0.0,,no,-152.0,103.8450484175893,5.221936516656332,no
154309.0,34.0,technician,single,secondary,yes,yes,call,15.0,may,morning,1.0,1.0,0.0,,no,194.0,105.56563159342228,1.8295615159023275,yes
140649.0,36.0,self-employed,single,secondary,no,No,call,18.0,nov,morning,2.0,2.0,0.0,,no,15.0,98.71198153887268,5.177514324678431,no
122664.0,29.0,management,single,tertiary,yes,no,,28.0,may,morning,1.0,1.0,0.0,,no,5980.0,74.48333126344919,4.49484087884348,no
128290.0,56.0,blue-collar,married,primary,no,no,,,jun,Evening,2.0,2.0,0.0,,no,0.0,102.19208170040858,5.2277428111757365,no
154472.0,37.0,admin.,married,secondary,yes,yes,call,15.0,may,eve,15.0,15.0,0.0,,no,-557.0,114.81890476240017,7.027160786141579,no
146279.0,38.0,blue-collar,single,primary,no,no,call,5.0,feb,Morning,1.0,1.0,0.0,,no,3132.0,112.32084369591449,5.945710663056241,no
122554.0,25.0,admin.,single,secondary,yes,no,,28.0,may,Night ,2.0,2.0,0.0,,no,4590.0,96.87331081942726,5.993325840664859,no
148759.0,30.0,blue-collar,married,secondary,yes,no,call,17.0,apr,morning,3.0,3.0,1.0,failure,no,658.0,101.16543633077035,6.202246111261246,no
120534.0,39.0,services,married,secondary,yes,no,,20.0,may,morning,2.0,2.0,0.0,,no,1438.0,,5.8304700562327705,no
144832.0,42.0,blue-collar,married,secondary,yes,no,SMS,2.0,feb,Afternoon,1.0,1.0,0.0,,no,1288.0,94.47245616336022,4.888472131930546,no
142046.0,30.0,technician,single,secondary,no,no,call,20.0,nov,Evening,7.0,7.0,0.0,,no,458.0,97.63148578591841,5.3711558731866775,no
151610.0,31.0,blue-collar,married,secondary,yes,no,call,8.0,may,Night ,2.0,2.0,1.0,failure,no,8.0,99.39965733253828,3.157411868806099,no
140281.0,34.0,management,single,tertiary,yes,no,call,17.0,nov,Morning,1.0,1.0,0.0,,no,621.0,103.2420192383632,4.756729443882707,no
140763.0,59.0,blue-collar,married,primary,yes,yes,call,18.0,nov,Afternoon,2.0,2.0,1.0,failure,no,14.0,108.41462052696322,6.635414361295125,no
146875.0,44.0,self-employed,married,secondary,yes,no,SMS,9.0,feb,Night ,5.0,5.0,0.0,,no,304.0,116.59092518126587,3.419822785939928,no
128112.0,53.0,blue-collar,married,,,no,,20.0,jun,Morning,4.0,4.0,0.0,,no,-491.0,100.8572868179481,3.8311004537706563,no
159913.0,31.0,blue-collar,single,secondary,yes,no,call,29.0,jun,eve,1.0,1.0,0.0,,no,54.0,93.67489823522124,5.070382239878906,yes
143532.0,47.0,blue-collar,married,primary,no,yes,call,21.0,nov,Night,2.0,2.0,0.0,,no,3451.0,98.76460131633479,4.162248768074452,no
142049.0,40.0,blue-collar,married,secondary,yes,No,call,20.0,nov,Night ,2.0,2.0,0.0,,no,1039.0,101.79477737993658,6.087699686281313,no
152751.0,45.0,technician,married,primary,yes,no,call,12.0,may,Morning,2.0,2.0,0.0,,no,-158.0,115.46375508258329,4.049225615364865,no
138511.0,30.0,management,divorced,tertiary,no,no,call,22.0,aug,Morning,2.0,2.0,0.0,,no,0.0,87.24679716322089,5.656183553895336,no
147471.0,38.0,technician,married,secondary,yes,no,call,3.0,apr,Evening,1.0,1.0,0.0,,no,751.0,93.60272276166214,5.495030406072526,no
129151.0,28.0,management,single,tertiary,yes,yes,call,8.0,jul,Morning,4.0,4.0,0.0,,no,1252.0,97.87145217920174,7.210324588743687,no
117104.0,36.0,blue-collar,single,primary,yes,no,,8.0,may,Night ,1.0,1.0,0.0,,no,,91.29092532004465,8.792907720883584,no
136122.0,31.0,technician,single,tertiary,no,no,call,11.0,,Morning,2.0,2.0,0.0,,no,3194.0,90.11149709178017,4.522564591715687,no
119494.0,52.0,blue-collar,married,secondary,yes,No,,15.0,may,morning,5.0,5.0,0.0,,no,2206.0,86.7194657029925,4.326273864643835,no
120624.0,32.0,blue-collar,married,secondary,yes,no,,20.0,may,Afternoon,2.0,2.0,0.0,,no,2561.0,110.53535911822239,7.8042073847289535,no
118415.0,24.0,blue-collar,single,,yes,No,,13.0,may,morning,2.0,2.0,0.0,,no,11.0,102.99332074691424,6.338686182316375,no
132827.0,30.0,admin.,married,secondary,no,yes,call,25.0,jul,Afternoon,2.0,2.0,0.0,,no,60.0,95.20663024617,2.4027175043745457,no
157659.0,54.0,management,married,tertiary,yes,no,call,13.0,oct,Afternoon,1.0,1.0,0.0,,no,2216.0,114.0017218416376,5.842901681209441,no
143867.0,45.0,blue-collar,married,tertiary,yes,no,call,28.0,jan,Night ,2.0,2.0,0.0,,no,47.0,84.1392303753523,4.754238030290042,no
117036.0,36.0,services,single,secondary,yes,no,,7.0,may,Night,2.0,2.0,0.0,,,248.0,106.01954948581721,3.4627533667878367,no
139268.0,38.0,housemaid,married,primary,no,no,call,27.0,aug,Night,3.0,3.0,0.0,,no,3918.0,108.75911941779042,4.433845864213229,no
161086.0,59.0,management,married,tertiary,yes,yes,call,16.0,nov,Night ,2.0,2.0,5.0,failure,no,138.0,89.17762316559345,2.6008642685696075,no
159421.0,61.0,retired,married,secondary,no,no,call,23.0,apr,Night,1.0,1.0,0.0,,no,483.0,107.13536718440281,6.786994832509938,no
147139.0,54.0,management,married,tertiary,no,no,call,3.0,mar,Night,4.0,4.0,4.0,other,no,446.0,89.32223833821195,5.306854867891465,no
118087.0,31.0,blue-collar,single,primary,yes,no,,12.0,may,Morning,2.0,2.0,0.0,,no,985.0,92.48617129900963,6.093588448048251,no
116007.0,44.0,blue-collar,married,secondary,yes,no,,5.0,may,eve,2.0,2.0,0.0,,no,144.0,110.02069263063493,5.000911608825592,no
146974.0,47.0,entrepreneur,married,tertiary,no,no,call,16.0,feb,Night,2.0,2.0,0.0,,no,0.0,89.90800148192011,6.067866248110331,yes
152317.0,31.0,entrepreneur,married,secondary,yes,yes,call,11.0,may,Afternoon,2.0,2.0,0.0,,no,162.0,125.74237843952305,4.799084094000062,no
151050.0,30.0,services,married,secondary,yes,no,call,7.0,may,Night,1.0,1.0,0.0,,no,0.0,112.85675813706291,4.822552347999685,no
128875.0,46.0,blue-collar,married,primary,no,no,call,7.0,jul,eve,1.0,1.0,0.0,,no,14.0,91.28888606953129,5.458279051781823,no
147879.0,35.0,management,single,tertiary,yes,yes,call,13.0,apr,Night,1.0,1.0,0.0,,no,1599.0,111.73105413671846,4.151704128457517,yes
152155.0,33.0,blue-collar,married,secondary,yes,no,call,11.0,may,Night,1.0,1.0,2.0,failure,no,2366.0,101.83204837038507,5.021914044476434,no
120248.0,27.0,services,single,secondary,yes,no,,19.0,may,eve,7.0,7.0,0.0,,no,4923.0,106.51053024411421,6.423450484730409,no
158280.0,33.0,technician,married,tertiary,no,no,call,30.0,nov,Morning,1.0,1.0,3.0,failure,no,8023.0,97.78769362342592,5.697076896670447,no
136924.0,50.0,services,married,secondary,no,yes,call,14.0,aug,Night ,4.0,4.0,0.0,,no,961.0,96.12346203256993,,no
116869.0,33.0,management,single,tertiary,no,no,,7.0,may,eve,2.0,2.0,0.0,,no,54.0,95.71287300265561,2.119350091340755,no
154465.0,32.0,blue-collar,divorced,secondary,yes,no,call,15.0,may,morning,8.0,8.0,24.0,other,no,201.0,96.13755438655467,2.3920263970806714,no
133341.0,26.0,unemployed,single,tertiary,no,no,call,28.0,jul,morning,2.0,2.0,0.0,,no,102.0,101.11325672185245,5.747185706896955,no
147252.0,26.0,self-employed,single,tertiary,no,yes,call,17.0,mar,Night,2.0,2.0,0.0,,no,657.0,105.19219842793044,6.7572490446769375,no
159461.0,76.0,self-employed,married,,no,no,email,28.0,apr,Afternoon,1.0,1.0,1.0,success,no,4984.0,98.61502676974142,6.582800381402633,yes
118834.0,52.0,entrepreneur,married,tertiary,,yes,,14.0,may,Night,2.0,2.0,0.0,,no,618.0,99.87441191687773,5.994494634106372,no
120108.0,28.0,entrepreneur,single,,yes,no,,19.0,may,Morning,3.0,3.0,0.0,,no,1306.0,81.69776256839663,4.732118616440712,no
140576.0,36.0,blue-collar,married,secondary,yes,no,call,17.0,nov,Night ,2.0,2.0,1.0,failure,no,0.0,107.62006569808163,5.81574043262783,no
159558.0,78.0,retired,married,primary,no,no,SMS,11.0,may,Night,3.0,3.0,0.0,,no,832.0,132.22111444736174,6.5432593141265745,no
138627.0,30.0,management,single,tertiary,no,no,call,25.0,aug,Morning,4.0,4.0,0.0,,no,171.0,98.50220415106337,2.7395262470477566,no
142373.0,33.0,admin.,single,secondary,yes,,call,20.0,nov,Night,1.0,1.0,0.0,,no,-281.0,97.64510597954538,4.71534194639601,no
143243.0,39.0,management,,tertiary,no,yes,call,21.0,nov,morning,1.0,1.0,0.0,,no,1654.0,87.98232586986786,6.848390518345803,no
129410.0,55.0,retired,married,tertiary,yes,no,call,9.0,jul,Night,1.0,1.0,0.0,,no,101.0,113.75215044995785,4.429137269334899,no
135445.0,40.0,technician,single,secondary,no,no,call,7.0,aug,Morning,2.0,2.0,0.0,,no,153.0,88.11954325991636,8.031310997747326,no
159709.0,45.0,technician,married,secondary,no,no,call,27.0,may,Night ,2.0,2.0,0.0,,no,1831.0,72.39282362653317,3.625353566143568,yes
120455.0,32.0,blue-collar,single,primary,no,no,,20.0,may,eve,1.0,1.0,0.0,,no,1660.0,68.6618102471451,2.351212017106418,no
156279.0,45.0,technician,married,secondary,yes,no,call,30.0,jun,Night ,1.0,1.0,0.0,,no,315.0,105.34570535540969,6.297677583012498,no
140314.0,55.0,entrepreneur,divorced,tertiary,no,no,call,17.0,nov,morning,2.0,2.0,3.0,failure,no,1730.0,97.68005000612744,7.488793603327006,no
116311.0,33.0,technician,married,secondary,yes,no,,6.0,may,Afternoon,1.0,1.0,0.0,,yes,72.0,91.2725819370072,7.998837959321758,no
149895.0,42.0,management,married,tertiary,yes,No,call,30.0,apr,Morning,1.0,1.0,2.0,failure,no,6060.0,105.19705173738795,3.984284394527636,yes
142355.0,34.0,management,married,tertiary,yes,no,call,20.0,nov,Morning,1.0,1.0,1.0,success,no,273.0,109.29141012719357,4.364050836983872,no
118678.0,34.0,technician,single,secondary,yes,no,,14.0,may,eve,1.0,1.0,0.0,,no,302.0,94.28375283850852,6.059210826290478,no
138973.0,31.0,self-employed,married,tertiary,no,no,call,26.0,aug,morning,4.0,4.0,0.0,,no,3220.0,110.24638703776581,5.173557875138409,no
143914.0,39.0,management,divorced,tertiary,yes,no,call,28.0,jan,Afternoon,2.0,2.0,0.0,,no,6.0,85.41481349316363,5.740861357756451,no
137343.0,44.0,technician,married,secondary,no,yes,call,18.0,aug,morning,12.0,12.0,0.0,,no,366.0,114.15421238527281,4.50483890014755,no
144522.0,54.0,admin.,married,secondary,no,yes,email,29.0,jan,Night ,4.0,4.0,7.0,failure,no,263.0,109.36385301064415,3.9313192459588375,no
145607.0,45.0,technician,married,secondary,no,yes,call,3.0,feb,eve,2.0,2.0,12.0,failure,no,366.0,107.19349110193414,5.1601110554964364,no
124954.0,37.0,self-employed,married,tertiary,yes,no,,5.0,jun,eve,2.0,2.0,0.0,,no,144.0,99.56477246763262,6.052588972311225,no
148382.0,53.0,management,married,secondary,yes,no,call,17.0,apr,morning,1.0,1.0,0.0,,no,51.0,89.29060971598365,6.4194563814269525,no
130535.0,51.0,services,divorced,secondary,no,yes,call,15.0,jul,Morning,1.0,1.0,0.0,,no,,79.78425222929287,6.891718168399883,yes
127202.0,50.0,unemployed,married,secondary,yes,no,,18.0,jun,eve,6.0,6.0,0.0,,no,193.0,94.49618100224586,7.179764102112076,no
116270.0,33.0,management,married,tertiary,yes,no,,6.0,may,Night ,1.0,1.0,0.0,,no,,96.13764176088185,3.6240165431254576,no
130542.0,37.0,unemployed,single,secondary,yes,no,call,15.0,jul,Evening,1.0,1.0,0.0,,no,1020.0,90.90836312377498,7.058776365255026,no
117696.0,39.0,retired,single,primary,no,no,,9.0,may,eve,1.0,1.0,0.0,,no,-79.0,114.37032890093566,3.352221225268898,no
125727.0,49.0,blue-collar,married,primary,no,no,,9.0,jun,Morning,2.0,2.0,0.0,,no,902.0,107.93910807096195,5.967638552609092,no
128318.0,33.0,services,married,secondary,no,yes,,30.0,jun,Afternoon,3.0,3.0,0.0,,no,740.0,95.25713161787644,4.976614468677356,no
150602.0,30.0,blue-collar,single,secondary,yes,no,call,5.0,may,Afternoon,1.0,1.0,0.0,,no,-390.0,93.73986150013518,4.8106971180521025,no
132963.0,30.0,admin.,single,tertiary,yes,no,call,25.0,jul,eve,1.0,1.0,0.0,,no,33.0,96.50550826086113,3.728786601178542,no
135451.0,57.0,self-employed,married,secondary,no,no,call,7.0,aug,morning,2.0,2.0,0.0,,no,7747.0,97.29274041370958,4.105726859181115,no
116965.0,39.0,blue-collar,single,secondary,yes,no,,7.0,may,Evening,2.0,2.0,0.0,,no,29.0,90.69648956510996,8.018862746261593,no
135500.0,30.0,management,married,tertiary,no,no,call,7.0,aug,Night ,6.0,6.0,0.0,,no,3330.0,111.69508836355739,7.415213507038027,no
133555.0,36.0,unemployed,married,secondary,yes,no,call,29.0,jul,Night,3.0,3.0,0.0,,no,-129.0,91.61890567549543,5.639727134548025,no
140193.0,38.0,entrepreneur,married,secondary,yes,yes,call,17.0,nov,Afternoon,1.0,1.0,0.0,,no,0.0,87.44631759238004,3.6161508685574812,no
146960.0,54.0,management,married,tertiary,yes,no,call,13.0,feb,eve,9.0,9.0,1.0,failure,no,2960.0,98.04190640277437,5.770865315544258,no
137310.0,56.0,blue-collar,married,secondary,no,no,call,18.0,aug,Night ,5.0,5.0,0.0,,no,324.0,91.57092883749937,2.7475150699002864,no
157187.0,42.0,management,married,tertiary,no,no,call,26.0,aug,morning,1.0,1.0,0.0,,no,294.0,108.29914991967118,6.876100711503345,yes
138213.0,47.0,blue-collar,married,secondary,no,no,call,22.0,aug,Night ,6.0,6.0,0.0,,no,11305.0,112.31283780860926,5.1932679825572965,no
118169.0,39.0,blue-collar,,secondary,yes,no,,12.0,may,Morning,5.0,5.0,0.0,,no,23.0,101.53069572745125,4.202765536628083,no
118793.0,45.0,blue-collar,married,primary,yes,no,,14.0,may,Night ,1.0,1.0,0.0,,no,246.0,105.05984229286177,5.05048681458163,no
120337.0,35.0,blue-collar,married,secondary,yes,no,,20.0,may,Evening,1.0,1.0,0.0,,no,4635.0,105.08151695069654,4.557296631097436,no
145799.0,35.0,self-employed,married,tertiary,yes,No,call,4.0,feb,Evening,1.0,1.0,0.0,,no,7990.0,126.67417544094492,4.3594288441019176,no
159643.0,30.0,technician,single,secondary,no,no,call,19.0,may,Evening,2.0,2.0,0.0,,no,3144.0,96.71208049564468,5.494948625771894,yes
125417.0,52.0,retired,married,secondary,no,no,,6.0,jun,Night,2.0,2.0,0.0,,no,1956.0,93.83675789028585,4.472210914198087,no
141085.0,57.0,management,married,tertiary,yes,yes,call,18.0,nov,eve,2.0,2.0,0.0,,no,1357.0,92.24359330747123,3.3560946952701847,no
136555.0,48.0,services,married,secondary,no,no,call,12.0,aug,Night ,7.0,7.0,0.0,,no,1355.0,99.76649262249319,7.153931740865088,no
138728.0,55.0,services,married,primary,no,no,call,25.0,aug,eve,4.0,4.0,0.0,,no,269.0,107.65310442606042,2.6865588345994365,no
129278.0,50.0,technician,married,secondary,yes,no,call,9.0,jul,Night,1.0,1.0,0.0,,no,20.0,120.94836143871059,3.348880892327345,no
148839.0,35.0,management,married,tertiary,yes,no,call,17.0,apr,morning,6.0,6.0,0.0,,no,451.0,100.72358888166825,5.492181158032982,no
143316.0,34.0,unemployed,married,secondary,yes,no,call,21.0,nov,Afternoon,7.0,7.0,0.0,,no,6438.0,101.71401691490156,6.3703547087809875,no
124305.0,30.0,services,married,secondary,no,yes,,3.0,jun,eve,1.0,1.0,0.0,,no,227.0,93.35363052568717,5.077225077129474,no
121935.0,34.0,blue-collar,married,primary,yes,no,,26.0,may,morning,4.0,4.0,0.0,,no,,102.65534174959875,2.389283714940652,no
127668.0,40.0,self-employed,divorced,secondary,no,yes,,20.0,jun,Morning,1.0,1.0,0.0,,no,1876.0,120.03829930768315,4.455307774576526,no
122286.0,40.0,admin.,married,secondary,yes,no,,27.0,may,Night,2.0,2.0,0.0,,no,-666.0,99.556442071539,4.7945548634974715,no
159607.0,26.0,services,married,secondary,no,no,,14.0,may,Night ,1.0,1.0,0.0,,no,104.0,,6.315766957791887,no
120627.0,31.0,blue-collar,married,secondary,yes,no,,20.0,may,Afternoon,2.0,2.0,0.0,,no,897.0,98.43866861423479,4.944652889041731,no
156443.0,59.0,management,married,tertiary,no,no,call,8.0,jul,Afternoon,2.0,2.0,0.0,,no,281.0,113.3609632628417,1.7753464060444708,no
131432.0,30.0,management,single,tertiary,yes,no,call,21.0,jul,morning,2.0,2.0,0.0,,no,382.0,116.93288002981625,5.904928024840937,no
131019.0,39.0,blue-collar,married,secondary,no,no,call,17.0,jul,eve,1.0,1.0,0.0,,no,-99.0,100.88598148335423,7.737245831946665,no
157644.0,21.0,student,single,secondary,no,No,call,12.0,oct,eve,1.0,1.0,0.0,,no,2488.0,90.87781014352792,3.7219209491396557,yes
132038.0,52.0,management,married,secondary,yes,no,call,22.0,jul,Evening,4.0,4.0,0.0,,no,-588.0,95.30692638894182,3.26852164791927,no
128183.0,34.0,technician,married,secondary,no,yes,,25.0,jun,Night ,1.0,1.0,0.0,,no,1.0,101.7671381241632,5.240358099835681,no
148055.0,58.0,retired,divorced,primary,no,yes,call,15.0,apr,Afternoon,1.0,1.0,0.0,,no,2745.0,92.69914091163304,3.627366068285604,no
159021.0,78.0,retired,divorced,secondary,no,No,call,24.0,feb,morning,1.0,1.0,0.0,,no,3219.0,111.94606940459826,5.68335365266333,yes
159303.0,39.0,management,divorced,tertiary,no,no,call,5.0,apr,morning,1.0,1.0,0.0,,no,224.0,84.42745167443746,5.880316979615621,yes
123442.0,27.0,blue-collar,married,,yes,no,,30.0,may,Evening,7.0,7.0,0.0,,no,-442.0,95.01430265429404,4.759962639572369,no
144798.0,66.0,housemaid,married,secondary,no,No,call,2.0,feb,eve,1.0,1.0,0.0,,no,1929.0,93.56997885847164,4.078650027632648,no
127510.0,45.0,technician,married,tertiary,yes,no,,19.0,jun,Afternoon,3.0,3.0,0.0,,no,377.0,108.53434447339389,5.681704923541352,yes
139017.0,39.0,technician,single,secondary,no,no,call,26.0,aug,Night ,3.0,3.0,0.0,,no,69.0,80.50246527957805,6.004902512298163,no
146628.0,35.0,admin.,divorced,secondary,no,yes,call,6.0,feb,Evening,7.0,7.0,1.0,failure,no,183.0,88.22732757974978,5.143418427594962,no
145293.0,54.0,management,married,tertiary,yes,no,call,,feb,eve,3.0,3.0,1.0,other,no,67.0,90.57561952079689,5.57734483506896,no
131344.0,39.0,management,married,primary,yes,yes,call,18.0,jul,Night,3.0,3.0,0.0,,no,738.0,103.58988034793563,5.6215242563367624,no
139918.0,57.0,retired,married,tertiary,no,no,call,29.0,aug,Evening,4.0,4.0,0.0,,no,42.0,94.3994726311967,2.9826667082096807,no
134801.0,37.0,housemaid,married,primary,no,no,call,4.0,aug,morning,1.0,1.0,0.0,,no,2410.0,77.1990638313049,3.78356691352819,no
153819.0,42.0,services,divorced,secondary,yes,no,call,14.0,may,morning,6.0,6.0,1.0,other,no,11177.0,108.90806069833302,4.911959573545288,no
140113.0,57.0,management,married,tertiary,no,no,call,17.0,nov,Evening,1.0,1.0,0.0,,no,1636.0,116.00491975836005,5.6634070277310355,no
135985.0,41.0,housemaid,married,secondary,no,no,call,11.0,aug,Night ,4.0,4.0,0.0,,no,13.0,101.9644458890877,6.469339112777832,no
127679.0,49.0,blue-collar,married,primary,no,no,,20.0,jun,Night ,2.0,2.0,0.0,,no,923.0,108.99711177325167,4.101143828609775,no
139499.0,32.0,technician,divorced,secondary,yes,no,email,28.0,aug,Night,24.0,24.0,0.0,,no,-262.0,92.99295145108441,6.1359864148179755,no
122661.0,29.0,management,single,tertiary,yes,no,,28.0,may,Night ,1.0,1.0,0.0,,no,-158.0,108.35822397020242,2.847714624602166,no
158528.0,34.0,blue-collar,married,primary,no,no,call,13.0,jan,morning,4.0,4.0,1.0,other,no,6718.0,102.83038635071007,3.5907247873848815,no
140119.0,47.0,management,married,tertiary,no,yes,call,17.0,nov,Night ,1.0,1.0,0.0,,no,1028.0,88.5483170182609,6.8114012897033795,no
141556.0,48.0,services,single,secondary,no,no,call,19.0,nov,Afternoon,1.0,1.0,0.0,,no,2749.0,101.65240013390245,3.738438319695386,no
150497.0,37.0,admin.,single,secondary,yes,no,call,5.0,may,Afternoon,3.0,3.0,2.0,failure,no,686.0,88.88987373293341,5.431855192085414,no
136875.0,36.0,technician,married,secondary,no,no,call,14.0,aug,Morning,2.0,2.0,0.0,,no,2394.0,94.07884925971064,6.527910533182171,no
138345.0,33.0,management,,secondary,no,no,call,22.0,aug,Evening,2.0,2.0,0.0,,no,-298.0,114.35952452306917,5.794930009148411,no
136363.0,37.0,management,single,tertiary,no,no,call,12.0,aug,Morning,2.0,2.0,0.0,,no,553.0,85.44130331732522,4.739141977520885,no
153902.0,35.0,technician,married,secondary,yes,no,call,14.0,may,Night ,2.0,2.0,2.0,failure,no,650.0,99.12529271040353,4.418376687610917,no
148126.0,31.0,technician,single,tertiary,yes,no,call,16.0,apr,Night,1.0,1.0,1.0,failure,no,2530.0,99.5233183744956,5.1350080387781185,no
132794.0,34.0,admin.,married,secondary,yes,no,call,25.0,jul,Afternoon,11.0,11.0,0.0,,no,2.0,94.0281617513065,4.987449269435382,no
151146.0,31.0,self-employed,married,tertiary,yes,no,call,7.0,may,Night,1.0,1.0,0.0,,no,259.0,112.50071340836017,1.9909118434786786,no
133049.0,26.0,blue-collar,married,primary,no,yes,call,28.0,jul,morning,3.0,3.0,0.0,,no,40.0,97.00557166674712,,no
141031.0,32.0,management,married,tertiary,no,No,call,18.0,nov,eve,1.0,1.0,0.0,,no,3442.0,99.56602139870608,6.172285984813259,no
124669.0,21.0,blue-collar,single,secondary,yes,yes,,4.0,jun,Night,1.0,1.0,0.0,,yes,-59.0,96.7450578312251,4.630504134603821,no
134419.0,33.0,entrepreneur,single,tertiary,no,yes,call,31.0,jul,morning,3.0,3.0,0.0,,no,99.0,109.6991348054961,3.703581453201779,no
135630.0,32.0,management,married,tertiary,yes,no,call,7.0,aug,eve,3.0,3.0,0.0,,no,183.0,90.13568555979327,3.8880677130699275,no
128197.0,31.0,unemployed,married,secondary,no,no,,25.0,jun,Night,2.0,2.0,0.0,,no,3242.0,111.7836012366894,3.2315301307794653,no
116736.0,37.0,services,single,secondary,yes,no,,7.0,may,Night,1.0,1.0,0.0,,no,-196.0,113.32373440607154,4.105352154178222,no
128581.0,59.0,entrepreneur,married,tertiary,no,No,call,7.0,jul,Evening,2.0,2.0,0.0,,no,1728.0,106.91711089593997,3.6875072195337433,no
140393.0,32.0,technician,married,secondary,yes,no,call,17.0,nov,Evening,1.0,1.0,0.0,,no,5.0,89.89126948616845,3.8207266183146524,no
121287.0,29.0,admin.,single,secondary,,yes,,23.0,may,Morning,1.0,1.0,0.0,,no,468.0,113.09184460765097,2.827735007401497,no
126697.0,41.0,management,married,tertiary,no,no,,17.0,jun,Night,1.0,1.0,0.0,,no,1234.0,96.9577264197841,5.547157281840946,no
132031.0,37.0,admin.,married,secondary,yes,no,call,22.0,jul,Afternoon,3.0,3.0,0.0,,no,2991.0,105.46236430125695,3.5215178646787075,no
151744.0,42.0,management,married,tertiary,yes,yes,SMS,8.0,may,Night,1.0,1.0,0.0,,no,-1.0,110.856235677141,7.405316768744019,no
119883.0,24.0,blue-collar,single,secondary,yes,no,,16.0,may,morning,2.0,2.0,0.0,,no,77.0,101.56904147031649,2.013288736325503,no
149974.0,36.0,management,married,tertiary,yes,no,call,30.0,apr,Afternoon,2.0,2.0,0.0,,no,393.0,121.60160907734564,3.774215888162688,yes
160232.0,69.0,technician,married,tertiary,no,No,call,29.0,jul,Afternoon,1.0,1.0,1.0,failure,no,482.0,103.33549194610885,5.003715385036307,yes
133418.0,56.0,retired,married,primary,no,no,call,29.0,jul,Afternoon,7.0,7.0,0.0,,no,21.0,107.30584988061071,6.730474366625337,no
151894.0,34.0,blue-collar,married,primary,yes,no,SMS,8.0,may,eve,1.0,1.0,0.0,,no,3.0,99.51216298487132,2.392689824641938,no
142436.0,36.0,management,single,tertiary,no,yes,call,20.0,nov,Morning,1.0,1.0,0.0,,no,2032.0,94.68272302163123,6.6352264406588395,yes
118753.0,40.0,self-employed,married,primary,yes,no,,14.0,may,Evening,1.0,1.0,0.0,,no,771.0,86.00029025011335,2.968106626068411,no
125638.0,37.0,unemployed,single,primary,no,no,,9.0,jun,morning,2.0,2.0,0.0,,no,1241.0,99.92569115815144,2.6887423847232546,no
152612.0,51.0,blue-collar,married,primary,yes,no,call,12.0,may,Night,2.0,2.0,3.0,failure,no,42.0,97.29465025446702,5.708489511781296,no
128744.0,48.0,blue-collar,married,primary,no,yes,call,7.0,jul,Night ,1.0,1.0,0.0,,no,14.0,103.3507772816284,4.864309743305662,no
140073.0,35.0,admin.,single,secondary,no,no,SMS,14.0,nov,Evening,1.0,1.0,0.0,,no,943.0,95.80165066375491,3.724667437497222,no
121001.0,33.0,services,married,secondary,yes,no,,21.0,may,Evening,5.0,5.0,0.0,,no,881.0,102.86469863550101,6.7558871296489595,no
145843.0,54.0,management,married,tertiary,yes,yes,call,4.0,feb,eve,2.0,2.0,1.0,failure,no,7249.0,99.7502344569433,6.876888213296562,no
149940.0,31.0,management,single,tertiary,no,no,call,30.0,apr,morning,1.0,1.0,1.0,failure,no,2915.0,85.55627616296613,4.115427532530605,no
157984.0,28.0,student,single,tertiary,no,no,email,30.0,oct,Night,2.0,2.0,0.0,,no,3717.0,103.01212874544024,6.180809773118483,no
128453.0,35.0,technician,divorced,secondary,no,no,,3.0,jul,Evening,1.0,1.0,0.0,,no,2.0,122.81604037644101,1.9380080301294917,no
130320.0,53.0,technician,single,tertiary,no,no,call,14.0,jul,Night,3.0,3.0,0.0,,no,,113.62758098954521,5.518909487280961,no
129453.0,39.0,blue-collar,married,primary,no,no,call,9.0,jul,Morning,1.0,1.0,0.0,,no,3324.0,94.60259107249351,4.507081642541211,no
141297.0,42.0,blue-collar,married,secondary,yes,yes,call,18.0,nov,Evening,1.0,1.0,0.0,,no,1540.0,110.67192860189712,7.837044756437859,no
142064.0,31.0,blue-collar,married,primary,no,no,email,20.0,nov,Night ,1.0,1.0,0.0,,no,347.0,101.25744372671765,6.9087193331693015,no
151458.0,45.0,services,divorced,secondary,yes,yes,call,7.0,may,Morning,3.0,3.0,30.0,failure,no,608.0,109.80469691866254,5.478990668979951,yes
146682.0,32.0,student,single,,no,no,call,6.0,feb,Night ,8.0,8.0,0.0,,no,4110.0,112.98283480170464,4.39383071637905,no
134281.0,35.0,blue-collar,married,secondary,no,no,call,31.0,jul,Night ,2.0,2.0,0.0,,no,86.0,88.39879279993923,3.9331776492687927,no
160247.0,27.0,technician,single,secondary,no,no,call,30.0,jul,eve,1.0,1.0,1.0,other,no,842.0,98.39114233349434,3.865293351228373,no
126718.0,39.0,self-employed,married,secondary,yes,no,,17.0,jun,Afternoon,1.0,1.0,0.0,,no,4722.0,109.39585740803003,5.102177958546884,no
118634.0,57.0,services,single,secondary,yes,no,,14.0,may,Night ,2.0,2.0,0.0,,no,2236.0,100.13419742895505,5.420606579596855,no
116707.0,45.0,blue-collar,married,primary,yes,no,,7.0,may,morning,3.0,3.0,0.0,,no,97.0,93.75512100727413,5.852277067975466,no
155594.0,,management,married,tertiary,no,no,call,27.0,may,eve,1.0,1.0,0.0,,no,7818.0,94.26987441873608,4.511986910380319,yes
154475.0,34.0,technician,married,secondary,yes,no,call,15.0,may,Night,2.0,2.0,6.0,other,no,393.0,101.37014845525397,3.6057491634752257,no
134595.0,37.0,self-employed,married,secondary,yes,no,call,31.0,jul,morning,16.0,16.0,0.0,,no,4153.0,97.50680935354272,6.203404366165373,no
148266.0,47.0,management,married,secondary,yes,no,call,16.0,apr,eve,2.0,2.0,0.0,,no,5012.0,93.76585107593728,4.775158098214507,no
152245.0,39.0,blue-collar,divorced,secondary,yes,No,call,11.0,may,Morning,2.0,2.0,1.0,other,no,0.0,68.83215541452444,2.603651027899969,no
121588.0,37.0,services,married,primary,yes,no,,26.0,may,Night ,1.0,1.0,0.0,,no,0.0,104.03067508339313,5.837136288929396,no
144892.0,26.0,technician,single,secondary,no,no,call,2.0,feb,Evening,1.0,1.0,1.0,failure,no,3244.0,104.29801299544421,,no
152990.0,59.0,blue-collar,divorced,secondary,yes,No,call,13.0,may,Morning,1.0,1.0,0.0,,no,61.0,93.54334988494074,7.7882097354135045,no
136659.0,56.0,admin.,married,,no,no,call,13.0,aug,morning,2.0,2.0,0.0,,no,1784.0,108.19414844363402,5.575043474551948,no
140233.0,54.0,admin.,married,secondary,yes,no,call,17.0,nov,Night,1.0,1.0,0.0,,no,865.0,91.58919227584327,6.123505439450636,no
152659.0,33.0,blue-collar,married,secondary,yes,no,call,12.0,may,morning,1.0,1.0,0.0,,no,1240.0,101.08094605920085,5.0163379866585105,yes
153251.0,35.0,self-employed,single,tertiary,no,yes,call,13.0,may,eve,1.0,1.0,0.0,,no,670.0,92.74676529068331,7.029547966006364,no
142749.0,41.0,management,married,tertiary,no,no,call,20.0,nov,morning,2.0,2.0,0.0,,no,5883.0,107.82086277454488,6.999925695543646,no
146090.0,29.0,blue-collar,single,secondary,yes,no,call,5.0,feb,Afternoon,9.0,9.0,1.0,failure,no,0.0,89.23811975586561,5.40103632177519,no
155906.0,44.0,management,married,tertiary,no,no,call,3.0,jun,Morning,6.0,6.0,5.0,success,no,423.0,85.27049584581655,3.085396093569109,no
153629.0,30.0,blue-collar,married,secondary,yes,yes,call,14.0,may,Morning,1.0,1.0,2.0,failure,no,15.0,,5.027647924307223,no
144947.0,31.0,services,single,secondary,no,yes,call,2.0,feb,eve,1.0,1.0,0.0,,no,469.0,99.27321442520507,4.597137270710086,no
155678.0,49.0,admin.,married,secondary,no,no,call,1.0,jun,eve,1.0,1.0,0.0,,no,0.0,96.93938045887019,4.72936012087548,yes
153994.0,30.0,services,married,secondary,yes,no,call,15.0,may,Night,5.0,5.0,0.0,,no,637.0,106.21738108898751,4.316021193299716,no
151752.0,,management,married,tertiary,yes,no,call,8.0,may,Night,2.0,2.0,1.0,failure,no,935.0,108.61237326216296,3.6898958219385785,no
143329.0,51.0,management,married,tertiary,yes,no,call,21.0,nov,morning,2.0,2.0,0.0,,no,4.0,110.35405762277615,4.765351122945923,no
150741.0,31.0,student,single,,yes,no,call,6.0,may,Morning,2.0,2.0,0.0,,no,2882.0,83.02153630407197,1.274687948929675,no
136343.0,46.0,unemployed,married,secondary,yes,no,call,,aug,eve,2.0,2.0,0.0,,no,3533.0,100.27782831631885,3.8226903918476456,no
153463.0,44.0,services,divorced,secondary,yes,no,call,14.0,may,Night ,1.0,1.0,1.0,failure,no,130.0,101.76876191954491,2.888034073077465,no
149601.0,34.0,services,married,secondary,yes,no,call,21.0,apr,morning,1.0,1.0,0.0,,no,0.0,100.32792556575144,6.090496783700786,no
117158.0,32.0,technician,single,secondary,yes,no,,8.0,may,Afternoon,1.0,1.0,0.0,,no,10.0,112.82169010668093,4.671094999280723,no
132859.0,48.0,self-employed,divorced,tertiary,no,yes,call,25.0,jul,morning,1.0,1.0,0.0,,no,103.0,90.28523832867346,5.923954794330258,no
129516.0,49.0,unemployed,divorced,secondary,no,no,call,9.0,jul,morning,3.0,3.0,0.0,,no,66.0,78.0214029398378,5.055345463768139,no
150285.0,32.0,management,single,tertiary,no,no,call,4.0,may,Morning,2.0,2.0,0.0,,no,2613.0,90.88716737547153,3.0525041633564127,no
117355.0,42.0,retired,married,primary,yes,no,,8.0,may,Evening,2.0,2.0,0.0,,no,0.0,80.5562773766973,5.257216340028366,no
158565.0,30.0,management,single,tertiary,no,no,call,14.0,jan,Afternoon,2.0,2.0,2.0,success,no,536.0,94.37225219595692,5.848673088725156,yes
118126.0,27.0,management,single,tertiary,yes,no,,12.0,may,Night ,2.0,2.0,0.0,,no,2420.0,93.68856653501766,4.7164758143076,no
121034.0,31.0,services,single,secondary,yes,no,,21.0,may,Afternoon,2.0,2.0,0.0,,no,629.0,121.67912889309717,3.801161175054518,no
127146.0,46.0,admin.,married,secondary,no,no,,18.0,jun,Afternoon,1.0,1.0,0.0,,no,126.0,108.60963188101054,4.2365272197573605,yes
142372.0,39.0,management,married,tertiary,yes,no,call,20.0,nov,Night ,2.0,2.0,0.0,,no,225.0,121.82529905486018,2.2865620274881993,no
122626.0,38.0,technician,divorced,secondary,yes,yes,,28.0,may,Morning,1.0,1.0,0.0,,no,1333.0,111.8557491818126,5.278744082991604,no
148391.0,41.0,technician,married,secondary,yes,yes,call,17.0,apr,Afternoon,3.0,3.0,1.0,other,no,442.0,99.83682614210471,4.121743910512825,no
119697.0,32.0,blue-collar,married,secondary,yes,yes,,16.0,may,Evening,1.0,1.0,0.0,,no,1197.0,87.70366739286861,3.137495040414195,no
139313.0,40.0,self-employed,married,secondary,no,no,call,27.0,aug,Morning,3.0,3.0,0.0,,yes,2.0,116.05571148745496,4.572721915745644,no
156059.0,29.0,technician,single,secondary,no,yes,call,5.0,jun,Night ,2.0,2.0,2.0,success,no,5763.0,103.90457135201964,5.935945713622228,no
124514.0,38.0,management,married,tertiary,no,no,,3.0,jun,morning,5.0,5.0,0.0,,no,980.0,96.59103499299069,2.455687626597398,no
127680.0,36.0,management,married,tertiary,yes,no,,20.0,jun,eve,8.0,8.0,0.0,,no,1355.0,84.51035292858768,5.87698327110071,no
120596.0,58.0,blue-collar,married,primary,yes,no,,20.0,may,Night,6.0,6.0,0.0,,no,23.0,94.71703273316815,4.056743085224521,no
146396.0,38.0,housemaid,married,secondary,yes,no,call,5.0,feb,Morning,2.0,2.0,1.0,other,no,333.0,102.26634285013974,5.7848743239745035,no
152650.0,28.0,housemaid,single,secondary,yes,no,call,12.0,may,Evening,2.0,2.0,0.0,,no,1.0,89.80811393528998,3.1297763150124,no
156652.0,46.0,blue-collar,married,secondary,yes,no,call,10.0,aug,Afternoon,1.0,1.0,1.0,failure,no,4855.0,100.05229794168417,3.3871225873782977,no
144586.0,35.0,services,single,secondary,no,no,call,30.0,jan,Night,1.0,1.0,0.0,,no,49.0,98.06575309532398,6.601906509250645,no
159400.0,74.0,retired,married,tertiary,no,no,email,20.0,apr,Evening,2.0,2.0,3.0,failure,no,4912.0,93.94281967985911,5.281320564787333,no
128099.0,40.0,blue-collar,married,primary,no,no,,20.0,jun,Afternoon,3.0,3.0,0.0,,no,238.0,82.43095069782063,4.551125146360251,no
124186.0,31.0,blue-collar,married,secondary,yes,no,,2.0,jun,morning,2.0,2.0,0.0,,no,-617.0,74.38771891684453,4.425239988290937,no
147859.0,60.0,management,married,primary,yes,yes,call,13.0,apr,morning,2.0,2.0,3.0,failure,no,252.0,98.86109598867175,4.378509544526357,no
136260.0,41.0,management,married,tertiary,no,no,call,11.0,aug,Night ,5.0,5.0,0.0,,no,0.0,113.88353866294906,3.992067520549072,yes
155557.0,34.0,admin.,married,secondary,yes,no,call,27.0,may,morning,1.0,1.0,0.0,,no,1406.0,107.04676207079655,3.544946892086844,yes
161027.0,53.0,blue-collar,married,primary,no,No,,28.0,oct,morning,1.0,1.0,0.0,,no,1294.0,91.92723520883914,6.490844643259962,no
120192.0,50.0,blue-collar,married,secondary,yes,yes,,19.0,may,Night ,13.0,13.0,0.0,,no,170.0,112.61934232227071,6.447389005272962,no
143763.0,38.0,technician,single,secondary,yes,no,call,28.0,jan,Night,1.0,1.0,0.0,,no,275.0,86.05373958025064,4.911603451171141,no
151381.0,28.0,technician,single,secondary,yes,yes,call,7.0,may,morning,2.0,2.0,2.0,other,no,417.0,81.90321847573522,6.336962608200842,no
160452.0,37.0,technician,married,tertiary,no,no,call,13.0,aug,Morning,3.0,3.0,3.0,success,no,341.0,115.09893379464926,6.852391557194355,yes
133946.0,38.0,unemployed,single,secondary,yes,No,call,30.0,jul,Evening,4.0,4.0,0.0,,no,223.0,93.72059290547475,6.685304025375602,no
127076.0,54.0,housemaid,married,primary,no,no,,18.0,jun,morning,1.0,1.0,0.0,,no,5048.0,101.76198894538136,4.165640192600313,no
127537.0,45.0,entrepreneur,married,tertiary,yes,no,,20.0,jun,Morning,2.0,2.0,0.0,,no,0.0,85.93918180791987,6.736663844361806,no
160729.0,35.0,management,single,tertiary,no,,,20.0,sep,eve,1.0,1.0,2.0,failure,no,151.0,85.18958498319225,3.6506237405469726,no
144437.0,33.0,services,single,secondary,yes,no,call,29.0,jan,Evening,2.0,2.0,3.0,success,no,772.0,113.28452622348398,4.979026581835452,no
127303.0,44.0,management,married,secondary,no,no,,19.0,jun,Morning,1.0,1.0,0.0,,no,11972.0,95.90946547797734,4.684621656429276,no
127675.0,43.0,services,single,tertiary,yes,no,,20.0,jun,Afternoon,2.0,2.0,0.0,,no,126.0,105.44968404725172,4.570584440542218,no
127232.0,44.0,services,divorced,secondary,no,yes,,18.0,jun,Night,2.0,2.0,0.0,,no,20541.0,93.41530808172813,2.5875251214697594,no
116645.0,55.0,unemployed,married,tertiary,no,no,,6.0,may,Afternoon,3.0,3.0,0.0,,no,383.0,94.37003307598363,4.916202951159215,no
138672.0,34.0,management,married,tertiary,no,no,call,25.0,aug,Afternoon,4.0,4.0,0.0,,no,169.0,96.438891797231,6.0361004758789445,no
141764.0,55.0,management,married,tertiary,no,no,call,19.0,nov,Afternoon,2.0,2.0,0.0,,no,540.0,100.93517829773054,6.754237284149302,no
118577.0,53.0,retired,divorced,tertiary,yes,no,,13.0,may,eve,3.0,3.0,0.0,,no,599.0,103.68565202362078,4.992652568345472,no
121091.0,36.0,blue-collar,married,primary,no,no,,21.0,may,Night,6.0,6.0,0.0,,no,-402.0,89.10399561861222,6.363305104056296,no
126347.0,47.0,retired,divorced,primary,no,no,,12.0,jun,Afternoon,4.0,4.0,0.0,,no,2576.0,104.58901164704012,7.194094910703985,no
131137.0,58.0,technician,married,tertiary,yes,no,email,17.0,jul,Night ,5.0,5.0,0.0,,no,1692.0,91.37798276296326,5.150292647987205,no
158106.0,26.0,management,single,tertiary,no,no,call,11.0,nov,Afternoon,1.0,1.0,1.0,success,no,943.0,95.22009218122194,6.1141731673101125,yes
152769.0,45.0,blue-collar,married,secondary,yes,yes,call,12.0,may,Afternoon,2.0,2.0,0.0,,no,3092.0,84.98148185975863,2.5141378435067163,no
158913.0,52.0,management,married,tertiary,no,no,call,12.0,feb,Night,3.0,3.0,0.0,,no,4675.0,110.49093812020013,3.20694215027625,yes
151280.0,36.0,blue-collar,married,secondary,yes,no,call,7.0,may,eve,1.0,1.0,0.0,,no,0.0,102.9552344662938,3.3607414596094594,no
145104.0,43.0,technician,single,secondary,yes,no,call,2.0,feb,eve,2.0,2.0,0.0,,no,257.0,98.86910684770434,3.3274046380398445,no
138836.0,35.0,management,married,tertiary,no,no,call,26.0,aug,morning,4.0,4.0,0.0,,no,1285.0,110.83674121689317,4.904587241895343,no
147312.0,47.0,management,married,tertiary,yes,no,call,27.0,mar,Night,2.0,2.0,0.0,,no,649.0,114.68784006936338,4.114909931764245,no
146248.0,34.0,management,single,tertiary,,no,call,5.0,feb,Night,1.0,1.0,0.0,,no,0.0,95.72482462787902,6.9403113969745265,no
123920.0,35.0,admin.,,secondary,yes,no,,2.0,jun,morning,4.0,4.0,0.0,,no,-488.0,102.71924246562563,6.11418979028424,no
122234.0,38.0,management,single,tertiary,yes,no,,27.0,may,eve,2.0,2.0,0.0,,,16957.0,87.73892896953609,5.6199881843471475,no
150873.0,29.0,technician,single,tertiary,yes,yes,call,6.0,may,Night,1.0,1.0,9.0,failure,no,-803.0,87.74764247005957,5.837534479619481,no
118143.0,40.0,technician,married,secondary,yes,yes,,12.0,may,Afternoon,11.0,11.0,0.0,,no,2576.0,108.96695959700625,5.697530179833989,no
117522.0,53.0,entrepreneur,married,secondary,,no,,9.0,may,Evening,3.0,3.0,0.0,,no,-118.0,93.74830075831048,2.0436036223560268,no
149610.0,31.0,management,single,tertiary,no,no,call,21.0,apr,Night,2.0,2.0,0.0,,no,354.0,105.74773098571187,3.4681426361874608,yes
122261.0,53.0,blue-collar,single,,yes,,,27.0,may,Night,2.0,2.0,0.0,,no,,113.37516978612804,4.259873770599933,no
153583.0,28.0,blue-collar,married,secondary,yes,no,call,14.0,may,Afternoon,9.0,9.0,1.0,failure,no,373.0,109.48896879280217,5.917979210909575,no
145915.0,52.0,self-employed,married,primary,yes,no,call,4.0,feb,Night,2.0,2.0,0.0,,no,,109.73114655975846,,no
128123.0,40.0,blue-collar,married,secondary,yes,yes,,20.0,jun,eve,8.0,8.0,0.0,,no,925.0,109.55140048589222,8.378364809963935,no
134229.0,37.0,blue-collar,married,primary,no,yes,call,,jul,Afternoon,26.0,26.0,0.0,,no,153.0,109.79585543720492,6.343332784160982,no
154075.0,49.0,services,divorced,primary,yes,no,email,15.0,may,Afternoon,1.0,1.0,0.0,,no,400.0,94.06942756458302,5.6814123724906835,no
126471.0,53.0,housemaid,married,secondary,yes,no,,16.0,jun,morning,2.0,2.0,0.0,,no,2406.0,112.49963465298444,7.382472212994979,no
127756.0,41.0,self-employed,divorced,tertiary,no,no,,20.0,jun,Night ,3.0,3.0,0.0,,no,-319.0,96.1594422781501,3.264467501636134,no
133331.0,39.0,services,married,secondary,yes,yes,call,28.0,jul,morning,2.0,2.0,0.0,,no,823.0,116.12596248454106,4.41302127717132,no
158760.0,59.0,housemaid,married,secondary,no,no,email,3.0,feb,Morning,1.0,1.0,4.0,failure,no,0.0,84.65797944882488,7.160874099653139,no
126384.0,36.0,services,married,secondary,no,no,,16.0,jun,Evening,5.0,5.0,0.0,,no,5000.0,100.93958731030833,5.13573216914564,no
127283.0,58.0,blue-collar,married,primary,yes,no,,19.0,,Afternoon,1.0,1.0,0.0,,no,0.0,98.91961077643587,5.209882938528961,no
153663.0,33.0,technician,single,secondary,yes,no,call,14.0,may,Night ,2.0,2.0,0.0,,no,716.0,96.34995278861311,3.145102829842247,no
160940.0,32.0,student,single,tertiary,no,no,call,18.0,oct,eve,2.0,2.0,0.0,,no,922.0,102.97940834886607,3.66866769980271,no
140552.0,50.0,management,divorced,tertiary,no,no,call,17.0,nov,eve,3.0,3.0,0.0,,no,299.0,119.93869717638745,4.646212617986361,no
137761.0,42.0,management,single,tertiary,no,no,call,20.0,aug,Night,8.0,8.0,0.0,,no,227.0,77.16541335916334,5.006104377158193,no
116422.0,44.0,blue-collar,married,primary,no,no,,6.0,may,Night ,1.0,1.0,0.0,,no,213.0,93.0653951819481,4.287135115064817,no
158827.0,30.0,management,married,tertiary,no,no,call,8.0,feb,eve,3.0,3.0,1.0,other,no,1996.0,95.44290924504502,6.202049825612774,yes
149894.0,37.0,unemployed,married,tertiary,no,no,call,30.0,apr,morning,1.0,1.0,0.0,,no,1851.0,100.57498200665113,6.80444046973655,no
160764.0,30.0,technician,single,secondary,no,no,call,23.0,sep,morning,1.0,1.0,6.0,failure,no,1532.0,118.82115120514092,5.277286569775956,no
128742.0,57.0,blue-collar,married,primary,no,yes,call,7.0,jul,morning,12.0,12.0,0.0,,no,282.0,98.96434651522841,5.90146221673244,no
125122.0,44.0,unemployed,married,primary,yes,no,,5.0,jun,Afternoon,3.0,3.0,0.0,,no,97.0,113.62035828966265,4.975107288852822,no
148594.0,30.0,blue-collar,married,secondary,yes,no,call,17.0,apr,Evening,1.0,1.0,0.0,,no,-6.0,107.42490038019174,6.632729139014851,no
144380.0,58.0,blue-collar,married,secondary,yes,no,call,29.0,jan,morning,2.0,2.0,4.0,failure,no,1298.0,116.96764113352029,7.672268259684298,no
133141.0,,management,married,secondary,yes,no,call,28.0,jul,Afternoon,2.0,2.0,0.0,,no,1066.0,108.9362056025943,5.699480477322041,no
153942.0,41.0,unemployed,single,secondary,yes,no,SMS,14.0,may,Evening,5.0,5.0,0.0,,no,315.0,94.92130512991332,4.806744239991749,no
156530.0,30.0,management,single,tertiary,no,no,call,5.0,aug,Morning,2.0,2.0,0.0,,no,685.0,76.21190263895267,4.678397139410709,no
117009.0,50.0,blue-collar,divorced,primary,yes,no,,7.0,may,Morning,1.0,1.0,0.0,,no,149.0,115.46486773626594,4.886606389393529,no
123638.0,44.0,technician,married,secondary,yes,no,,30.0,may,Night,2.0,2.0,0.0,,no,561.0,108.42058021443067,6.532602924281365,no
122547.0,41.0,management,married,primary,yes,yes,,28.0,may,morning,2.0,2.0,0.0,,no,-679.0,93.27875569268373,3.8601617391775713,no
118371.0,59.0,management,divorced,primary,yes,No,,,may,Night ,1.0,1.0,0.0,,no,13308.0,97.63466313034863,6.227413397866545,no
139149.0,51.0,blue-collar,married,secondary,yes,yes,SMS,27.0,aug,Night ,2.0,2.0,0.0,,no,16.0,115.0464852018699,4.547701781099033,no
157129.0,71.0,retired,divorced,secondary,no,no,call,21.0,aug,Night,3.0,3.0,0.0,,no,5584.0,95.42615619397402,2.6340145975172837,yes
137624.0,41.0,management,married,tertiary,no,no,call,19.0,aug,Night ,7.0,7.0,0.0,,no,30.0,102.97040070834748,1.7013544701702918,no
142648.0,33.0,blue-collar,married,secondary,yes,no,call,20.0,nov,Night,1.0,1.0,0.0,,no,2994.0,104.54889278520506,5.420723854507916,no
156761.0,36.0,management,single,tertiary,yes,no,call,12.0,aug,Evening,2.0,2.0,4.0,failure,no,3850.0,100.84368988364483,2.7815285579485987,yes
126585.0,55.0,management,married,tertiary,no,no,,16.0,jun,Night ,2.0,2.0,0.0,,no,0.0,105.75279917258541,3.9980802234888873,no
138151.0,34.0,management,single,tertiary,no,yes,call,21.0,aug,Night ,4.0,4.0,0.0,,no,197.0,79.23190180657517,5.851611447304655,no
121580.0,44.0,blue-collar,married,secondary,yes,yes,,26.0,may,Evening,1.0,1.0,0.0,,no,-54.0,102.52301659626886,0.4065701795043388,no
134390.0,39.0,management,single,primary,no,no,email,31.0,jul,morning,2.0,2.0,0.0,,no,375.0,106.65459878101476,4.759373488426531,no
143520.0,35.0,technician,single,secondary,yes,no,call,21.0,nov,eve,3.0,3.0,2.0,failure,no,1183.0,108.57293482876054,4.812716955365633,no
119765.0,47.0,technician,married,tertiary,yes,no,,16.0,may,Afternoon,1.0,1.0,0.0,,no,282.0,80.71115532138234,4.605307002257114,no
120379.0,31.0,admin.,single,secondary,yes,yes,,20.0,may,morning,2.0,2.0,0.0,,no,160.0,120.22554482792701,8.639706505479042,no
121010.0,32.0,blue-collar,married,secondary,yes,no,,21.0,may,Night ,2.0,2.0,0.0,,no,920.0,93.98416403536199,3.436023300206913,no
138421.0,60.0,retired,married,secondary,no,no,call,22.0,aug,eve,4.0,4.0,0.0,,no,30.0,90.49091095284494,6.998508771738001,no
122583.0,27.0,technician,single,secondary,yes,no,,28.0,may,Evening,1.0,1.0,0.0,,no,2430.0,98.68700766420518,,no
127071.0,44.0,blue-collar,married,primary,no,no,,18.0,jun,Evening,1.0,1.0,0.0,,no,2791.0,114.86019201393225,5.865167849110457,no
146380.0,64.0,management,married,tertiary,no,no,SMS,5.0,feb,Afternoon,7.0,7.0,0.0,,no,6251.0,96.77580436144424,2.023753040409402,no
153450.0,33.0,management,married,secondary,yes,No,call,14.0,may,Morning,2.0,2.0,8.0,other,no,-224.0,,4.445662584395131,no
151266.0,57.0,retired,married,secondary,yes,no,call,7.0,may,Evening,1.0,1.0,0.0,,no,455.0,99.431588337735,4.156729662214076,no
130676.0,34.0,blue-collar,single,secondary,yes,no,call,16.0,jul,Afternoon,1.0,1.0,0.0,,no,855.0,111.32828109767455,3.6805989278663764,yes
143888.0,58.0,technician,married,secondary,no,no,call,28.0,jan,eve,2.0,2.0,0.0,,no,1.0,81.33087406380068,3.3700369557887595,no
152582.0,56.0,blue-collar,married,primary,yes,no,email,12.0,may,Afternoon,4.0,4.0,0.0,,no,351.0,96.39175302343811,6.7432702715908945,no
128493.0,26.0,blue-collar,married,secondary,no,no,,4.0,jul,Evening,1.0,1.0,0.0,,no,128.0,105.08297298623327,6.324995119987777,no
145046.0,33.0,management,single,tertiary,yes,no,call,2.0,feb,Evening,1.0,1.0,3.0,failure,no,474.0,102.1204400497541,4.39486219841032,no
119097.0,27.0,services,married,secondary,yes,no,,15.0,may,Evening,6.0,6.0,0.0,,no,0.0,98.02787141898104,3.2411829293616488,no
124602.0,36.0,technician,single,secondary,yes,no,,4.0,jun,Morning,1.0,1.0,0.0,,no,7503.0,106.33999027612163,2.199477547528131,no
155190.0,28.0,admin.,married,secondary,yes,yes,call,18.0,may,morning,6.0,6.0,0.0,,,576.0,97.47651688735637,5.367054111427443,no
154269.0,24.0,admin.,single,secondary,yes,yes,call,15.0,may,Afternoon,1.0,1.0,0.0,,no,926.0,114.3307212613733,5.048845454133148,no
128004.0,49.0,,married,tertiary,,no,,20.0,jun,eve,15.0,15.0,0.0,,no,325.0,96.4808381817852,6.692219275581984,no
124394.0,33.0,services,single,secondary,yes,No,,3.0,jun,eve,3.0,3.0,0.0,,no,6531.0,96.76917954587356,6.167680723084992,no
126465.0,55.0,blue-collar,married,secondary,no,no,,16.0,jun,Afternoon,3.0,3.0,0.0,,no,0.0,103.50318333256614,7.21405765599854,no
157553.0,39.0,management,married,tertiary,no,no,call,1.0,oct,Night ,1.0,1.0,0.0,,no,24.0,111.35821778221248,5.2954881031624135,no
132410.0,51.0,admin.,married,secondary,yes,yes,email,23.0,jul,Morning,15.0,15.0,0.0,,no,52.0,91.64709624142601,6.263746705864964,no
125654.0,51.0,services,married,secondary,no,no,,9.0,jun,Afternoon,5.0,5.0,0.0,,no,-467.0,87.51911705822793,4.312803510571717,no
139336.0,48.0,admin.,married,secondary,no,no,call,28.0,aug,Night ,21.0,21.0,0.0,,no,844.0,92.7962423715862,4.641183765423647,no
147530.0,47.0,admin.,single,secondary,yes,no,call,6.0,apr,Morning,1.0,1.0,1.0,failure,no,1544.0,77.35478765324768,4.940905214393223,no
142666.0,45.0,blue-collar,married,primary,yes,no,call,20.0,nov,Night,2.0,2.0,0.0,,no,5461.0,112.10983578389113,5.86492500841921,yes
158979.0,59.0,unemployed,divorced,secondary,no,no,call,22.0,feb,Night ,1.0,1.0,1.0,failure,no,7469.0,101.43629101481463,4.470282624593847,no
139612.0,60.0,retired,married,secondary,no,no,call,28.0,aug,Night ,3.0,3.0,0.0,,no,4.0,103.17618036871237,5.2651022593277865,no
155766.0,52.0,technician,divorced,secondary,yes,no,call,2.0,jun,Evening,1.0,1.0,0.0,,no,1005.0,100.96712654569698,5.569935225008703,yes
136652.0,53.0,technician,married,secondary,no,yes,call,13.0,aug,Night,2.0,2.0,0.0,,no,230.0,113.59410700563143,4.53867948577207,no
122757.0,34.0,technician,married,secondary,no,no,,28.0,may,Night ,3.0,3.0,0.0,,no,1246.0,101.00836182570471,3.1806679766541466,no
156010.0,24.0,student,single,,no,no,call,4.0,jun,morning,1.0,1.0,0.0,,no,1693.0,96.71246969304218,6.697196524352178,no
123722.0,36.0,blue-collar,married,secondary,yes,no,,30.0,may,Afternoon,2.0,2.0,0.0,,no,429.0,104.04720833412111,5.727390607357453,no
140267.0,59.0,retired,married,tertiary,yes,no,,17.0,nov,morning,1.0,1.0,0.0,,no,135.0,103.29510406267869,4.711774770840725,no
129030.0,27.0,management,single,tertiary,no,yes,call,8.0,jul,eve,1.0,1.0,0.0,,yes,0.0,98.85338569513502,3.8113850193941667,no
117933.0,57.0,management,divorced,secondary,yes,yes,,12.0,may,eve,6.0,6.0,0.0,,no,0.0,109.13037619188776,6.87782580860886,no
131883.0,29.0,blue-collar,married,primary,yes,No,call,22.0,jul,Evening,1.0,1.0,0.0,,no,-235.0,95.28943390428306,6.152220500780285,no
149366.0,28.0,unemployed,married,secondary,yes,no,call,20.0,apr,eve,1.0,1.0,3.0,failure,no,293.0,117.62537709624667,6.047706255517962,no
136804.0,47.0,technician,married,,yes,no,call,,aug,morning,3.0,3.0,0.0,,no,599.0,75.67736628272309,5.37922919471036,no
155555.0,,admin.,married,secondary,no,No,call,27.0,may,Night ,1.0,1.0,1.0,success,no,1967.0,113.57095041672986,5.291831682431321,yes
126298.0,56.0,blue-collar,married,secondary,no,yes,,12.0,jun,morning,1.0,1.0,0.0,,no,2190.0,95.3039349501775,2.4130978056416867,no
142457.0,38.0,entrepreneur,married,tertiary,yes,no,call,20.0,nov,Afternoon,2.0,2.0,2.0,failure,no,1110.0,87.83074091181611,4.0342804530441425,yes
116088.0,38.0,services,,secondary,yes,No,,5.0,may,Morning,1.0,1.0,0.0,,no,155.0,96.05248981031447,3.2762000992958105,no
144984.0,48.0,services,married,secondary,yes,yes,call,2.0,feb,Morning,1.0,1.0,1.0,failure,no,51.0,94.14070580483167,4.9510561686468195,no
129681.0,31.0,services,married,primary,no,No,call,10.0,jul,Evening,1.0,1.0,0.0,,no,46.0,96.4324353851493,7.588293220250485,no
129508.0,29.0,management,single,tertiary,no,yes,call,9.0,jul,Afternoon,1.0,1.0,0.0,,,-223.0,110.13241717558405,6.509317747149164,no
125722.0,39.0,blue-collar,married,primary,no,no,,9.0,jun,Evening,1.0,1.0,0.0,,no,0.0,104.98616407608773,3.5676932081235573,no
122312.0,29.0,management,single,secondary,yes,yes,,27.0,may,Night,2.0,2.0,0.0,,no,0.0,82.96405753684562,4.521606212518559,no
122044.0,56.0,blue-collar,married,primary,yes,no,,27.0,may,Night ,1.0,1.0,0.0,,no,373.0,113.4185033323742,6.832021202992533,no
160242.0,64.0,retired,married,primary,no,no,email,30.0,jul,morning,2.0,2.0,2.0,success,no,12067.0,109.14462078682257,6.557048715131872,yes
153147.0,28.0,housemaid,married,secondary,yes,yes,call,13.0,may,Night ,1.0,1.0,1.0,failure,yes,65.0,106.60744866099517,5.2283454491861,no
124498.0,23.0,blue-collar,single,secondary,yes,,,3.0,jun,Afternoon,1.0,1.0,0.0,,yes,-207.0,96.37271501049094,4.26952499601444,no
139617.0,58.0,blue-collar,married,primary,no,no,call,28.0,aug,eve,25.0,25.0,0.0,,no,6762.0,84.21761491536726,4.644184166010646,no
130538.0,39.0,blue-collar,married,secondary,yes,no,call,15.0,,Afternoon,4.0,4.0,0.0,,no,0.0,93.16722215892878,3.992755136240149,no
159514.0,70.0,retired,,primary,no,no,call,4.0,may,Night,2.0,2.0,0.0,,no,4982.0,119.74407458852866,6.491176025094024,no
159204.0,51.0,management,married,tertiary,no,no,call,16.0,mar,eve,1.0,1.0,5.0,failure,no,1612.0,97.90273326194206,4.998498454686785,no
137500.0,41.0,technician,married,secondary,no,yes,call,19.0,aug,Evening,2.0,2.0,0.0,,no,-1.0,92.19928316996088,6.297811117537941,no
118531.0,44.0,,married,secondary,yes,No,,13.0,may,Morning,1.0,1.0,0.0,,no,1340.0,122.92594456199765,5.7118821255014955,no
125028.0,37.0,management,divorced,tertiary,yes,no,,5.0,jun,Afternoon,1.0,1.0,0.0,,no,168.0,92.12210388885667,5.8569490284877075,no
148922.0,40.0,management,married,tertiary,yes,no,call,17.0,apr,eve,2.0,2.0,0.0,,no,640.0,111.18429899336037,5.134321307057291,no
132968.0,34.0,technician,divorced,secondary,yes,no,call,25.0,jul,Afternoon,2.0,2.0,0.0,,no,1301.0,87.40833015792005,4.458959226464785,no
160392.0,36.0,student,single,,no,no,call,,aug,Night,1.0,1.0,1.0,success,no,417.0,99.70870318440224,7.285299271623602,yes
128986.0,29.0,housemaid,married,primary,no,yes,call,8.0,jul,morning,1.0,1.0,0.0,,no,7.0,102.31310812987304,3.5846586857704708,no
127608.0,50.0,technician,divorced,tertiary,no,no,,20.0,jun,Evening,1.0,1.0,0.0,,no,,101.87161233013191,4.851428188717229,no
142544.0,38.0,technician,married,secondary,no,No,call,20.0,nov,morning,2.0,2.0,0.0,,no,1696.0,93.17788056642632,5.045395881383583,no
135554.0,31.0,management,single,tertiary,yes,no,call,7.0,aug,morning,3.0,3.0,0.0,,no,53.0,118.41551741019055,3.472799781112757,no
147165.0,26.0,management,single,secondary,no,yes,call,5.0,mar,morning,1.0,1.0,0.0,,no,651.0,90.32315607774271,4.808443855923486,no
126738.0,55.0,blue-collar,married,primary,no,no,,17.0,jun,Afternoon,1.0,1.0,0.0,,no,,109.82268357207207,5.554809586112694,no
157977.0,70.0,retired,married,secondary,no,no,call,30.0,oct,Evening,2.0,2.0,0.0,,no,2384.0,122.00585188355544,6.0554747971666005,yes
156558.0,32.0,services,single,secondary,no,no,call,6.0,aug,Morning,1.0,1.0,1.0,failure,no,6857.0,114.98766388727621,4.1323146497737815,no
150879.0,34.0,entrepreneur,single,secondary,yes,no,call,6.0,may,Night,2.0,2.0,2.0,failure,no,339.0,98.28369608077685,4.557765608762232,no
155415.0,37.0,unemployed,married,tertiary,no,no,SMS,25.0,may,Afternoon,3.0,3.0,0.0,,no,7620.0,101.68863501107788,6.596729158675244,no
126505.0,40.0,admin.,married,secondary,no,no,,16.0,jun,morning,2.0,2.0,0.0,,no,538.0,107.76281908024558,4.246915543113616,no
125188.0,34.0,management,single,tertiary,yes,yes,,5.0,jun,Night ,31.0,31.0,0.0,,no,125.0,105.81621027948505,3.9466315773211296,no
149939.0,38.0,management,married,tertiary,no,no,call,30.0,apr,Night,1.0,1.0,1.0,success,no,613.0,114.47832985973058,3.5368462817738147,yes
137210.0,30.0,technician,single,secondary,yes,yes,call,18.0,aug,morning,4.0,4.0,0.0,,no,796.0,103.10517417863579,4.906191748566836,no
148152.0,39.0,blue-collar,married,tertiary,yes,no,call,16.0,apr,Morning,1.0,1.0,0.0,,no,200.0,83.31507157349637,4.206578502042341,no
131544.0,44.0,management,married,tertiary,yes,yes,call,21.0,jul,Morning,8.0,8.0,0.0,,no,1590.0,86.23920835567344,,no
140452.0,41.0,unemployed,married,primary,yes,No,call,,nov,eve,1.0,1.0,1.0,failure,no,557.0,106.42945740584017,2.0750333341125264,no
155819.0,44.0,blue-collar,married,secondary,yes,no,call,2.0,jun,Night,1.0,1.0,0.0,,no,878.0,101.63309263509908,6.753532148155476,no
124945.0,58.0,retired,divorced,secondary,,no,,5.0,jun,Night,1.0,1.0,0.0,,no,219.0,93.87902348918873,3.721576353766117,no
158175.0,56.0,retired,married,primary,,no,email,13.0,nov,morning,2.0,2.0,4.0,success,no,9367.0,113.06168321630994,2.296883281973596,yes
126486.0,36.0,blue-collar,single,primary,yes,no,,16.0,jun,Evening,2.0,2.0,0.0,,no,3214.0,87.2325654284106,5.682896550252868,no
143483.0,30.0,technician,married,secondary,yes,No,call,,nov,eve,3.0,3.0,4.0,failure,no,817.0,113.69589899093711,5.04237888418756,no
122183.0,29.0,blue-collar,married,primary,yes,no,,27.0,may,Night ,1.0,1.0,0.0,,no,715.0,108.37074080197185,5.6712850671578705,no
149190.0,38.0,admin.,single,,no,no,call,20.0,apr,Night ,3.0,3.0,0.0,,no,31.0,117.33657577596716,6.461693633694535,no
152707.0,24.0,student,single,tertiary,yes,no,call,12.0,may,Evening,5.0,5.0,0.0,,,603.0,101.17204911951647,4.5954333912447085,no
136561.0,44.0,technician,single,secondary,yes,no,call,12.0,aug,Evening,4.0,4.0,0.0,,no,244.0,87.2624029088197,4.170136434045578,yes
132280.0,28.0,services,single,secondary,no,yes,call,23.0,jul,Evening,2.0,2.0,0.0,,no,651.0,115.48356590931483,8.310190493533664,no
123922.0,44.0,services,married,secondary,yes,no,,2.0,jun,morning,2.0,2.0,0.0,,no,808.0,86.4373137392163,5.150351911497,no
147621.0,33.0,services,married,secondary,yes,yes,call,7.0,apr,eve,1.0,1.0,0.0,,no,0.0,109.79976024328825,7.055622817715541,no
142045.0,56.0,management,married,tertiary,no,no,email,20.0,nov,morning,6.0,6.0,0.0,,no,412.0,119.70758754041032,5.279870919492773,no
118521.0,41.0,blue-collar,divorced,secondary,yes,yes,,13.0,may,Afternoon,6.0,6.0,0.0,,no,14.0,88.81430510413098,4.910507566440834,no
142631.0,49.0,blue-collar,married,primary,yes,no,call,20.0,nov,Night ,2.0,2.0,0.0,,yes,-98.0,95.52018640872622,6.597733342320458,no
138453.0,56.0,admin.,married,secondary,no,no,call,22.0,aug,Night,1.0,1.0,0.0,,no,150.0,112.77578310176365,6.501025781897488,no
140738.0,47.0,management,divorced,secondary,yes,no,call,18.0,nov,Morning,2.0,2.0,0.0,,no,0.0,105.60449719095743,6.523067840306087,no
142840.0,30.0,admin.,married,secondary,yes,no,call,21.0,nov,eve,1.0,1.0,0.0,,no,5220.0,101.569473418299,8.135733064526228,no
127432.0,46.0,,single,,,no,,19.0,jun,Evening,1.0,1.0,0.0,,no,63.0,119.17106565627223,3.637109663214739,no
142965.0,31.0,services,single,secondary,yes,no,call,21.0,nov,Morning,2.0,2.0,0.0,,no,831.0,121.81352693544054,6.2177557885156345,no
138967.0,47.0,services,married,secondary,no,no,call,26.0,aug,eve,5.0,5.0,0.0,,no,284.0,96.84505468727755,4.369329198520667,no
126081.0,57.0,housemaid,married,primary,no,no,,11.0,jun,Night ,5.0,5.0,0.0,,no,2234.0,104.23291888084674,5.15730809828616,no
127169.0,45.0,retired,married,primary,no,,,18.0,jun,Evening,2.0,2.0,0.0,,no,1152.0,97.32441426309745,5.781822316463739,no
134397.0,28.0,management,married,tertiary,yes,no,call,31.0,jul,Afternoon,3.0,3.0,0.0,,no,22.0,96.50248293521223,4.621051300454159,no
119731.0,34.0,technician,single,tertiary,yes,no,,16.0,may,Night ,2.0,2.0,0.0,,no,586.0,73.4280637363614,1.8588853329864685,no
129426.0,35.0,self-employed,married,secondary,no,yes,call,9.0,jul,Evening,2.0,2.0,0.0,,no,734.0,96.52375466000616,6.835413186195586,no
139760.0,33.0,technician,single,tertiary,no,no,call,29.0,aug,morning,2.0,2.0,0.0,,no,176.0,104.72116663075371,7.346086306514577,no
127473.0,28.0,blue-collar,married,primary,yes,no,,19.0,jun,eve,1.0,1.0,0.0,,no,182.0,92.31082511892173,3.6517147288754614,no
129371.0,36.0,technician,married,secondary,yes,yes,call,9.0,jul,Afternoon,1.0,1.0,0.0,,no,264.0,118.44549603812929,4.6304273254398165,no
148618.0,36.0,blue-collar,married,primary,yes,no,call,17.0,apr,Night,2.0,2.0,0.0,,no,733.0,103.51076701892508,7.760781752439896,no
155968.0,43.0,management,married,tertiary,no,no,call,4.0,jun,eve,1.0,1.0,3.0,failure,no,2987.0,116.03864764676861,3.0665164142587216,yes
148904.0,35.0,technician,single,secondary,yes,No,call,17.0,apr,Morning,2.0,2.0,0.0,,no,362.0,99.27744317624013,1.7961775608129837,no
117184.0,41.0,,single,primary,yes,no,,8.0,may,Morning,2.0,2.0,0.0,,no,2398.0,80.5901824606781,1.7200235620531408,no
123661.0,39.0,management,married,tertiary,yes,no,,30.0,may,morning,2.0,2.0,0.0,,no,564.0,103.04448009853449,4.9490155203747355,no
147589.0,40.0,admin.,married,secondary,yes,yes,call,7.0,apr,Afternoon,1.0,1.0,2.0,other,no,2591.0,104.91055872946536,3.207759694033893,no
133525.0,48.0,admin.,married,secondary,no,no,call,29.0,jul,eve,2.0,2.0,0.0,,no,933.0,89.97363754565758,4.800734557114858,no
152858.0,40.0,blue-collar,married,primary,yes,no,email,12.0,may,Afternoon,2.0,2.0,1.0,failure,no,1397.0,106.348887107633,4.7472238540845275,no
129057.0,41.0,admin.,married,secondary,no,yes,call,8.0,jul,Afternoon,1.0,1.0,0.0,,no,120.0,89.63196407398905,4.329938424209335,no
116840.0,31.0,management,married,secondary,no,no,,7.0,may,morning,2.0,2.0,0.0,,no,2019.0,98.72139198674911,3.4267982537383253,no
147658.0,37.0,technician,married,secondary,yes,no,call,8.0,apr,Afternoon,3.0,3.0,0.0,,no,720.0,78.99306336669024,4.358759937380116,no
123418.0,33.0,services,married,secondary,yes,no,,30.0,may,eve,12.0,12.0,0.0,,no,1785.0,104.56550590859665,6.722408378178374,no
122122.0,42.0,services,married,secondary,yes,yes,,27.0,may,Evening,3.0,3.0,0.0,,no,-43.0,94.09263435610927,2.711434557611214,no
128560.0,32.0,blue-collar,divorced,primary,no,yes,call,4.0,jul,eve,3.0,3.0,0.0,,no,4805.0,109.2224487500715,3.104834659982345,no
138982.0,30.0,technician,single,secondary,no,no,call,26.0,aug,Night,4.0,4.0,0.0,,no,,103.36409205792333,3.942184345235313,no
126168.0,35.0,blue-collar,married,secondary,yes,no,,12.0,jun,Night,16.0,16.0,0.0,,no,728.0,100.4428236885527,6.681893854113941,no
150326.0,29.0,management,single,tertiary,yes,no,email,5.0,may,Evening,1.0,1.0,7.0,other,no,1514.0,99.09301542469912,3.967141904097918,no
126153.0,44.0,technician,married,tertiary,no,no,,11.0,jun,Afternoon,2.0,2.0,0.0,,no,1454.0,79.28496407475645,2.140195424045504,no
140745.0,33.0,management,married,tertiary,yes,no,call,18.0,nov,Night,1.0,1.0,0.0,,no,0.0,85.44212190841148,7.6946354536485035,no
157764.0,47.0,blue-collar,married,secondary,no,no,call,19.0,oct,Morning,1.0,1.0,0.0,,no,820.0,91.45203887305148,4.3947625402997135,yes
158637.0,38.0,housemaid,divorced,secondary,no,no,call,27.0,jan,Afternoon,4.0,4.0,4.0,success,no,70.0,89.85920933918905,4.0764547734654935,yes
132695.0,35.0,blue-collar,married,primary,yes,no,call,24.0,jul,morning,6.0,6.0,0.0,,no,0.0,99.9097999720937,5.073746933473274,no
135655.0,33.0,housemaid,married,primary,no,no,call,8.0,aug,Evening,2.0,2.0,0.0,,no,0.0,127.6514492918615,6.329327431098536,no
118580.0,28.0,blue-collar,married,primary,yes,no,,13.0,may,Evening,2.0,2.0,0.0,,no,15.0,111.27790538063647,3.719955307909456,no
156759.0,28.0,technician,single,tertiary,yes,no,call,12.0,aug,Morning,1.0,1.0,3.0,success,no,0.0,99.91272596031106,4.9402697025727775,no
153641.0,34.0,blue-collar,single,secondary,yes,no,call,14.0,may,Evening,2.0,2.0,0.0,,no,1351.0,81.40658649572285,4.728206886810421,no
123972.0,36.0,blue-collar,married,secondary,yes,no,,2.0,jun,Evening,3.0,3.0,0.0,,no,426.0,92.98463919074935,7.147429757361478,no
125775.0,42.0,housemaid,divorced,secondary,no,no,,9.0,jun,Night ,2.0,2.0,0.0,,no,314.0,95.01058315410987,7.008465735168015,no
151271.0,34.0,blue-collar,married,,yes,no,call,7.0,may,Afternoon,1.0,1.0,0.0,,no,0.0,104.49888382595213,4.4547400103546995,no
117921.0,42.0,blue-collar,married,secondary,yes,no,,,may,Night ,3.0,3.0,0.0,,no,333.0,102.54961365178038,3.488729787072467,no
126142.0,48.0,blue-collar,married,primary,no,no,,11.0,jun,eve,3.0,3.0,0.0,,no,3304.0,110.38280052915019,6.3974732905375395,no
138057.0,60.0,retired,married,secondary,no,no,call,21.0,aug,Night,2.0,2.0,0.0,,,404.0,114.03666726093307,3.2236482367228083,no
115977.0,51.0,blue-collar,married,primary,yes,no,,5.0,may,eve,2.0,2.0,0.0,,no,173.0,101.99692375516159,3.9545009119500216,no
129993.0,49.0,blue-collar,married,secondary,yes,no,call,11.0,jul,eve,2.0,2.0,0.0,,no,3728.0,101.36304786814044,5.913391456741144,yes
153301.0,60.0,management,,primary,yes,no,call,13.0,may,Night,2.0,2.0,0.0,,no,-70.0,107.16536518554916,5.6896130311852655,no
123796.0,38.0,technician,single,secondary,yes,no,,30.0,may,Morning,7.0,7.0,0.0,,no,-143.0,97.49545169960015,2.698076642935619,no
116163.0,40.0,blue-collar,divorced,primary,yes,no,,5.0,may,Morning,1.0,1.0,0.0,,no,0.0,85.09938110884843,3.695114040982416,no
148701.0,31.0,services,married,secondary,yes,yes,call,17.0,apr,Night ,1.0,1.0,0.0,,no,371.0,106.6987925661049,2.0183472548235164,no
135943.0,47.0,admin.,married,secondary,no,no,call,8.0,aug,Evening,3.0,3.0,0.0,,no,73.0,95.10578242045332,4.861693122215698,no
157541.0,74.0,retired,married,primary,no,no,call,30.0,sep,Morning,1.0,1.0,0.0,,no,4286.0,111.12975474586736,7.572604861453817,no
141364.0,46.0,blue-collar,divorced,secondary,no,no,call,19.0,nov,Night,1.0,1.0,0.0,,no,138.0,101.85245363728662,6.809319660261959,no
131277.0,28.0,management,single,secondary,yes,yes,call,18.0,jul,Night ,2.0,2.0,0.0,,no,-994.0,110.83747863426588,4.145696316162075,no
152079.0,40.0,technician,single,secondary,yes,yes,call,11.0,may,Night ,1.0,1.0,0.0,,no,374.0,98.78255427460931,5.214179408729209,no
137031.0,32.0,technician,married,secondary,no,no,call,14.0,aug,Morning,6.0,6.0,0.0,,no,-1.0,97.857439645883,6.528635334680383,no
128225.0,42.0,blue-collar,married,secondary,yes,yes,,26.0,jun,Afternoon,1.0,1.0,0.0,,no,160.0,102.57781884687965,4.017404352708566,no
116213.0,49.0,blue-collar,married,,yes,no,,5.0,may,eve,2.0,2.0,0.0,,no,403.0,107.1204018272808,3.305806812783034,no
159218.0,58.0,blue-collar,married,primary,no,no,call,18.0,mar,Evening,1.0,1.0,0.0,,no,1965.0,93.44141976724765,2.388059189268906,no
134423.0,58.0,management,married,secondary,no,no,call,31.0,jul,Evening,12.0,12.0,0.0,,no,-382.0,107.43523805431515,3.132277600300631,yes
157860.0,39.0,management,single,tertiary,no,no,call,23.0,oct,eve,4.0,4.0,0.0,,no,416.0,119.98454333461338,2.509275042030565,no
138378.0,,technician,married,tertiary,,no,call,22.0,aug,Night,5.0,5.0,0.0,,no,296.0,88.78142546404104,5.174730021345614,no
141442.0,35.0,unemployed,single,secondary,no,no,call,19.0,nov,Afternoon,1.0,1.0,0.0,,yes,,95.25614706413269,3.364346114894866,no
125715.0,38.0,blue-collar,single,,no,No,,9.0,jun,Evening,6.0,6.0,0.0,,no,840.0,101.78612147960133,3.0236578501322144,no
141202.0,40.0,self-employed,married,tertiary,no,no,call,18.0,nov,Night,3.0,3.0,0.0,,no,642.0,104.46799914390334,3.9198889431356654,no
161015.0,49.0,technician,married,secondary,no,no,call,26.0,oct,Afternoon,2.0,2.0,5.0,failure,no,308.0,101.80350992866302,5.752892768665145,no
132915.0,33.0,blue-collar,single,secondary,no,no,SMS,25.0,jul,Morning,1.0,1.0,0.0,,no,0.0,107.11086324884299,2.5695119520902585,no
159964.0,39.0,management,divorced,tertiary,,no,call,2.0,jul,Night,2.0,2.0,1.0,success,no,224.0,95.4967558168648,4.772844897360552,yes
151385.0,41.0,blue-collar,married,secondary,yes,no,call,7.0,may,Evening,5.0,5.0,0.0,,no,424.0,104.75447244779775,4.325606140199662,no
141900.0,32.0,technician,married,tertiary,yes,No,call,19.0,nov,Night,4.0,4.0,0.0,,no,0.0,92.60063361156483,5.690274856619548,no
119074.0,58.0,management,married,tertiary,yes,no,,15.0,may,Evening,2.0,2.0,0.0,,no,44.0,108.11728920042376,4.786392806095795,no
152606.0,39.0,management,single,tertiary,yes,no,call,12.0,may,Morning,1.0,1.0,4.0,failure,no,5073.0,99.456310566465,6.530783630153494,yes
138209.0,38.0,technician,married,tertiary,no,no,call,22.0,aug,Night,2.0,2.0,0.0,,no,664.0,107.4297025123087,4.883740674635704,no
160628.0,37.0,blue-collar,single,secondary,no,no,,8.0,sep,morning,1.0,1.0,0.0,,no,292.0,101.49272017918692,6.450331002104175,no
127552.0,38.0,blue-collar,single,secondary,no,no,,20.0,jun,morning,11.0,11.0,0.0,,no,3054.0,113.41475902100441,3.225444858444763,no
122029.0,32.0,services,married,secondary,no,no,,27.0,may,Night,1.0,1.0,0.0,,no,-124.0,104.07621311959709,1.5940688416978945,no
147077.0,,management,married,tertiary,no,no,call,27.0,feb,Night,1.0,1.0,0.0,,no,1147.0,93.47764076468476,7.307696082087538,no
160290.0,34.0,admin.,married,tertiary,no,yes,call,3.0,aug,Evening,3.0,3.0,3.0,success,no,69.0,97.19415514210104,6.266996407674456,yes
153404.0,32.0,technician,single,tertiary,yes,yes,call,13.0,may,Evening,2.0,2.0,0.0,,no,0.0,89.8115220117404,3.4042471240112127,yes
154298.0,26.0,technician,single,secondary,yes,no,call,15.0,may,eve,2.0,2.0,0.0,,no,626.0,108.55772258659367,3.13130343949188,no
148980.0,42.0,blue-collar,married,,yes,no,SMS,20.0,apr,Morning,1.0,1.0,1.0,failure,no,732.0,102.3873416045275,3.998693971012105,no
153108.0,34.0,blue-collar,single,secondary,yes,no,call,13.0,may,Afternoon,8.0,8.0,0.0,,no,-231.0,103.8751349573592,5.574669574111533,no
122858.0,57.0,,married,,yes,no,,28.0,may,eve,2.0,2.0,0.0,,no,327.0,91.6367594180916,4.817278079889575,no
117429.0,29.0,housemaid,single,secondary,yes,no,,8.0,may,morning,3.0,3.0,0.0,,no,718.0,103.2924601678588,5.568604314947336,no
133108.0,53.0,entrepreneur,single,,no,no,call,28.0,jul,Evening,3.0,3.0,0.0,,no,202.0,88.93875882550658,5.095547267793844,no
153064.0,42.0,blue-collar,single,secondary,yes,yes,call,13.0,may,eve,3.0,3.0,4.0,failure,no,1080.0,88.9411056105127,2.835051693889016,yes
120405.0,37.0,management,single,,yes,no,,20.0,may,morning,2.0,2.0,0.0,,no,715.0,92.9828902825395,7.257843407617948,no
117425.0,50.0,technician,single,tertiary,yes,No,,8.0,may,morning,2.0,2.0,0.0,,no,0.0,100.00766840814867,3.427932301861652,no
150238.0,31.0,management,single,tertiary,yes,no,SMS,4.0,may,Morning,4.0,4.0,2.0,success,no,12857.0,86.70937089127514,3.5146317708201416,yes
150402.0,22.0,student,single,secondary,yes,no,call,5.0,may,Evening,1.0,1.0,0.0,,no,562.0,93.96497891452975,0.7484517824082069,no
145665.0,28.0,blue-collar,married,secondary,yes,yes,call,4.0,feb,Night,1.0,1.0,0.0,,no,127.0,105.79326532091697,6.7166845866750435,no
137894.0,30.0,technician,single,secondary,no,no,call,,aug,Afternoon,3.0,3.0,0.0,,no,790.0,111.41838772500886,5.21841251196896,no
125487.0,35.0,admin.,married,secondary,no,No,,6.0,jun,Night ,2.0,2.0,0.0,,no,640.0,97.04900855390859,4.056350010255291,no
136108.0,52.0,,,primary,no,no,call,11.0,aug,eve,4.0,4.0,0.0,,no,5521.0,88.05532940001707,6.064975867217047,no
160292.0,29.0,management,married,tertiary,yes,no,call,3.0,aug,eve,1.0,1.0,0.0,,no,198.0,93.45780475280176,7.991669039875429,no
117193.0,28.0,technician,married,primary,yes,no,,8.0,may,Afternoon,1.0,1.0,0.0,,no,-58.0,96.99616080514227,4.613577059336252,no
146394.0,42.0,management,divorced,tertiary,yes,no,email,5.0,feb,morning,5.0,5.0,0.0,,no,1775.0,88.71543464640098,5.449918534145447,no
122033.0,53.0,technician,married,secondary,yes,no,,27.0,may,Afternoon,1.0,1.0,0.0,,no,,94.17179031164167,4.485235942986748,yes
151708.0,41.0,entrepreneur,married,tertiary,yes,no,call,8.0,may,Evening,2.0,2.0,2.0,other,no,10.0,101.16600601987096,7.784982229239411,no
146285.0,59.0,technician,married,,no,no,call,5.0,feb,Morning,1.0,1.0,0.0,,no,0.0,89.09917449333172,,no
117788.0,57.0,self-employed,married,tertiary,yes,yes,,9.0,may,eve,1.0,1.0,0.0,,yes,-3313.0,84.23782777416298,5.252463219082583,no
128238.0,55.0,housemaid,married,primary,no,yes,,26.0,jun,Afternoon,3.0,3.0,0.0,,no,43.0,110.22758963213195,4.4313308129587,no
116547.0,33.0,blue-collar,married,secondary,yes,no,,6.0,may,morning,1.0,1.0,0.0,,no,-349.0,106.64797181904338,4.3831221509204035,no
136184.0,41.0,technician,single,secondary,no,,call,11.0,aug,eve,4.0,4.0,0.0,,no,134.0,110.8017927168822,3.1121571945934132,no
130041.0,60.0,retired,divorced,secondary,no,no,call,11.0,jul,Night ,2.0,2.0,0.0,,no,1099.0,105.73970279175182,4.243388826936918,yes
156533.0,,retired,married,tertiary,no,no,call,5.0,aug,Night,1.0,1.0,0.0,,no,0.0,96.27989696313223,6.546434260648894,no
137466.0,57.0,retired,married,primary,no,no,call,19.0,aug,Night ,4.0,4.0,0.0,,no,3288.0,103.49907809983242,,no
146519.0,66.0,technician,married,secondary,no,no,call,6.0,feb,Afternoon,1.0,1.0,0.0,,no,0.0,108.85001160736134,4.8060283545081415,yes
118440.0,55.0,admin.,divorced,,yes,no,,13.0,may,morning,2.0,2.0,0.0,,no,789.0,98.90292034332967,,no
122909.0,31.0,admin.,married,secondary,no,no,,28.0,may,morning,4.0,4.0,0.0,,no,439.0,105.04445081992692,4.451174822823974,no
131494.0,51.0,admin.,married,secondary,no,no,call,21.0,jul,Night,1.0,1.0,0.0,,no,0.0,105.85684304989725,6.223708742494289,no
145008.0,42.0,management,single,tertiary,yes,no,call,2.0,feb,morning,6.0,6.0,3.0,failure,no,336.0,107.82167036763208,4.894509351879469,no
159929.0,27.0,student,single,secondary,no,no,,29.0,jun,Night,1.0,1.0,0.0,,no,1423.0,113.13603385670007,5.74192383678173,no
148398.0,54.0,blue-collar,married,primary,yes,no,call,17.0,apr,morning,1.0,1.0,0.0,,no,1895.0,85.73256633270469,6.165784304671668,no
140188.0,49.0,services,married,secondary,yes,no,SMS,17.0,nov,Morning,1.0,1.0,0.0,,no,1084.0,101.74766153646159,7.186190108036806,no
155808.0,32.0,management,married,secondary,yes,no,call,2.0,jun,morning,1.0,1.0,2.0,failure,no,625.0,98.11196672790507,7.3100583516678395,no
151870.0,43.0,blue-collar,married,primary,no,no,call,8.0,may,Night ,2.0,2.0,2.0,other,no,60.0,93.21493240184886,4.029694178028849,no
155450.0,27.0,technician,single,secondary,no,no,call,26.0,may,Afternoon,1.0,1.0,0.0,,,405.0,122.25727342246665,5.658486520811111,no
155374.0,30.0,technician,single,secondary,yes,no,call,25.0,may,morning,4.0,4.0,5.0,failure,no,156.0,98.1518441716753,6.16936867989562,no
144293.0,51.0,management,married,secondary,no,no,call,29.0,jan,Morning,1.0,1.0,0.0,,no,873.0,102.39231552436985,8.816434098032605,no
155976.0,31.0,services,married,secondary,no,no,call,4.0,jun,Night,3.0,3.0,3.0,success,no,447.0,96.6386216948146,4.058443141591694,yes
124292.0,26.0,admin.,single,secondary,yes,no,,3.0,jun,Morning,1.0,1.0,0.0,,no,317.0,89.64028752684753,6.978053820404541,no
119177.0,40.0,blue-collar,married,secondary,yes,no,,15.0,may,morning,1.0,1.0,0.0,,no,8150.0,105.91759847169858,7.713220379815045,no
121858.0,45.0,blue-collar,married,secondary,yes,no,,26.0,may,Morning,2.0,2.0,0.0,,no,0.0,87.48349865843088,4.83770329631172,no
134112.0,52.0,management,married,secondary,no,no,call,30.0,jul,Night ,3.0,3.0,0.0,,no,0.0,94.14896660938598,2.9178830223942565,no
142491.0,40.0,unemployed,divorced,secondary,no,no,call,20.0,nov,Morning,1.0,1.0,0.0,,no,452.0,107.91128813346,4.5363141622857315,no
152881.0,39.0,management,married,tertiary,yes,no,call,13.0,may,Night,2.0,2.0,4.0,other,no,942.0,106.19546358843337,1.8395366444969885,no
155289.0,59.0,management,divorced,tertiary,no,no,call,22.0,may,morning,1.0,1.0,0.0,,yes,0.0,98.92049053345498,4.301523509897609,no
151652.0,35.0,management,single,tertiary,no,no,call,8.0,may,Afternoon,1.0,1.0,0.0,,no,642.0,93.36546557577833,6.357242320420073,no
142486.0,59.0,unemployed,,primary,no,no,SMS,20.0,nov,eve,1.0,1.0,0.0,,no,13836.0,87.01262595909516,8.376353426643146,no
124232.0,40.0,unemployed,married,secondary,yes,no,,2.0,jun,Morning,6.0,6.0,0.0,,no,1960.0,120.06270823229055,3.399344276270509,yes
142416.0,43.0,blue-collar,divorced,primary,no,no,call,20.0,nov,Afternoon,1.0,1.0,0.0,,no,3550.0,112.97648014997145,1.702077874381982,yes
153028.0,48.0,blue-collar,married,secondary,yes,no,call,13.0,may,Night,2.0,2.0,0.0,,no,865.0,116.75302891743712,3.6796831730417825,no
145780.0,46.0,blue-collar,married,secondary,no,no,call,4.0,feb,eve,1.0,1.0,0.0,,no,182.0,120.42403180444035,4.239093075848094,no
137797.0,34.0,technician,single,secondary,no,No,call,20.0,aug,Morning,2.0,2.0,0.0,,no,112.0,109.2355345450232,4.4663538817115755,no
149678.0,39.0,admin.,married,secondary,no,no,call,23.0,apr,eve,4.0,4.0,0.0,,no,732.0,103.43890486780919,3.4783328720668445,yes
155067.0,47.0,services,divorced,secondary,yes,yes,call,18.0,may,morning,3.0,3.0,0.0,,no,-1730.0,103.96285797789622,7.867034225988261,no
124827.0,39.0,blue-collar,married,primary,yes,no,,4.0,jun,morning,4.0,4.0,0.0,,no,0.0,87.39084548410092,4.332119162941596,no
155169.0,33.0,blue-collar,married,primary,yes,yes,call,18.0,may,Morning,6.0,6.0,0.0,,no,-132.0,100.6988911158409,4.165660273759973,no
147387.0,34.0,blue-collar,single,secondary,no,no,call,1.0,apr,Afternoon,2.0,2.0,0.0,,no,13408.0,97.37911283574375,2.9946812064938735,no
134439.0,59.0,retired,married,primary,yes,yes,call,31.0,jul,eve,11.0,11.0,0.0,,no,-266.0,105.54669679989017,4.963905810608174,no
127460.0,59.0,housemaid,married,primary,,no,,19.0,jun,eve,1.0,1.0,0.0,,no,1071.0,96.72789652872008,2.809153306918373,no
155899.0,39.0,management,married,tertiary,no,no,call,3.0,jun,Night ,1.0,1.0,0.0,,no,5142.0,95.94157970302567,5.253157264888049,no
144710.0,32.0,services,divorced,secondary,yes,no,call,30.0,jan,Night,3.0,3.0,0.0,,no,130.0,112.96266180230047,5.53575179819538,no
122642.0,29.0,admin.,married,secondary,yes,no,,28.0,may,Night,1.0,1.0,0.0,,no,36.0,109.5304826739268,3.6196680886685786,no
151356.0,42.0,admin.,single,secondary,yes,no,call,7.0,may,Evening,1.0,1.0,1.0,failure,no,2790.0,98.36642677685417,4.321265454779119,no
148410.0,43.0,admin.,married,secondary,yes,no,call,17.0,apr,morning,2.0,2.0,0.0,,no,264.0,113.43486467463497,5.256258238319991,no
144565.0,27.0,services,married,secondary,no,no,call,30.0,jan,Night ,1.0,1.0,0.0,,no,1304.0,91.76578060956827,4.935341728750801,no
120535.0,39.0,blue-collar,married,primary,yes,no,,20.0,may,eve,2.0,2.0,0.0,,no,1411.0,105.25498098302376,4.882496818285122,no
160218.0,29.0,management,married,tertiary,no,no,call,29.0,jul,Evening,4.0,4.0,0.0,,no,135.0,108.37876542618865,,no
145131.0,58.0,retired,married,secondary,yes,yes,call,2.0,feb,Afternoon,5.0,5.0,0.0,,no,158.0,106.47842033780533,6.5226515177399325,no
151680.0,44.0,blue-collar,married,secondary,yes,yes,call,8.0,may,eve,2.0,2.0,2.0,failure,no,1343.0,109.97349527068815,4.860598393688472,no
129493.0,49.0,management,married,tertiary,no,no,call,9.0,jul,Night,1.0,1.0,0.0,,no,0.0,117.72252423591185,5.459739590407761,no
125147.0,49.0,admin.,married,secondary,no,no,,5.0,jun,morning,3.0,3.0,0.0,,no,1677.0,82.7010006922924,5.0108012238883886,no
148744.0,38.0,technician,married,secondary,yes,no,call,17.0,apr,eve,1.0,1.0,3.0,failure,no,710.0,105.33750898957616,4.994403928585123,no
117623.0,41.0,blue-collar,married,primary,yes,no,,9.0,,Morning,1.0,1.0,0.0,,no,406.0,112.82708413998253,4.448069589665756,no
124272.0,30.0,admin.,single,secondary,yes,no,,3.0,jun,Afternoon,4.0,4.0,0.0,,no,3809.0,92.05213735920196,4.3965761419352525,no
121209.0,36.0,technician,single,secondary,yes,no,,23.0,may,Night ,1.0,1.0,0.0,,no,9068.0,99.63777606749473,5.850909417845311,no
126869.0,36.0,entrepreneur,divorced,secondary,no,no,,17.0,jun,Morning,6.0,6.0,0.0,,no,251.0,115.82341770535564,6.058397847266196,no
153918.0,36.0,management,married,tertiary,yes,no,call,14.0,may,morning,3.0,3.0,0.0,,no,2178.0,103.89922972934397,4.451397827236379,no
147603.0,53.0,blue-collar,married,secondary,yes,no,call,7.0,apr,Afternoon,1.0,1.0,0.0,,no,2531.0,94.05906287415596,3.7697316454544034,no
132799.0,57.0,entrepreneur,married,tertiary,no,no,call,25.0,jul,Night,1.0,1.0,0.0,,no,1681.0,91.85185334935584,5.35018520914705,no
125126.0,55.0,unemployed,married,tertiary,yes,no,,5.0,jun,Evening,3.0,3.0,0.0,,no,457.0,96.31706608175205,5.231581134711692,no
146080.0,30.0,blue-collar,single,primary,no,No,email,5.0,feb,Night ,7.0,7.0,0.0,,no,296.0,97.39639117134617,3.649919702662491,no
123348.0,59.0,retired,married,secondary,yes,no,,29.0,may,Evening,2.0,2.0,0.0,,no,9976.0,116.19679982047569,6.745180123249502,no
151735.0,50.0,management,single,tertiary,yes,no,call,8.0,may,Evening,1.0,1.0,0.0,,no,709.0,97.98097647176091,5.054757221400991,no
144748.0,39.0,management,married,secondary,yes,no,call,30.0,jan,Afternoon,2.0,2.0,0.0,,no,1585.0,106.4977257704298,6.358832484163653,no
116557.0,41.0,blue-collar,married,secondary,yes,no,,6.0,may,eve,3.0,3.0,0.0,,no,140.0,106.64952630287492,3.5394700488359825,no
146086.0,30.0,blue-collar,single,secondary,no,no,call,5.0,,Morning,6.0,6.0,0.0,,no,574.0,103.62747151543067,3.610786148306068,no
156972.0,44.0,management,married,tertiary,yes,no,call,14.0,aug,morning,3.0,3.0,3.0,failure,no,226.0,97.3417047160871,3.4702231971708897,yes
158522.0,30.0,technician,married,tertiary,no,no,call,12.0,jan,Night,2.0,2.0,0.0,,no,2166.0,98.36042930653778,6.4168819366862815,yes
119889.0,26.0,blue-collar,single,primary,yes,no,,16.0,may,Night ,3.0,3.0,0.0,,no,-579.0,97.47506283547233,2.0850372433398743,no
124661.0,39.0,blue-collar,married,secondary,yes,yes,,4.0,jun,Evening,2.0,2.0,0.0,,no,1386.0,97.25394183361388,6.472467812210172,no
132429.0,51.0,management,married,tertiary,yes,no,SMS,23.0,jul,Evening,3.0,3.0,0.0,,no,22557.0,104.71647777279824,,no
160650.0,28.0,admin.,married,secondary,no,no,,9.0,sep,Morning,1.0,1.0,4.0,success,no,1595.0,94.01405541238718,4.770224916469993,no
156653.0,32.0,self-employed,single,tertiary,no,no,SMS,10.0,aug,Afternoon,1.0,1.0,2.0,failure,no,1815.0,103.48447509867503,2.9185858931165334,yes
135939.0,31.0,technician,single,secondary,no,no,call,8.0,aug,Morning,3.0,3.0,0.0,,no,2846.0,82.12757553091578,6.518722898793289,no
121833.0,31.0,technician,married,secondary,yes,,,26.0,may,eve,6.0,6.0,0.0,,no,,109.53347845044067,,no
156679.0,31.0,admin.,single,secondary,no,no,call,11.0,aug,Night,1.0,1.0,0.0,,no,423.0,97.42877467887041,4.495739602095998,no
146338.0,42.0,self-employed,married,secondary,no,no,email,5.0,feb,Afternoon,1.0,1.0,0.0,,no,513.0,93.58920947348831,6.594317208848982,no
117469.0,40.0,admin.,married,secondary,yes,yes,,8.0,may,Morning,3.0,3.0,0.0,,no,523.0,134.51557244946173,7.728528128594024,no
137858.0,35.0,technician,married,secondary,no,yes,call,20.0,aug,Morning,2.0,2.0,0.0,,no,179.0,89.42866375085613,4.4935532942756105,no
157689.0,46.0,management,married,tertiary,yes,no,call,14.0,oct,Afternoon,1.0,1.0,1.0,failure,no,37378.0,101.48370393733077,4.822480217998142,no
154415.0,29.0,blue-collar,married,secondary,yes,no,call,15.0,may,morning,2.0,2.0,2.0,failure,no,-114.0,107.1656968801653,4.676677200489639,no
122028.0,52.0,admin.,married,secondary,no,No,,27.0,may,Afternoon,3.0,3.0,0.0,,no,876.0,94.81808210128229,2.7806700078131246,no
120568.0,59.0,entrepreneur,married,tertiary,yes,No,,20.0,may,Afternoon,2.0,2.0,0.0,,no,705.0,86.07754511745607,3.821993673505199,no
157896.0,71.0,technician,married,tertiary,no,,call,,oct,Evening,2.0,2.0,3.0,success,no,383.0,92.55691268816,6.199359052555028,no
137399.0,48.0,management,married,tertiary,no,no,call,19.0,aug,Afternoon,2.0,2.0,0.0,,no,4060.0,95.43115816978276,4.099592061566114,no
153101.0,40.0,blue-collar,married,secondary,yes,no,call,13.0,may,morning,5.0,5.0,11.0,other,no,1023.0,95.38861984247399,5.987546493348079,no
146625.0,45.0,admin.,married,secondary,no,no,call,6.0,feb,Afternoon,5.0,5.0,0.0,,no,285.0,99.98446480643639,3.960620936741333,no
139110.0,39.0,technician,single,tertiary,no,No,call,27.0,aug,Night,4.0,4.0,0.0,,no,0.0,85.43768006689818,2.3410045140083957,no
159573.0,31.0,technician,single,secondary,no,no,call,12.0,may,Night ,1.0,1.0,2.0,failure,no,1282.0,90.61516138518084,5.597417521533462,no
150727.0,30.0,management,divorced,tertiary,yes,yes,call,6.0,may,eve,1.0,1.0,4.0,failure,no,415.0,87.13868859617554,4.9724299030381625,yes
153743.0,35.0,management,single,tertiary,yes,no,call,14.0,may,Night,1.0,1.0,2.0,failure,no,478.0,94.97701679153558,5.2760041899150645,no
129263.0,41.0,services,divorced,secondary,yes,No,call,9.0,jul,Afternoon,1.0,1.0,0.0,,no,0.0,105.43405834209106,5.94150635202351,no
146208.0,45.0,management,married,,no,no,call,5.0,feb,Morning,1.0,1.0,0.0,,no,169.0,105.0333500705536,5.7705366821856625,no
126275.0,40.0,services,married,secondary,no,yes,,12.0,jun,morning,1.0,1.0,0.0,,no,1291.0,91.84921006912995,3.7077873830900963,no
120328.0,53.0,services,married,primary,yes,no,,20.0,may,Night ,2.0,2.0,0.0,,no,574.0,92.23089953478465,5.811545525930079,no
132371.0,48.0,management,married,tertiary,yes,no,email,23.0,jul,Morning,2.0,2.0,0.0,,no,291.0,102.83650114245208,4.233092852635991,no
128283.0,60.0,retired,divorced,primary,no,yes,,27.0,jun,Morning,1.0,1.0,0.0,,no,95.0,100.62245604270034,6.119134131524295,no
155475.0,48.0,management,divorced,tertiary,yes,no,call,26.0,may,Morning,2.0,2.0,3.0,other,no,17964.0,99.77602219751854,4.8410643631248735,yes
120929.0,32.0,blue-collar,married,secondary,yes,yes,,21.0,may,Afternoon,1.0,1.0,0.0,,no,-325.0,92.38422262901021,6.840350194331181,no
136250.0,42.0,management,married,tertiary,no,no,call,11.0,aug,Evening,5.0,5.0,0.0,,no,1161.0,109.64936849012126,1.6793423699229888,no
127904.0,39.0,admin.,single,secondary,no,no,,20.0,jun,Morning,6.0,6.0,0.0,,no,6512.0,103.55064370650074,3.328071566293856,no
152008.0,37.0,services,married,secondary,yes,no,call,11.0,may,eve,1.0,1.0,0.0,,no,217.0,93.75220043602874,5.460983347738573,no
130354.0,35.0,technician,married,secondary,yes,no,SMS,14.0,jul,Afternoon,4.0,4.0,0.0,,no,0.0,103.58378608580564,7.404221477584781,no
157073.0,34.0,management,married,tertiary,no,no,call,20.0,aug,Morning,2.0,2.0,2.0,failure,no,4859.0,82.5183006155228,4.450105657185409,no
128268.0,55.0,retired,married,primary,no,no,,27.0,jun,Afternoon,4.0,4.0,0.0,,no,2.0,98.32172804863727,5.401410821112432,no
130723.0,45.0,technician,single,secondary,no,No,call,16.0,jul,Night ,1.0,1.0,0.0,,no,-55.0,106.82407406747839,4.24693918352389,no
149599.0,56.0,unemployed,married,primary,no,no,call,21.0,apr,Morning,1.0,1.0,0.0,,no,3391.0,88.23178027316662,5.8938155772004315,yes
134443.0,31.0,blue-collar,married,secondary,yes,no,call,31.0,jul,morning,5.0,5.0,0.0,,no,1030.0,99.48856139507514,7.0523128819608125,no
152443.0,37.0,management,divorced,secondary,yes,No,call,12.0,may,Night ,1.0,1.0,2.0,failure,no,1655.0,105.48963344278962,4.093636148618764,no
153057.0,50.0,admin.,married,primary,yes,no,call,13.0,may,Morning,2.0,2.0,5.0,failure,no,246.0,92.45187920868206,6.494470617255253,no
140803.0,36.0,technician,married,secondary,yes,no,call,18.0,nov,eve,1.0,1.0,3.0,failure,no,1345.0,88.33656971104206,6.602663399989834,no
119325.0,35.0,technician,divorced,tertiary,yes,no,,15.0,may,Afternoon,1.0,1.0,0.0,,no,0.0,78.16456586599692,3.630718724655629,no
127621.0,56.0,retired,single,secondary,no,no,,20.0,jun,Evening,1.0,1.0,0.0,,no,4365.0,97.07645901549314,6.284935070578664,no
150866.0,28.0,admin.,single,secondary,yes,yes,call,6.0,,Evening,1.0,1.0,0.0,,no,177.0,103.31136456845213,7.152605045113313,no
143143.0,37.0,blue-collar,married,secondary,yes,yes,call,21.0,nov,morning,7.0,7.0,5.0,failure,no,2066.0,102.93107820597969,5.877855962936936,no
120711.0,32.0,management,married,tertiary,yes,no,,21.0,may,Night,1.0,1.0,0.0,,no,0.0,108.09632092358478,5.605951211150706,no
137645.0,53.0,admin.,married,,no,no,call,19.0,aug,Night,3.0,3.0,0.0,,no,0.0,104.96772550009287,4.4963417325640975,no
146871.0,44.0,unemployed,married,primary,yes,no,call,9.0,feb,morning,6.0,6.0,0.0,,yes,-43.0,109.35185895095046,5.000917676752978,no
148686.0,32.0,technician,single,secondary,yes,no,call,17.0,apr,Night ,1.0,1.0,0.0,,no,801.0,100.92961669838495,3.328772450096076,no
143689.0,41.0,management,married,tertiary,no,no,call,28.0,jan,Afternoon,1.0,1.0,0.0,,no,226.0,107.19098855962059,3.645602923579709,no
154756.0,33.0,services,married,secondary,yes,No,call,18.0,may,Evening,1.0,1.0,0.0,,no,-52.0,79.71504523624523,1.9227509345909466,no
126277.0,40.0,technician,married,secondary,no,No,,12.0,jun,Evening,6.0,6.0,0.0,,no,8379.0,86.34112077899985,4.079183144794028,no
128100.0,36.0,student,single,secondary,no,no,,20.0,jun,Night ,8.0,8.0,0.0,,no,904.0,97.64791323365745,7.995930589747105,no
151964.0,43.0,management,divorced,tertiary,yes,No,call,11.0,may,morning,1.0,1.0,2.0,failure,no,221.0,89.85957663206604,4.926857897573839,no
125030.0,58.0,admin.,married,,no,no,,5.0,jun,Night,2.0,2.0,0.0,,no,4318.0,86.32599907257061,8.283202228964434,no
127728.0,53.0,retired,married,primary,no,no,,20.0,jun,Night,2.0,2.0,0.0,,no,3975.0,90.02185817835979,5.768668605745308,no
152390.0,41.0,management,married,primary,yes,no,call,12.0,may,Afternoon,3.0,3.0,0.0,,no,362.0,111.88849625364118,3.934151683703893,no
141011.0,49.0,blue-collar,single,primary,yes,no,call,18.0,nov,Night,1.0,1.0,0.0,,yes,-2604.0,89.78946655446875,5.8910802211786395,no
135067.0,35.0,management,divorced,tertiary,no,yes,call,5.0,aug,Night,2.0,2.0,0.0,,no,473.0,88.37747323613199,3.400424871471997,no
124379.0,23.0,blue-collar,single,secondary,yes,no,,3.0,jun,Evening,3.0,3.0,0.0,,no,1311.0,98.13882234344501,5.618053627515296,no
132887.0,32.0,admin.,married,secondary,no,no,call,25.0,jul,Morning,1.0,1.0,0.0,,no,0.0,121.36372556235094,5.79472631046379,no
126478.0,40.0,blue-collar,married,secondary,no,No,,16.0,jun,morning,1.0,1.0,0.0,,no,876.0,108.87869423666055,5.995195009890198,no
125550.0,39.0,blue-collar,married,secondary,no,no,,6.0,jun,Night ,4.0,4.0,0.0,,no,,94.79701641472953,3.98814407051208,no
128232.0,36.0,blue-collar,single,primary,no,no,,26.0,jun,Night ,1.0,1.0,0.0,,no,367.0,85.95793892867938,0.15104834023346214,no
123457.0,35.0,blue-collar,single,primary,,No,,30.0,may,Morning,2.0,2.0,0.0,,no,293.0,98.98449418776909,3.396954614334835,no
121290.0,33.0,services,divorced,secondary,yes,no,,23.0,may,Evening,4.0,4.0,0.0,,yes,339.0,91.2419657705513,5.2582981639128965,no
124462.0,26.0,blue-collar,single,secondary,yes,no,,3.0,jun,morning,2.0,2.0,0.0,,yes,-36.0,89.76050943078488,7.350406337868664,yes
161076.0,63.0,retired,married,secondary,no,no,call,16.0,nov,Afternoon,1.0,1.0,5.0,success,no,1495.0,113.58180453697643,8.024247923473869,no
134401.0,54.0,admin.,married,secondary,yes,yes,call,31.0,jul,Morning,6.0,6.0,0.0,,no,812.0,96.80476514021537,3.272013614343999,no
157312.0,69.0,retired,divorced,secondary,no,no,SMS,3.0,sep,Afternoon,1.0,1.0,0.0,,no,6850.0,112.21682905426161,2.6133698192260617,no
149499.0,54.0,blue-collar,married,primary,yes,yes,call,20.0,apr,Night ,4.0,4.0,3.0,other,no,489.0,114.59637515415876,3.1144163625819647,no
153183.0,28.0,technician,single,tertiary,yes,No,call,13.0,may,eve,3.0,3.0,0.0,,no,1026.0,94.5626404680494,6.396822770779233,no
146876.0,40.0,blue-collar,married,primary,yes,no,call,9.0,feb,morning,3.0,3.0,4.0,other,no,3462.0,95.38812736701429,6.345640081002925,no
160011.0,26.0,student,single,secondary,no,No,call,9.0,jul,Evening,1.0,1.0,1.0,other,no,1164.0,93.81348481871652,4.260631438869918,no
123943.0,55.0,retired,married,secondary,no,no,,2.0,jun,Evening,2.0,2.0,0.0,,no,3948.0,107.74073278220706,7.055918488488196,no
126968.0,46.0,retired,divorced,secondary,no,No,,17.0,jun,Evening,11.0,11.0,0.0,,no,865.0,114.06446254229238,4.919436914256767,no
143596.0,50.0,technician,married,primary,no,yes,call,21.0,nov,Afternoon,7.0,7.0,1.0,failure,no,-315.0,90.43528111752047,7.415355285933092,no
122466.0,53.0,technician,divorced,secondary,yes,no,,28.0,may,Afternoon,1.0,1.0,0.0,,no,392.0,98.26970541988337,4.271510004050164,no
133330.0,26.0,management,single,secondary,no,no,call,28.0,jul,Morning,4.0,4.0,0.0,,no,63.0,101.04307288948199,5.688107281197595,no
136128.0,33.0,management,single,tertiary,no,no,call,11.0,aug,Afternoon,7.0,7.0,0.0,,no,0.0,110.67941793162662,4.6193902606659245,yes
142541.0,45.0,technician,married,secondary,yes,no,call,20.0,nov,eve,6.0,6.0,2.0,failure,no,999.0,105.12828596253075,2.4728640874058763,no
149749.0,31.0,management,single,tertiary,yes,no,call,29.0,apr,Afternoon,4.0,4.0,1.0,failure,no,4319.0,106.32194934841344,4.434071094043891,no
120619.0,35.0,blue-collar,married,secondary,yes,no,,20.0,may,Morning,2.0,2.0,0.0,,no,514.0,97.70058233609203,5.596809002137418,no
129105.0,33.0,management,single,tertiary,yes,no,call,8.0,jul,Night,1.0,1.0,0.0,,no,0.0,94.60564297502609,4.708090979739369,no
140695.0,32.0,admin.,single,tertiary,no,No,call,18.0,nov,Night,1.0,1.0,0.0,,no,170.0,94.42159292230676,3.8877161205694017,no
152802.0,45.0,management,married,tertiary,yes,no,call,12.0,may,morning,3.0,3.0,2.0,failure,no,677.0,98.68157663309503,6.778565974093457,no
135656.0,37.0,technician,single,secondary,no,No,call,8.0,aug,Night ,5.0,5.0,0.0,,no,980.0,112.81689151409014,6.638017226772185,yes
140065.0,31.0,entrepreneur,single,secondary,no,no,SMS,13.0,nov,Morning,1.0,1.0,0.0,,no,0.0,112.62865912714831,6.362296356199748,yes
141357.0,33.0,management,married,tertiary,no,no,call,19.0,nov,eve,1.0,1.0,0.0,,no,1148.0,79.972382355266,6.202341229191633,no
149257.0,40.0,technician,single,tertiary,yes,no,call,20.0,apr,Morning,1.0,1.0,1.0,other,no,825.0,94.07623569968665,4.978752507827451,no
140849.0,58.0,retired,divorced,secondary,no,no,call,18.0,nov,morning,1.0,1.0,0.0,,no,63.0,78.39942309911714,,no
126751.0,53.0,housemaid,married,secondary,no,no,,17.0,jun,Night,4.0,4.0,0.0,,no,1060.0,82.48060022915732,2.3070453848431103,no
124145.0,48.0,unemployed,married,primary,yes,no,,2.0,jun,Morning,3.0,3.0,0.0,,no,1849.0,118.37846408673829,,no
137641.0,50.0,technician,married,tertiary,no,no,call,19.0,aug,Afternoon,4.0,4.0,0.0,,no,329.0,84.15542898788739,2.1049361793651507,no
118780.0,53.0,retired,married,primary,yes,no,,14.0,may,Evening,1.0,1.0,0.0,,no,383.0,96.40003319512581,5.934580828371751,no
133995.0,55.0,blue-collar,single,secondary,no,no,call,30.0,jul,Evening,6.0,6.0,0.0,,no,197.0,104.90716184261935,6.532642732605561,no
144542.0,29.0,management,single,tertiary,no,no,call,29.0,jan,eve,2.0,2.0,0.0,,no,475.0,106.42837720041359,5.283179614523111,no
132691.0,47.0,technician,married,tertiary,yes,no,call,24.0,jul,Evening,11.0,11.0,0.0,,no,1430.0,91.48134289929477,4.637890106797687,no
145487.0,39.0,blue-collar,married,,yes,No,call,3.0,feb,Morning,1.0,1.0,0.0,,no,295.0,83.03642796223969,5.461096380464056,no
148530.0,34.0,management,married,tertiary,yes,no,call,17.0,apr,Night,1.0,1.0,1.0,failure,no,436.0,108.90292740697264,4.029680900044457,no
121512.0,49.0,self-employed,married,secondary,yes,yes,,23.0,may,Evening,11.0,11.0,0.0,,no,1878.0,102.07779534047684,5.6869664827908775,no
129486.0,48.0,technician,single,secondary,no,yes,call,9.0,jul,Afternoon,1.0,1.0,0.0,,no,469.0,100.94926687877025,5.729781672898114,no
146684.0,36.0,technician,single,secondary,no,no,SMS,6.0,feb,Night,4.0,4.0,0.0,,no,1102.0,105.73356718467863,4.389417268569652,no
150344.0,30.0,self-employed,single,tertiary,yes,No,call,5.0,may,Morning,1.0,1.0,1.0,failure,no,0.0,90.5422843130134,7.074208778641463,no
141655.0,51.0,blue-collar,,primary,no,no,call,19.0,nov,morning,1.0,1.0,2.0,other,no,863.0,102.71615124484057,2.795041042359445,no
139845.0,41.0,admin.,married,secondary,no,no,call,29.0,aug,Night,4.0,4.0,0.0,,yes,-120.0,91.02697363080954,5.458724393589453,no
121558.0,34.0,blue-collar,married,secondary,yes,no,,26.0,may,Night,1.0,1.0,0.0,,no,-436.0,90.62571100317837,5.4355265957383505,no
131926.0,33.0,admin.,married,secondary,yes,no,call,22.0,jul,eve,2.0,2.0,0.0,,no,252.0,126.13393012693908,3.814368608050525,no
147318.0,33.0,management,single,tertiary,yes,No,call,27.0,mar,Morning,1.0,1.0,0.0,,no,215.0,90.07678852009548,4.8002868591454035,no
118097.0,29.0,admin.,single,secondary,yes,no,,12.0,may,Morning,1.0,1.0,0.0,,no,382.0,95.95475937484467,7.232218154876248,no
148071.0,38.0,management,single,tertiary,yes,no,call,15.0,apr,Night,5.0,5.0,9.0,failure,no,6158.0,106.59972445403322,5.2477113704886476,yes
149358.0,58.0,services,single,secondary,yes,no,call,20.0,apr,Night,6.0,6.0,5.0,failure,no,1430.0,93.86130025169986,5.502244955239887,no
155973.0,25.0,admin.,single,secondary,no,no,call,4.0,jun,morning,1.0,1.0,0.0,,no,1871.0,113.24832966740618,7.667883966820028,yes
141353.0,58.0,self-employed,married,tertiary,yes,No,call,19.0,nov,Afternoon,2.0,2.0,3.0,failure,no,8014.0,85.25673617018386,7.213962775890801,no
121915.0,52.0,blue-collar,divorced,secondary,yes,No,,26.0,may,Night,3.0,3.0,0.0,,no,306.0,108.53986768694892,4.493160811783251,no
154069.0,52.0,blue-collar,married,secondary,yes,yes,SMS,15.0,may,Night ,4.0,4.0,0.0,,no,1039.0,92.40175551274773,4.342344152882603,no
143245.0,54.0,blue-collar,married,secondary,yes,no,call,21.0,nov,Night,2.0,2.0,0.0,,no,-10.0,86.6695569147477,2.7592339415518015,no
117538.0,35.0,blue-collar,single,secondary,yes,no,,9.0,may,Night ,4.0,4.0,0.0,,no,40.0,105.16272248241967,6.706290044928577,yes
152276.0,36.0,unemployed,single,secondary,yes,no,call,11.0,may,Evening,6.0,6.0,0.0,,no,1806.0,95.88741357246906,4.097692202875834,no
128340.0,31.0,blue-collar,married,secondary,no,yes,,1.0,jul,Afternoon,3.0,3.0,0.0,,no,652.0,65.92158795667703,6.451058503697622,no
128509.0,30.0,blue-collar,married,primary,yes,yes,,4.0,jul,Night,1.0,1.0,0.0,,no,5956.0,,4.757056727138172,no
138497.0,60.0,blue-collar,married,primary,no,no,call,22.0,aug,Night,1.0,1.0,0.0,,no,0.0,104.10700418973474,3.7594971210126094,no
147622.0,28.0,technician,single,secondary,yes,no,call,7.0,apr,eve,1.0,1.0,0.0,,no,922.0,108.6127691853473,5.824700139946654,no
124049.0,50.0,technician,married,secondary,yes,no,,2.0,jun,morning,1.0,1.0,0.0,,no,669.0,91.11515859824902,8.30887768831711,no
119705.0,30.0,self-employed,single,secondary,yes,no,,16.0,may,Evening,17.0,17.0,0.0,,no,299.0,92.04098269719105,5.209741664401895,no
140083.0,57.0,admin.,married,secondary,yes,no,SMS,17.0,nov,Night,1.0,1.0,0.0,,no,0.0,100.8761940888169,3.935693039226726,no
155128.0,59.0,retired,divorced,primary,yes,no,SMS,18.0,may,eve,3.0,3.0,1.0,failure,no,47.0,126.53003511285449,5.372996810780603,no
121481.0,31.0,blue-collar,married,primary,yes,No,,23.0,may,Night ,3.0,3.0,0.0,,no,-848.0,112.08985334579522,7.1502533369631776,no
158821.0,42.0,admin.,divorced,secondary,yes,No,call,8.0,feb,eve,2.0,2.0,1.0,failure,no,490.0,83.45666017539,5.383559600200954,no
137565.0,43.0,technician,married,secondary,yes,yes,call,19.0,aug,Night ,2.0,2.0,0.0,,no,227.0,97.78771197932355,3.6863145996481412,no
155178.0,32.0,blue-collar,single,,yes,no,call,18.0,may,eve,2.0,2.0,0.0,,no,258.0,99.76987854273852,3.3917719439510883,no
158744.0,44.0,technician,single,tertiary,no,no,call,,feb,Night ,1.0,1.0,2.0,other,no,678.0,95.84640203576087,4.132892593480246,no
136435.0,52.0,blue-collar,married,primary,yes,No,call,12.0,aug,morning,2.0,2.0,0.0,,no,273.0,105.4556738502803,3.946921724680079,no
147804.0,43.0,blue-collar,married,secondary,yes,No,call,9.0,apr,Evening,2.0,2.0,1.0,failure,no,664.0,111.95445650109001,6.961490914919216,no
157203.0,33.0,technician,single,tertiary,no,no,call,27.0,aug,Afternoon,3.0,3.0,0.0,,no,3689.0,99.34367687381635,6.425710915500914,yes
115998.0,47.0,technician,married,tertiary,yes,no,,5.0,may,morning,1.0,1.0,0.0,,no,151.0,93.61160039476894,4.454400934211765,no
118986.0,50.0,unemployed,married,secondary,yes,no,,,may,Night ,1.0,1.0,0.0,,no,-13.0,98.05607877138847,3.8331031861565954,no
138262.0,35.0,technician,divorced,secondary,no,no,call,22.0,aug,Morning,2.0,2.0,0.0,,no,308.0,98.74210486302252,4.682290168512869,no
128660.0,45.0,technician,married,secondary,no,No,call,7.0,jul,Morning,14.0,14.0,0.0,,no,268.0,113.68452766847153,5.609179083715852,no
117820.0,32.0,management,single,tertiary,yes,no,,9.0,may,Morning,2.0,2.0,0.0,,no,4.0,110.07030196497456,4.611373426259728,no
132920.0,35.0,technician,single,tertiary,yes,no,call,25.0,jul,eve,13.0,13.0,0.0,,no,470.0,93.48791915808127,6.227532321800788,yes
158957.0,28.0,technician,single,secondary,yes,no,call,18.0,feb,Morning,2.0,2.0,0.0,,no,154.0,78.78715417903753,2.2125283820230597,yes
125178.0,37.0,management,married,tertiary,no,yes,,5.0,jun,Night,2.0,2.0,0.0,,no,636.0,86.27419019418008,5.035411641940986,no
130530.0,45.0,blue-collar,divorced,primary,no,no,call,15.0,jul,morning,2.0,2.0,0.0,,no,-207.0,99.13668068329183,5.570174115788463,yes
125634.0,58.0,housemaid,married,tertiary,no,yes,,9.0,jun,Night ,1.0,1.0,0.0,,no,1280.0,83.95400163379507,2.7472307682614208,no
158692.0,43.0,self-employed,married,tertiary,no,no,call,29.0,jan,eve,4.0,4.0,0.0,,no,2501.0,93.78549555364852,1.9897409191912496,no
146383.0,57.0,unemployed,married,secondary,no,no,call,5.0,feb,Afternoon,2.0,2.0,0.0,,no,3754.0,102.88044236966743,4.779955644451147,yes
153816.0,33.0,admin.,single,secondary,yes,yes,call,14.0,may,morning,3.0,3.0,0.0,,no,315.0,96.31249530277215,5.649377798433085,yes
129684.0,37.0,management,single,secondary,no,no,call,10.0,jul,Afternoon,2.0,2.0,0.0,,no,1981.0,106.27245284329496,2.2277794374043403,no
134963.0,33.0,technician,single,tertiary,no,no,call,5.0,aug,eve,1.0,1.0,0.0,,no,0.0,97.5852436048437,6.499343792234131,no
119088.0,52.0,technician,divorced,primary,no,no,,15.0,may,Evening,3.0,3.0,0.0,,no,1500.0,99.27922880158391,2.6817014283713214,no
120470.0,34.0,blue-collar,single,primary,yes,no,,20.0,may,Night ,1.0,1.0,0.0,,no,709.0,95.24055836121038,3.5555864225120075,no
147063.0,36.0,technician,married,secondary,yes,yes,call,27.0,feb,Evening,1.0,1.0,1.0,failure,no,6384.0,86.42926654939644,4.784635069647222,no
123272.0,38.0,technician,married,secondary,yes,no,,29.0,may,Afternoon,2.0,2.0,0.0,,no,381.0,111.4834490350027,3.841055970964418,no
150597.0,35.0,admin.,married,primary,yes,no,call,5.0,may,Morning,1.0,1.0,0.0,,no,-229.0,86.75173803736917,8.23831362241194,no
148906.0,40.0,technician,married,secondary,no,no,call,17.0,apr,Morning,2.0,2.0,0.0,,no,1270.0,103.59226830064141,5.801395566577183,no
125781.0,45.0,blue-collar,married,primary,yes,No,,9.0,jun,Night,1.0,1.0,0.0,,no,900.0,91.3472755034747,5.618069754991231,no
128693.0,35.0,services,single,secondary,no,yes,call,7.0,jul,eve,1.0,1.0,0.0,,no,2110.0,106.0514558863764,3.8612472087727414,no
158636.0,52.0,services,married,secondary,yes,no,call,27.0,jan,Morning,1.0,1.0,2.0,success,no,992.0,92.15830043572312,3.3673394762999744,yes
122175.0,34.0,blue-collar,married,secondary,yes,no,,27.0,may,eve,1.0,1.0,0.0,,no,-76.0,106.99143327051105,5.957646806496552,no
116702.0,36.0,blue-collar,married,secondary,yes,No,,7.0,may,Night,1.0,1.0,0.0,,no,-251.0,89.55609021620225,5.192898660362799,no
150635.0,35.0,admin.,divorced,secondary,yes,,call,6.0,may,Night,1.0,1.0,0.0,,no,404.0,88.19398995082943,6.828227381904976,no
123334.0,47.0,blue-collar,married,secondary,yes,no,,29.0,may,Afternoon,3.0,3.0,0.0,,no,762.0,93.9867144285797,6.245649535767959,no
160659.0,83.0,retired,divorced,primary,no,no,call,13.0,sep,Night,2.0,2.0,0.0,,no,4565.0,91.87231795445337,6.250388044689053,no
135354.0,43.0,management,married,tertiary,no,no,call,7.0,aug,eve,2.0,2.0,0.0,,no,11754.0,106.5730064225295,2.7530428916702667,no
128328.0,56.0,technician,married,tertiary,yes,yes,,30.0,jun,Night,3.0,3.0,0.0,,no,3082.0,91.23827809009862,6.874167271048595,no
145715.0,,blue-collar,divorced,secondary,yes,no,call,4.0,feb,eve,1.0,1.0,0.0,,no,1951.0,92.01495976766023,3.898856457687329,no
155775.0,56.0,services,divorced,secondary,no,No,call,2.0,jun,morning,1.0,1.0,3.0,failure,no,935.0,99.64087771651886,5.724810830465538,no
143075.0,33.0,blue-collar,married,primary,yes,no,call,21.0,nov,Afternoon,3.0,3.0,1.0,failure,no,2456.0,114.79887012609505,2.513564794439869,no
147357.0,39.0,technician,divorced,secondary,yes,yes,call,1.0,apr,Afternoon,2.0,2.0,1.0,failure,no,688.0,104.8214369131168,4.4592255215323355,no
139561.0,36.0,management,married,tertiary,no,no,call,28.0,aug,morning,1.0,1.0,0.0,,no,200.0,104.50391080733459,4.6612313448873,no
151829.0,41.0,management,married,secondary,yes,no,call,8.0,may,eve,2.0,2.0,6.0,other,no,41.0,105.26087380924474,4.026347554889701,no
123084.0,32.0,services,single,secondary,yes,no,,,may,Evening,1.0,1.0,0.0,,no,187.0,115.10887149387449,8.133115598409873,no
119806.0,29.0,management,single,tertiary,no,no,,16.0,may,Morning,25.0,25.0,0.0,,no,0.0,90.38050411140851,5.64079047120827,no
128089.0,47.0,unemployed,divorced,tertiary,no,no,,20.0,jun,Night,2.0,2.0,0.0,,no,780.0,106.21032307615106,4.9334241769402905,no
137999.0,41.0,technician,divorced,secondary,no,no,call,21.0,aug,eve,2.0,2.0,0.0,,no,988.0,95.16500804229582,6.071356982570217,no
140950.0,45.0,management,single,tertiary,no,no,call,18.0,,Night ,1.0,1.0,2.0,failure,no,16.0,102.48870843555756,3.866412735842701,no
143722.0,53.0,self-employed,married,tertiary,no,no,call,28.0,jan,Afternoon,1.0,1.0,1.0,failure,no,1672.0,102.82221234730078,4.610371976567798,no
150378.0,37.0,blue-collar,married,secondary,yes,no,call,5.0,may,morning,6.0,6.0,0.0,,no,288.0,100.74149919995361,3.594745806486307,no
145424.0,33.0,services,married,tertiary,yes,yes,call,3.0,feb,Night ,2.0,2.0,1.0,failure,no,546.0,117.04405158665783,4.284234235645661,no
136880.0,47.0,technician,divorced,secondary,no,no,call,14.0,aug,Evening,2.0,2.0,0.0,,no,691.0,103.02184608941451,3.530945448296724,no
141652.0,35.0,management,single,tertiary,yes,no,call,19.0,nov,Evening,2.0,2.0,0.0,,no,304.0,105.52557427819784,4.183866153900202,no
156616.0,58.0,unemployed,married,secondary,yes,no,call,7.0,aug,morning,1.0,1.0,2.0,success,no,687.0,106.02047106357921,5.340457921497462,yes
145304.0,49.0,management,divorced,tertiary,yes,no,call,3.0,feb,Morning,2.0,2.0,1.0,failure,no,4961.0,90.32268987200997,5.70888862672205,no
138662.0,41.0,management,married,tertiary,no,no,call,25.0,aug,eve,8.0,8.0,0.0,,no,51.0,109.723286383704,6.400668566996602,no
158295.0,39.0,technician,married,secondary,no,no,call,3.0,dec,Night,1.0,1.0,0.0,,no,2983.0,99.56094769556125,5.089583215872344,yes
150751.0,46.0,services,divorced,secondary,yes,yes,call,6.0,may,Evening,1.0,1.0,0.0,,no,281.0,99.49864205081393,1.8953726253113734,no
134606.0,46.0,technician,married,secondary,yes,no,call,31.0,jul,morning,10.0,10.0,0.0,,no,499.0,108.83162105323817,5.13734284954767,no
123627.0,37.0,management,single,tertiary,yes,no,,30.0,may,eve,2.0,2.0,0.0,,no,614.0,85.90484739422698,5.356330194545491,no
119723.0,35.0,technician,married,secondary,yes,yes,,16.0,may,Afternoon,1.0,1.0,0.0,,no,523.0,97.05820329214576,5.807556579505587,no
148341.0,39.0,admin.,divorced,secondary,yes,yes,call,16.0,apr,Morning,1.0,1.0,0.0,,no,284.0,74.46624227028076,3.9733396254855795,no
146233.0,28.0,services,single,secondary,yes,no,call,5.0,feb,Night,2.0,2.0,1.0,success,no,1820.0,94.69022005229542,5.436618122193581,no
158870.0,58.0,technician,married,secondary,yes,no,call,10.0,feb,eve,3.0,3.0,6.0,success,no,589.0,104.75636741820648,4.534500529131751,yes
159559.0,20.0,student,single,secondary,no,no,email,11.0,may,Night ,5.0,5.0,5.0,failure,no,291.0,107.81704300607318,3.589652182319419,no
138374.0,52.0,technician,married,secondary,no,No,call,22.0,aug,Evening,18.0,18.0,0.0,,no,2944.0,84.81906485621045,3.9602955255091574,no
120716.0,38.0,technician,married,secondary,yes,no,,,may,Evening,1.0,1.0,0.0,,no,0.0,106.5745290679815,6.267252967258987,no
148522.0,51.0,management,married,tertiary,yes,no,call,17.0,apr,Evening,1.0,1.0,0.0,,no,615.0,99.98988775560476,4.713898915572257,no
121785.0,38.0,entrepreneur,divorced,tertiary,yes,no,,26.0,may,Afternoon,3.0,3.0,0.0,,no,504.0,100.07042246016286,4.540138801965919,no
129663.0,33.0,admin.,married,secondary,yes,no,call,10.0,jul,Morning,1.0,1.0,0.0,,no,0.0,99.26278001215229,4.463683320021251,no
156360.0,37.0,technician,married,secondary,yes,no,call,,,Night ,2.0,2.0,2.0,other,no,1824.0,104.62168742550992,5.495139064914138,no
157423.0,45.0,management,married,tertiary,no,no,call,10.0,sep,Evening,3.0,3.0,0.0,,no,786.0,100.85326381658271,6.287964667934052,yes
116099.0,41.0,management,married,tertiary,yes,no,,5.0,may,eve,1.0,1.0,0.0,,no,517.0,90.3268672624429,3.996988984597425,no
156943.0,69.0,retired,married,primary,no,no,call,14.0,aug,Morning,1.0,1.0,0.0,,no,579.0,107.33211917031558,6.70589214061549,no
123026.0,40.0,services,married,secondary,no,no,,29.0,may,Evening,1.0,1.0,0.0,,no,1938.0,100.24133067605251,6.903643950178617,no
125558.0,47.0,housemaid,married,primary,no,no,,6.0,jun,Afternoon,2.0,2.0,0.0,,no,389.0,84.6094622998446,1.6569950977567247,no
148159.0,33.0,management,married,tertiary,yes,no,call,16.0,apr,Morning,3.0,3.0,0.0,,no,322.0,99.7992885346352,4.9961747365282445,no
139033.0,54.0,blue-collar,married,primary,no,no,email,26.0,aug,Evening,9.0,9.0,0.0,,no,1111.0,103.57643284128889,5.050677337396392,no
160027.0,20.0,student,single,primary,no,no,call,12.0,jul,Evening,1.0,1.0,3.0,other,no,134.0,110.16814888623821,6.4101941520824495,no
151910.0,36.0,technician,married,secondary,yes,,call,11.0,may,Night ,3.0,3.0,2.0,failure,no,432.0,92.31760358884567,6.11890726808402,no
140512.0,47.0,management,married,secondary,yes,yes,call,17.0,nov,eve,2.0,2.0,0.0,,no,794.0,95.0891353156921,3.799650721203818,no
143517.0,47.0,admin.,married,secondary,no,no,email,21.0,nov,Evening,3.0,3.0,0.0,,no,6695.0,93.57391691390954,5.934035841396317,no
139792.0,31.0,management,single,tertiary,no,no,call,29.0,aug,Evening,2.0,2.0,0.0,,no,96.0,100.73345621268898,4.531763112279981,no
147303.0,57.0,housemaid,married,primary,no,no,call,26.0,mar,eve,2.0,2.0,0.0,,no,571.0,101.45873617277412,5.833088486731123,no
155585.0,51.0,housemaid,married,secondary,no,no,call,27.0,may,Afternoon,1.0,1.0,0.0,,no,2239.0,87.62692947386483,4.603901674739193,no
154409.0,38.0,blue-collar,,secondary,yes,no,call,15.0,may,Morning,4.0,4.0,0.0,,no,226.0,98.54887907077364,4.844141065385684,no
121130.0,33.0,blue-collar,married,secondary,yes,yes,,23.0,may,Night,1.0,1.0,0.0,,no,1138.0,90.3195898315567,3.2719795495191732,no
146557.0,53.0,blue-collar,married,,no,no,SMS,6.0,feb,morning,1.0,1.0,0.0,,no,593.0,118.135064228053,2.926474735693073,no
134623.0,32.0,services,married,primary,yes,no,call,31.0,jul,Night,5.0,5.0,0.0,,no,-109.0,107.522308806126,4.200448914133016,no
148359.0,,management,married,secondary,yes,no,call,16.0,apr,Morning,1.0,1.0,0.0,,no,117.0,88.78647656824083,5.403088704281357,no
156504.0,67.0,management,married,,no,no,call,4.0,aug,Night,1.0,1.0,0.0,,no,65.0,109.50087656336287,5.73813609219526,no
160710.0,37.0,admin.,married,secondary,yes,no,call,16.0,sep,morning,1.0,1.0,2.0,other,no,529.0,105.66047914145595,5.438240761233136,no
159135.0,64.0,unemployed,divorced,secondary,no,no,call,8.0,mar,Morning,1.0,1.0,0.0,,no,588.0,83.94914698384065,4.09579030889989,yes
134649.0,35.0,services,married,secondary,no,yes,call,31.0,jul,Night,13.0,13.0,0.0,,no,377.0,107.92410867857441,4.556041451973934,no
131627.0,31.0,blue-collar,married,secondary,yes,no,call,21.0,jul,Night ,1.0,1.0,0.0,,no,-498.0,110.81594926699623,3.8931330748616104,no
137707.0,46.0,technician,married,tertiary,no,no,call,20.0,aug,Afternoon,3.0,3.0,0.0,,no,591.0,105.27196291815467,6.05054929622243,no
156422.0,29.0,technician,married,secondary,yes,no,call,8.0,jul,Night,1.0,1.0,1.0,failure,no,1599.0,101.55107235692029,1.7893168311322452,no
152731.0,58.0,blue-collar,married,primary,yes,no,call,12.0,may,eve,2.0,2.0,0.0,,no,1596.0,115.4019558809816,5.247151391734279,no
148984.0,43.0,services,married,secondary,yes,no,call,20.0,apr,Morning,1.0,1.0,0.0,,no,1625.0,110.65204991960726,6.1818536895835035,no
142150.0,31.0,unemployed,married,tertiary,no,no,call,20.0,nov,Night ,1.0,1.0,0.0,,,3640.0,98.78082596076597,6.542400531429341,no
160275.0,30.0,student,single,secondary,no,no,call,2.0,aug,Night ,3.0,3.0,1.0,failure,no,3096.0,106.1513633364419,5.1976020656636,no
127869.0,46.0,services,divorced,secondary,no,no,,20.0,jun,Night ,3.0,3.0,0.0,,no,0.0,100.99792592880463,5.602531248884712,yes
151992.0,36.0,entrepreneur,single,secondary,yes,,call,11.0,may,Afternoon,1.0,1.0,1.0,failure,no,866.0,107.18050722094692,2.55172357322584,yes
141552.0,38.0,blue-collar,married,primary,yes,yes,call,19.0,nov,Afternoon,2.0,2.0,0.0,,no,-459.0,105.2645591252728,4.725713765560346,no
128101.0,36.0,blue-collar,married,secondary,yes,no,,20.0,jun,Afternoon,3.0,3.0,0.0,,no,873.0,104.49431548872715,1.6177192675026415,no
137502.0,56.0,management,married,tertiary,no,no,call,19.0,,eve,6.0,6.0,0.0,,no,982.0,110.18995063654408,2.3063614063697004,no
145145.0,31.0,unemployed,single,primary,no,no,call,2.0,feb,Morning,6.0,6.0,0.0,,no,1.0,108.87346239962567,3.1547841246005435,no
150439.0,38.0,blue-collar,single,secondary,yes,no,call,5.0,may,Afternoon,4.0,4.0,2.0,failure,no,2032.0,120.69974555223007,3.935768476117567,no
124627.0,44.0,blue-collar,married,primary,yes,no,,4.0,jun,Evening,3.0,3.0,0.0,,no,924.0,97.95191017651746,7.44210921090702,no
159656.0,47.0,admin.,married,secondary,no,no,call,21.0,may,Night,1.0,1.0,6.0,success,no,368.0,132.54102238969986,3.567421695863462,yes
149180.0,35.0,management,single,tertiary,yes,no,call,20.0,apr,Night ,3.0,3.0,0.0,,no,62.0,86.25811512889263,7.05098315683991,yes
158098.0,52.0,technician,married,tertiary,no,no,call,10.0,nov,Night,3.0,3.0,1.0,failure,no,1785.0,90.58943782465379,,no
161055.0,71.0,retired,married,secondary,no,no,call,9.0,nov,Morning,2.0,2.0,3.0,failure,no,2064.0,92.55421312742182,3.659090660604294,no
133444.0,54.0,entrepreneur,married,tertiary,no,no,call,29.0,jul,morning,2.0,2.0,0.0,,no,84.0,117.29733694031233,7.4425135348846565,no
143482.0,31.0,services,married,secondary,yes,no,call,21.0,nov,morning,2.0,2.0,0.0,,yes,-158.0,80.57245732311193,5.605544047058803,no
158583.0,28.0,management,married,tertiary,no,No,call,18.0,jan,morning,2.0,2.0,2.0,success,no,893.0,96.17321808992703,3.296759383456579,no
131909.0,56.0,blue-collar,married,secondary,yes,no,email,22.0,jul,Morning,1.0,1.0,0.0,,no,345.0,87.19114132740657,5.557625832171893,no
122752.0,57.0,blue-collar,married,primary,yes,no,,,may,eve,2.0,2.0,0.0,,no,1502.0,106.76440307316196,3.8282347660599996,no
141317.0,51.0,technician,married,secondary,yes,yes,email,18.0,nov,Night ,6.0,6.0,0.0,,no,3899.0,91.21990147153369,4.906356556846434,no
152445.0,55.0,technician,married,secondary,yes,no,call,12.0,may,morning,4.0,4.0,0.0,,no,-14.0,87.58707629984139,5.750718229251413,no
120006.0,59.0,blue-collar,divorced,primary,yes,no,,19.0,may,Evening,1.0,1.0,0.0,,no,457.0,90.29054243720014,4.83117366341915,no
142423.0,53.0,self-employed,divorced,secondary,yes,yes,call,20.0,nov,Night ,1.0,1.0,0.0,,no,8112.0,101.95356696297418,,no
148485.0,31.0,blue-collar,married,secondary,yes,yes,call,17.0,apr,Night,1.0,1.0,1.0,failure,no,658.0,112.20306958451889,1.7295285258340414,no
150601.0,54.0,blue-collar,married,primary,yes,yes,call,5.0,may,Night,5.0,5.0,7.0,other,no,1357.0,83.64627078192399,3.5997675260653126,no
150513.0,31.0,admin.,married,secondary,yes,no,call,5.0,may,Afternoon,2.0,2.0,0.0,,no,33.0,121.24732257282716,2.7273097121153596,no
121687.0,45.0,blue-collar,married,primary,yes,no,,,may,eve,2.0,2.0,0.0,,no,18.0,117.89197716535621,4.939526195767567,no
156593.0,41.0,admin.,married,tertiary,no,no,call,7.0,aug,morning,1.0,1.0,2.0,failure,no,1536.0,105.72546432827981,6.30981922812258,yes
141501.0,59.0,management,married,,yes,yes,call,19.0,nov,Night,1.0,1.0,0.0,,no,3428.0,101.82386620801131,6.954002859237475,no
156380.0,32.0,admin.,married,secondary,yes,yes,call,7.0,jul,Night,1.0,1.0,0.0,,no,51.0,96.04685974788764,3.858674345117369,yes
128169.0,31.0,technician,married,tertiary,yes,no,,24.0,jun,Night ,3.0,3.0,0.0,,no,1197.0,100.34962494273769,3.474506778048088,no
144203.0,34.0,entrepreneur,single,tertiary,no,no,call,29.0,jan,Evening,1.0,1.0,0.0,,no,-185.0,86.69317332957043,5.331266773766971,no
144733.0,53.0,admin.,married,secondary,yes,No,call,30.0,jan,eve,1.0,1.0,1.0,failure,no,-375.0,96.75153319645248,,no
123191.0,50.0,management,married,,yes,no,,29.0,may,Morning,3.0,3.0,0.0,,no,914.0,102.48045812800163,5.178414952032168,no
146333.0,55.0,blue-collar,married,secondary,yes,No,call,5.0,feb,Evening,1.0,1.0,1.0,failure,no,1765.0,95.620811935105,3.6557448515614266,no
139437.0,50.0,blue-collar,married,primary,no,no,call,28.0,aug,Evening,6.0,6.0,0.0,,no,403.0,96.95033085782758,6.156265900811511,no
132053.0,32.0,technician,married,secondary,yes,no,call,22.0,jul,Night,7.0,7.0,0.0,,no,476.0,110.72034874361275,2.91433196770537,no
153171.0,35.0,unemployed,single,secondary,yes,no,call,13.0,may,Morning,2.0,2.0,0.0,,no,2116.0,108.26547389187111,4.663242508982235,no
155313.0,29.0,management,single,tertiary,no,no,call,22.0,may,morning,2.0,2.0,0.0,,no,428.0,96.66957173488147,9.120122261614606,yes
131543.0,31.0,services,married,secondary,yes,yes,call,21.0,jul,Morning,4.0,4.0,0.0,,no,0.0,105.04107922514733,7.049128923731294,no
152917.0,33.0,admin.,married,secondary,yes,no,call,13.0,may,Morning,1.0,1.0,1.0,failure,no,17.0,102.14708524919166,5.9926595500505115,no
144894.0,43.0,technician,married,secondary,no,No,call,2.0,feb,Morning,1.0,1.0,0.0,,no,576.0,95.27828082733375,7.916835145433389,no
124538.0,35.0,admin.,married,secondary,yes,no,,3.0,jun,Evening,7.0,7.0,0.0,,no,-87.0,100.97907595406731,2.0601706529750334,yes
124819.0,43.0,services,married,secondary,yes,no,,4.0,jun,Night ,2.0,2.0,0.0,,no,1450.0,88.00709794675502,4.985253726034122,no
122479.0,37.0,blue-collar,married,secondary,yes,yes,,28.0,may,eve,3.0,3.0,0.0,,no,115.0,83.75196945041333,4.136382460192787,no
151100.0,40.0,blue-collar,single,secondary,yes,no,call,7.0,may,morning,1.0,1.0,0.0,,no,322.0,85.01647974591948,3.5637650564313565,no
147864.0,30.0,blue-collar,single,primary,yes,no,call,13.0,apr,Morning,1.0,1.0,0.0,,no,464.0,125.13221296461793,5.992000306011752,no
141529.0,53.0,retired,married,tertiary,no,yes,call,19.0,nov,Evening,2.0,2.0,3.0,failure,no,1452.0,94.63676472961502,4.457150299219272,no
120110.0,49.0,management,married,tertiary,yes,yes,,19.0,may,Afternoon,3.0,3.0,0.0,,no,68.0,106.26283414891707,3.6635760550887753,no
145102.0,43.0,management,married,tertiary,no,no,call,2.0,feb,Afternoon,2.0,2.0,0.0,,no,0.0,94.06619805454429,5.439394254352417,no
146597.0,46.0,technician,married,primary,yes,No,call,6.0,feb,Night,2.0,2.0,1.0,failure,no,718.0,88.29780427946224,6.880667225313011,no
120140.0,48.0,blue-collar,married,primary,yes,no,,19.0,may,Night ,1.0,1.0,0.0,,no,6489.0,91.50371007589237,,no
132192.0,52.0,blue-collar,married,secondary,no,no,call,23.0,jul,Morning,1.0,1.0,0.0,,no,1027.0,102.11894650256713,4.384091094758748,no
127849.0,47.0,management,married,tertiary,yes,No,,20.0,jun,Morning,4.0,4.0,0.0,,no,3556.0,123.32849364105128,3.708067343987784,no
146002.0,32.0,management,single,tertiary,yes,no,call,4.0,feb,Night,2.0,2.0,6.0,failure,no,156.0,75.93580661454618,2.22157515010705,no
149347.0,73.0,retired,married,primary,no,no,call,20.0,apr,Morning,1.0,1.0,0.0,,no,253.0,113.5706694875602,5.8076954489703,yes
136177.0,38.0,technician,divorced,secondary,no,no,call,,aug,Afternoon,6.0,6.0,0.0,,no,410.0,105.95244026047601,5.69788585134018,no
130735.0,25.0,services,single,secondary,no,no,call,16.0,jul,Morning,1.0,1.0,0.0,,no,93.0,95.78985758853514,6.6187510329081745,no
132774.0,27.0,technician,married,secondary,yes,yes,call,25.0,jul,Night ,2.0,2.0,0.0,,no,0.0,90.21789044049184,4.968953876384601,no
156858.0,69.0,housemaid,single,,no,no,call,13.0,aug,Morning,1.0,1.0,0.0,,no,2493.0,109.03047277812233,5.712347888733366,no
151921.0,57.0,self-employed,married,primary,yes,yes,call,11.0,may,Afternoon,6.0,6.0,2.0,failure,no,-34.0,99.84548112229115,2.7744319711230427,no
159401.0,38.0,technician,single,secondary,no,no,call,20.0,apr,Afternoon,3.0,3.0,1.0,success,no,1711.0,103.43593781494647,5.1472859201391215,yes
139953.0,32.0,admin.,married,secondary,yes,yes,,21.0,,Morning,1.0,1.0,0.0,,no,8749.0,115.05497778810161,4.023387491834878,yes
127763.0,56.0,housemaid,married,primary,no,no,,20.0,jun,Afternoon,10.0,10.0,0.0,,no,954.0,119.3300138656395,2.676273044089441,no
157696.0,45.0,housemaid,married,primary,yes,no,call,14.0,oct,Afternoon,1.0,1.0,0.0,,no,8692.0,93.85481232879305,7.389924493395348,no
156072.0,51.0,technician,married,tertiary,no,no,SMS,5.0,jun,Evening,2.0,2.0,0.0,,no,1315.0,109.84495773530396,3.3342648136660573,no
158053.0,,blue-collar,married,secondary,no,,SMS,5.0,nov,Night ,9.0,9.0,4.0,other,no,12401.0,108.5515840357073,,no
133599.0,53.0,admin.,married,secondary,no,no,call,29.0,jul,Evening,6.0,6.0,0.0,,no,1815.0,101.77060756120322,5.688148285752436,no
152473.0,53.0,admin.,single,secondary,yes,no,call,12.0,may,Night,1.0,1.0,1.0,failure,no,545.0,82.74946871071228,5.011761646768398,no
123253.0,34.0,management,divorced,tertiary,yes,no,,29.0,may,Evening,1.0,1.0,0.0,,no,500.0,98.51686010972536,4.556970986796128,no
152585.0,55.0,admin.,married,secondary,no,no,email,12.0,may,Morning,6.0,6.0,1.0,failure,no,859.0,97.46218752484562,5.094510237502949,no
139776.0,31.0,technician,married,secondary,no,no,call,29.0,aug,Night ,2.0,2.0,0.0,,no,13.0,99.61506066268879,2.8075425334153494,no
160300.0,30.0,services,single,tertiary,no,no,call,4.0,aug,morning,1.0,1.0,2.0,failure,no,1788.0,90.51100993061783,4.5160116793786855,yes
128349.0,57.0,housemaid,married,primary,no,no,,1.0,jul,Evening,3.0,3.0,0.0,,no,53.0,110.82730358872188,2.001467916872198,no
140515.0,41.0,blue-collar,married,secondary,yes,no,call,17.0,nov,Morning,2.0,2.0,2.0,failure,no,271.0,93.3361366793579,5.095670552885986,no
139686.0,35.0,technician,married,tertiary,no,no,call,29.0,aug,Night ,9.0,9.0,0.0,,no,358.0,88.8443116863385,5.251406296565806,no
148541.0,34.0,technician,married,secondary,yes,no,call,17.0,apr,eve,1.0,1.0,0.0,,no,1641.0,82.39918541940017,3.2429469715193973,no
157677.0,43.0,management,married,tertiary,no,no,call,13.0,oct,Morning,2.0,2.0,2.0,failure,no,1188.0,99.54578712031613,7.800877459009602,no
121274.0,29.0,services,married,secondary,yes,yes,,23.0,may,Evening,1.0,1.0,0.0,,no,-753.0,110.49924949058857,3.43289272797391,no
123044.0,34.0,technician,,tertiary,yes,no,,29.0,may,eve,3.0,3.0,0.0,,no,1242.0,111.41701070392008,5.119298248935198,no
147922.0,25.0,student,single,secondary,yes,no,email,14.0,apr,Night ,3.0,3.0,2.0,failure,no,1765.0,108.40014021817616,4.666562694377239,no
158039.0,33.0,admin.,married,secondary,no,no,call,4.0,nov,eve,3.0,3.0,0.0,,no,0.0,97.66350717740966,6.292930315623031,no
125721.0,45.0,retired,single,tertiary,no,no,,9.0,jun,Morning,1.0,1.0,0.0,,no,212.0,92.813229290698,3.646954669277423,no
130515.0,42.0,blue-collar,married,secondary,no,no,call,15.0,jul,Night ,1.0,1.0,0.0,,no,1.0,111.34006280321441,5.287522401563745,no
124464.0,47.0,blue-collar,divorced,primary,yes,no,,3.0,jun,Night ,2.0,2.0,0.0,,no,126.0,97.2763571280905,8.55639031946135,yes
118121.0,31.0,blue-collar,divorced,secondary,yes,no,,12.0,may,Morning,3.0,3.0,0.0,,no,387.0,101.6382219456152,5.764396645976616,no
148684.0,37.0,entrepreneur,married,secondary,,no,call,17.0,apr,Evening,1.0,1.0,0.0,,no,209.0,99.42498219457997,3.457608275057722,no
154368.0,39.0,blue-collar,married,primary,yes,no,call,15.0,may,Evening,3.0,3.0,3.0,failure,no,315.0,102.62732687989958,7.762952247768542,no
135828.0,38.0,technician,,tertiary,no,No,call,8.0,aug,eve,4.0,4.0,0.0,,no,-1.0,95.57141924747926,6.174661553501006,no
149072.0,34.0,management,single,tertiary,yes,yes,call,20.0,apr,Afternoon,6.0,6.0,0.0,,no,-362.0,102.92749316654573,5.079866604021792,no
131693.0,43.0,unemployed,married,secondary,no,no,call,21.0,jul,Afternoon,2.0,2.0,0.0,,no,3.0,97.76955942948719,4.1498929006000385,no
144186.0,30.0,services,single,secondary,yes,no,call,29.0,jan,morning,1.0,1.0,2.0,failure,no,193.0,82.83858037625888,3.341475762690913,no
143050.0,39.0,,single,,no,no,call,21.0,nov,Night,3.0,3.0,0.0,,no,2822.0,92.66785358782029,,no
159570.0,31.0,blue-collar,married,secondary,no,no,call,12.0,may,Night,2.0,2.0,1.0,failure,no,136.0,103.85340123577947,5.428569741925045,yes
135092.0,33.0,self-employed,married,primary,no,no,call,6.0,aug,morning,8.0,8.0,0.0,,no,0.0,114.29308969553503,4.569953377059564,no
127841.0,53.0,blue-collar,married,secondary,yes,No,,20.0,jun,Night,4.0,4.0,0.0,,no,-214.0,115.49844581763494,5.705412356473122,no
144021.0,26.0,student,single,secondary,no,no,call,29.0,jan,eve,1.0,1.0,0.0,,no,782.0,97.40523436111086,5.208670627947902,no
131549.0,34.0,admin.,single,secondary,yes,no,call,21.0,jul,eve,1.0,1.0,0.0,,no,181.0,95.85887654205004,4.868916793238822,no
150674.0,56.0,management,married,tertiary,yes,no,call,6.0,may,Night,2.0,2.0,1.0,failure,no,563.0,101.59855211016263,5.394674949578,no
139236.0,32.0,management,divorced,tertiary,no,no,call,27.0,aug,Night,3.0,3.0,0.0,,no,4393.0,86.2886109617651,3.842266198274275,no
125662.0,39.0,management,married,tertiary,no,no,,9.0,jun,Night,1.0,1.0,0.0,,no,2810.0,92.79624001298455,6.716740431830814,no
132967.0,41.0,blue-collar,married,secondary,no,no,call,25.0,jul,Evening,15.0,15.0,0.0,,no,113.0,107.94173519839173,6.754933488749754,no
138926.0,30.0,technician,single,secondary,no,yes,call,26.0,aug,Evening,10.0,10.0,0.0,,no,9645.0,97.68520797180427,2.9473511927936533,no
143927.0,45.0,blue-collar,married,primary,no,no,call,28.0,jan,Night,3.0,3.0,0.0,,no,103.0,91.5898029049723,6.056677699757456,no
160846.0,32.0,management,married,tertiary,no,no,call,8.0,oct,eve,1.0,1.0,0.0,,no,927.0,88.83518335148116,5.402595660411868,no
138571.0,43.0,technician,married,secondary,no,no,call,25.0,aug,Afternoon,7.0,7.0,0.0,,no,136.0,94.09910252067569,6.626172780223362,yes
123151.0,23.0,technician,married,secondary,yes,no,,29.0,may,eve,3.0,3.0,0.0,,no,8254.0,122.16309770684065,4.008649897657987,no
151937.0,54.0,entrepreneur,married,primary,yes,yes,SMS,11.0,may,Afternoon,1.0,1.0,2.0,failure,no,943.0,80.68301969653335,5.440318204196145,no
116551.0,38.0,management,married,,yes,no,,6.0,may,eve,1.0,1.0,0.0,,no,1349.0,88.74955395228284,4.998471267138292,no
119131.0,41.0,self-employed,married,secondary,yes,no,,15.0,may,Night,1.0,1.0,0.0,,no,149.0,105.9017471904949,6.3237112201648955,no
119444.0,25.0,blue-collar,single,secondary,yes,no,,15.0,may,Afternoon,2.0,2.0,0.0,,no,0.0,92.94363528332039,5.949819361113939,no
127069.0,28.0,technician,divorced,tertiary,yes,yes,,18.0,jun,Evening,3.0,3.0,0.0,,no,594.0,91.09469044675407,2.9815677180275664,no
124447.0,43.0,technician,single,tertiary,yes,no,,3.0,jun,Evening,7.0,7.0,0.0,,no,27733.0,97.30054016340989,2.186126850292691,no
135029.0,44.0,management,married,tertiary,no,no,call,,aug,Morning,2.0,2.0,0.0,,no,1788.0,105.01429551758972,5.2834740695985705,no
116379.0,59.0,management,divorced,tertiary,yes,yes,,6.0,may,Evening,1.0,1.0,0.0,,no,-76.0,97.28876602653372,4.027619701333466,no
131484.0,38.0,management,married,tertiary,yes,yes,call,21.0,jul,Evening,1.0,1.0,0.0,,no,1482.0,100.83888678009522,6.457267404371166,no
139550.0,35.0,technician,single,secondary,no,no,call,28.0,aug,Night ,1.0,1.0,0.0,,no,230.0,103.7090804632306,5.689226206804898,no
129523.0,50.0,admin.,married,primary,no,yes,email,9.0,jul,Afternoon,7.0,7.0,0.0,,no,-75.0,93.35557805368894,5.862977475508703,no
155078.0,27.0,blue-collar,,secondary,yes,no,call,18.0,may,Night ,2.0,2.0,0.0,,no,2752.0,93.37468082652379,6.603170594989097,no
137071.0,34.0,management,divorced,tertiary,no,no,call,14.0,aug,Evening,3.0,3.0,0.0,,no,0.0,101.17623356795575,5.652237089506271,no
152546.0,58.0,blue-collar,single,secondary,yes,yes,call,12.0,may,morning,1.0,1.0,0.0,,no,119.0,105.15074990841093,2.6770729583970123,yes
122673.0,29.0,technician,single,secondary,yes,No,,28.0,may,morning,1.0,1.0,0.0,,yes,-397.0,89.7725452427502,3.5268706205774847,no
154841.0,57.0,admin.,married,secondary,yes,no,call,18.0,may,Night ,1.0,1.0,2.0,other,no,403.0,109.66822563388908,2.5612415350170945,yes
133017.0,44.0,management,married,tertiary,no,no,call,25.0,jul,Night,12.0,12.0,0.0,,no,446.0,94.67859816504257,5.641425231072142,no
157096.0,34.0,admin.,married,secondary,yes,no,call,20.0,aug,Afternoon,2.0,2.0,1.0,success,no,1406.0,92.81721778716505,4.211035103198919,yes
160529.0,45.0,technician,married,secondary,no,no,call,1.0,sep,Night,2.0,2.0,0.0,,no,814.0,92.52445062403713,1.2635173519099454,no
120707.0,36.0,technician,single,secondary,yes,no,,21.0,may,eve,1.0,1.0,0.0,,no,1053.0,90.53472880083037,7.0377747050119694,no
157503.0,43.0,management,divorced,tertiary,no,no,call,22.0,sep,Morning,1.0,1.0,3.0,success,no,2367.0,88.69958418284084,7.365866421802221,yes
130987.0,28.0,blue-collar,married,secondary,no,yes,call,17.0,jul,morning,1.0,1.0,0.0,,no,379.0,106.47320339209261,4.934238493819406,no
147398.0,32.0,admin.,single,secondary,no,yes,call,2.0,apr,Night,3.0,3.0,0.0,,no,471.0,105.2509293753314,3.7953447994352745,yes
116101.0,42.0,retired,married,secondary,yes,no,,5.0,may,Night ,1.0,1.0,0.0,,no,56.0,107.17699565146438,4.820497908838548,no
142861.0,30.0,blue-collar,single,primary,yes,no,call,,nov,Evening,1.0,1.0,3.0,other,no,1395.0,96.67238583531015,6.186544823487535,no
150517.0,45.0,services,divorced,secondary,yes,no,call,5.0,may,Night,2.0,2.0,0.0,,no,343.0,99.4717550342743,5.086123445193917,no
144704.0,52.0,management,married,tertiary,yes,no,call,30.0,jan,Night,1.0,1.0,1.0,failure,no,1355.0,101.68270885457248,3.981825029101006,no
148952.0,33.0,blue-collar,married,primary,yes,no,email,17.0,apr,Evening,2.0,2.0,0.0,,no,-3.0,100.27872244760212,4.598965578123334,no
147962.0,34.0,blue-collar,single,secondary,yes,No,call,14.0,apr,eve,1.0,1.0,2.0,failure,no,47.0,109.65908293848145,4.410663531937562,no
157532.0,55.0,technician,divorced,secondary,no,yes,email,28.0,sep,eve,3.0,3.0,0.0,,no,929.0,101.31047577251098,4.57468051711141,no
121698.0,31.0,services,married,secondary,yes,no,,26.0,may,Night ,1.0,1.0,0.0,,no,-309.0,90.60176430793705,4.9576240529297575,no
128019.0,53.0,blue-collar,married,,no,No,,20.0,jun,Morning,3.0,3.0,0.0,,no,111.0,110.77405186713607,5.667611437273329,no
116432.0,46.0,blue-collar,,secondary,yes,no,,6.0,may,Morning,1.0,1.0,0.0,,no,71.0,97.3175310079558,5.2633497652738015,no
155790.0,51.0,self-employed,married,secondary,no,No,SMS,2.0,jun,Evening,2.0,2.0,0.0,,no,4920.0,107.69950765282167,6.052163677062706,no
147765.0,,blue-collar,married,primary,yes,no,call,9.0,apr,Afternoon,1.0,1.0,0.0,,no,1090.0,98.14178127884537,4.84956776891784,no
157305.0,72.0,management,married,secondary,no,no,call,3.0,sep,Night,1.0,1.0,0.0,,no,6199.0,99.20874609924567,5.897938367059691,no
153622.0,43.0,technician,married,secondary,yes,no,call,14.0,may,Night,1.0,1.0,0.0,,no,38.0,95.13817798436556,4.175527371145389,no
143935.0,27.0,student,single,secondary,no,no,call,28.0,jan,Morning,2.0,2.0,0.0,,no,760.0,89.78586262329011,3.0359411348394234,no
135745.0,38.0,management,married,tertiary,no,no,call,8.0,aug,Evening,2.0,2.0,0.0,,no,328.0,100.32854653779708,3.133011728476357,no
149808.0,59.0,management,,tertiary,no,no,call,30.0,apr,Night ,1.0,1.0,0.0,,no,1729.0,104.9573746099456,4.777757114165721,no
144347.0,46.0,blue-collar,married,secondary,yes,no,call,29.0,jan,morning,2.0,2.0,2.0,failure,no,-3.0,104.0451500316804,5.240873291527569,no
146261.0,46.0,admin.,married,secondary,no,No,call,5.0,feb,eve,2.0,2.0,1.0,other,no,939.0,97.21327572725065,4.865139607248508,no
158329.0,81.0,retired,married,secondary,no,no,call,7.0,dec,eve,1.0,1.0,0.0,,no,93.0,,8.54145454270445,no
116332.0,49.0,services,married,primary,yes,no,,6.0,may,Evening,1.0,1.0,0.0,,no,61.0,109.41214263309423,3.648437967544549,no
116588.0,40.0,admin.,married,secondary,yes,no,,6.0,may,Night ,3.0,3.0,0.0,,no,6.0,110.92724112755337,5.657147669201818,no
132582.0,29.0,management,married,tertiary,yes,no,call,24.0,jul,morning,1.0,1.0,0.0,,no,1022.0,99.01074789796174,6.693456100545083,no
141302.0,35.0,technician,married,secondary,yes,yes,call,18.0,nov,Night,2.0,2.0,1.0,failure,no,2019.0,95.25676638058208,4.740467121019066,no
129063.0,50.0,technician,married,primary,no,yes,call,8.0,jul,Night ,1.0,1.0,0.0,,no,-315.0,111.20769009530359,5.828855031283218,no
135539.0,47.0,services,married,primary,no,No,call,7.0,aug,Afternoon,2.0,2.0,0.0,,no,675.0,105.36053447598886,5.802155092778176,no
158926.0,46.0,management,married,tertiary,no,no,call,15.0,feb,eve,2.0,2.0,1.0,failure,no,349.0,112.02899754657322,4.775914594235807,yes
116026.0,28.0,unemployed,single,tertiary,yes,no,,5.0,may,Evening,2.0,2.0,0.0,,no,0.0,91.14309363143101,2.70722249383547,no
150244.0,37.0,student,single,,no,no,call,4.0,may,Afternoon,5.0,5.0,0.0,,no,444.0,95.11090716318952,7.467430477339081,yes
144693.0,36.0,services,single,secondary,yes,yes,call,30.0,jan,Evening,1.0,1.0,1.0,failure,no,511.0,83.47419312689867,2.3269510548864814,no
156299.0,51.0,management,married,tertiary,no,no,SMS,2.0,jul,Night ,3.0,3.0,0.0,,no,812.0,127.2333100812833,4.433028088029786,no
139051.0,52.0,blue-collar,married,primary,no,no,SMS,26.0,aug,Night ,14.0,14.0,0.0,,no,359.0,102.43480131876497,2.7099636552282034,no
144838.0,43.0,admin.,married,secondary,yes,no,call,2.0,feb,morning,1.0,1.0,0.0,,no,877.0,100.3502820181665,5.465277743244128,no
137801.0,33.0,management,single,tertiary,no,no,email,20.0,aug,Morning,6.0,6.0,0.0,,no,432.0,111.1505182606285,4.573631878512298,yes
150022.0,46.0,technician,,,yes,no,call,30.0,apr,Night,1.0,1.0,0.0,,,3914.0,101.38490135784929,6.337022573355375,no
148919.0,29.0,blue-collar,married,primary,yes,yes,call,17.0,apr,Evening,3.0,3.0,1.0,failure,no,459.0,93.14150882388472,4.405052173348384,no
140562.0,52.0,technician,divorced,secondary,no,no,SMS,17.0,nov,Night ,3.0,3.0,0.0,,no,0.0,102.1647451563094,5.838241784622019,no
154942.0,55.0,retired,divorced,tertiary,no,no,call,18.0,may,Afternoon,1.0,1.0,1.0,success,no,0.0,92.24387797750597,3.2545171029858677,yes
135942.0,46.0,blue-collar,married,primary,no,no,call,,aug,Night,5.0,5.0,0.0,,no,7982.0,93.06185173746101,4.526953226497877,no
156140.0,54.0,blue-collar,married,secondary,no,No,call,15.0,jun,eve,1.0,1.0,0.0,,no,21.0,128.61260247105386,4.468966937769353,no
152371.0,33.0,blue-collar,married,secondary,yes,No,call,12.0,may,morning,3.0,3.0,0.0,,,-253.0,99.3008948193695,4.471057715956417,no
123896.0,49.0,self-employed,married,secondary,yes,no,,2.0,jun,Night,3.0,3.0,0.0,,no,294.0,92.87467692957352,5.788812868153822,no
154652.0,29.0,services,single,secondary,yes,yes,call,18.0,may,Afternoon,4.0,4.0,4.0,other,no,-79.0,105.70924638762968,5.237280342733172,no
149225.0,33.0,blue-collar,married,secondary,yes,no,call,20.0,apr,morning,1.0,1.0,0.0,,no,3458.0,90.3198838314157,2.5033378566136784,no
124803.0,40.0,services,married,secondary,yes,no,,4.0,jun,Morning,1.0,1.0,0.0,,no,113.0,86.17724083771675,5.221010789648243,no
133602.0,25.0,services,single,secondary,yes,no,call,29.0,jul,eve,18.0,18.0,0.0,,no,88.0,99.42724815254336,4.348664017075381,no
145235.0,51.0,technician,married,secondary,no,no,call,2.0,feb,Evening,2.0,2.0,0.0,,no,100.0,111.50489760630796,2.341995156414868,yes
157315.0,73.0,retired,single,secondary,no,no,call,4.0,sep,Afternoon,2.0,2.0,0.0,,no,1050.0,101.28902181810888,4.705781585040437,no
144110.0,27.0,admin.,single,tertiary,no,no,call,29.0,jan,eve,1.0,1.0,0.0,,no,73.0,96.58773966604564,4.152041644774601,no
146281.0,34.0,technician,divorced,tertiary,no,yes,call,5.0,feb,Evening,1.0,1.0,2.0,failure,no,66.0,103.45805294349822,3.914746921379484,no
126836.0,50.0,management,married,tertiary,yes,no,,17.0,jun,Night,4.0,4.0,0.0,,no,,101.45624985396483,4.761660294667756,no
141769.0,51.0,entrepreneur,married,tertiary,no,no,call,19.0,nov,Afternoon,2.0,2.0,0.0,,no,3.0,103.15416569921128,5.890578440170314,no
136831.0,45.0,blue-collar,married,secondary,no,no,call,13.0,aug,eve,5.0,5.0,0.0,,no,241.0,95.51282002859747,4.7099403848606975,no
143028.0,40.0,admin.,married,secondary,no,no,call,21.0,nov,eve,2.0,2.0,0.0,,no,67.0,105.44171496339996,3.544074700592294,no
139785.0,33.0,technician,married,tertiary,no,no,call,29.0,aug,eve,2.0,2.0,0.0,,no,,105.84745140531811,1.915902306071179,no
143885.0,32.0,admin.,married,secondary,no,no,call,28.0,jan,eve,1.0,1.0,0.0,,no,3473.0,108.57298282643599,6.0650965333649065,no
118226.0,31.0,admin.,,secondary,yes,no,,13.0,may,Afternoon,1.0,1.0,0.0,,no,296.0,94.85221400681378,6.3269808424079335,no
131701.0,56.0,technician,divorced,secondary,no,no,call,21.0,jul,Evening,9.0,9.0,0.0,,no,672.0,81.21595431033626,3.9343150023788436,no
125355.0,46.0,self-employed,single,secondary,no,no,,6.0,jun,eve,1.0,1.0,0.0,,no,2899.0,110.38239342907816,4.68768336654978,no
134607.0,61.0,retired,divorced,secondary,no,yes,call,31.0,jul,Morning,4.0,4.0,0.0,,no,410.0,100.49626237439611,5.681077384322344,no
144655.0,58.0,entrepreneur,married,tertiary,yes,no,call,30.0,jan,morning,1.0,1.0,0.0,,no,364.0,97.0359135961233,3.3557984629450264,no
157475.0,54.0,unemployed,divorced,secondary,no,no,call,15.0,sep,morning,1.0,1.0,3.0,success,no,1664.0,94.41995618836657,4.552268967333026,yes
134194.0,34.0,technician,single,tertiary,yes,yes,call,31.0,jul,Night ,3.0,3.0,0.0,,no,-554.0,94.41375372274251,4.406403029317572,no
160804.0,,management,single,tertiary,no,No,call,29.0,sep,morning,1.0,1.0,4.0,success,no,390.0,115.39559652810502,3.995591490407106,yes
143549.0,46.0,admin.,married,secondary,yes,no,email,21.0,nov,Afternoon,9.0,9.0,0.0,,no,3098.0,95.75485406530204,4.632326312304042,no
149646.0,53.0,management,married,tertiary,no,no,call,22.0,apr,morning,1.0,1.0,2.0,failure,no,3754.0,111.79476599681742,4.758787921316234,yes
121395.0,36.0,technician,divorced,tertiary,no,no,,23.0,may,morning,2.0,2.0,0.0,,no,0.0,99.36379596903257,2.2372764219133385,no
153198.0,45.0,blue-collar,divorced,primary,yes,no,call,13.0,may,Morning,2.0,2.0,0.0,,no,-69.0,103.12903420626724,5.909579413588922,no
135047.0,55.0,technician,married,tertiary,no,yes,call,5.0,aug,eve,2.0,2.0,0.0,,no,169.0,80.06411658650754,4.28498261051742,yes
129918.0,36.0,technician,married,secondary,yes,no,call,11.0,jul,morning,1.0,1.0,0.0,,no,3832.0,104.41972469520512,4.845027299275917,no
122476.0,40.0,management,single,tertiary,yes,No,,28.0,may,eve,1.0,1.0,0.0,,no,326.0,105.73676035133865,3.9384621261600747,no
136480.0,50.0,management,married,tertiary,no,no,call,12.0,aug,Night ,2.0,2.0,0.0,,no,2296.0,97.08441954482417,3.929792334376555,no
157914.0,54.0,admin.,divorced,secondary,no,No,call,28.0,oct,eve,1.0,1.0,0.0,,no,735.0,106.6479374398487,4.244740351548174,no
136567.0,33.0,management,married,tertiary,yes,no,call,12.0,aug,Night,7.0,7.0,0.0,,no,1674.0,117.03931941485607,5.61711616300746,no
120780.0,33.0,technician,single,secondary,no,no,,21.0,may,Night,1.0,1.0,0.0,,no,49.0,96.06748891669645,6.970156731381778,no
124060.0,31.0,blue-collar,married,secondary,no,no,,2.0,jun,Afternoon,1.0,1.0,0.0,,no,0.0,91.10464601294768,3.8846000708553703,no
141321.0,42.0,blue-collar,married,secondary,yes,no,call,18.0,nov,eve,1.0,1.0,0.0,,no,681.0,87.9542286904857,5.163641179274978,no
140258.0,56.0,technician,divorced,secondary,yes,No,call,17.0,nov,Afternoon,1.0,1.0,4.0,failure,no,689.0,127.10790147386948,1.8976855788091163,no
133256.0,59.0,retired,married,primary,yes,no,email,28.0,jul,Night ,3.0,3.0,0.0,,no,824.0,88.72121952384714,7.18117686574059,no
130365.0,36.0,management,single,primary,no,no,SMS,14.0,jul,morning,3.0,3.0,0.0,,no,51.0,92.24172013194814,3.6107350231850748,no
132921.0,26.0,services,single,secondary,no,no,call,,jul,Morning,3.0,3.0,0.0,,no,0.0,96.45723228129602,5.219988494992361,no
128148.0,56.0,blue-collar,divorced,,no,no,,23.0,jun,Morning,3.0,3.0,0.0,,no,1363.0,93.79879532961154,4.435059811648443,no
143219.0,58.0,management,divorced,tertiary,yes,No,call,21.0,nov,eve,1.0,1.0,1.0,failure,no,26254.0,98.52314802438548,4.349877674958927,no
123811.0,35.0,blue-collar,married,primary,yes,no,,30.0,may,Night,4.0,4.0,0.0,,no,3587.0,102.42558803917069,6.6760746498123575,no
118633.0,48.0,blue-collar,married,primary,no,no,,14.0,,Evening,3.0,3.0,0.0,,no,9004.0,94.28655232847001,3.38844026170504,no
129998.0,51.0,unemployed,married,tertiary,no,yes,call,11.0,jul,Night,7.0,7.0,0.0,,,174.0,94.10981667113457,5.254923722927692,no
122718.0,30.0,admin.,married,primary,yes,No,,28.0,may,Night,2.0,2.0,0.0,,no,-171.0,113.97584609470718,3.374107579151956,no
127891.0,55.0,services,single,secondary,no,no,,20.0,,Afternoon,2.0,2.0,0.0,,no,1539.0,94.54856126669968,5.266043814792687,no
125516.0,53.0,retired,divorced,secondary,no,yes,,6.0,jun,Night ,1.0,1.0,0.0,,yes,-200.0,114.88383952562916,4.487533857525773,no
120326.0,37.0,management,married,secondary,yes,no,,20.0,may,Afternoon,1.0,1.0,0.0,,no,3175.0,91.03765982891345,7.640126461452866,no
157653.0,55.0,admin.,married,secondary,no,no,call,13.0,oct,Night,1.0,1.0,2.0,failure,no,9329.0,91.53192179599867,5.379400947727694,no
143640.0,42.0,technician,divorced,secondary,no,no,call,28.0,jan,Evening,1.0,1.0,0.0,,no,-593.0,89.84704483909654,4.660229624979703,no
155084.0,35.0,management,single,tertiary,yes,no,call,18.0,may,Night,2.0,2.0,6.0,failure,no,-292.0,100.8771105875587,4.942456099140197,no
145017.0,30.0,admin.,single,tertiary,no,no,call,2.0,,Afternoon,1.0,1.0,0.0,,no,267.0,101.85510996606678,2.589251708373973,no
148586.0,38.0,blue-collar,married,primary,yes,yes,call,17.0,apr,Night ,1.0,1.0,1.0,failure,no,398.0,92.58882492795111,3.685478948637612,no
117510.0,28.0,technician,single,secondary,yes,yes,,9.0,may,eve,5.0,5.0,0.0,,no,-9.0,90.88340066674681,3.825095377731438,no
146395.0,32.0,technician,single,secondary,yes,no,call,5.0,feb,eve,2.0,2.0,0.0,,no,315.0,102.82491285900048,3.0443127320113623,no
147175.0,34.0,management,single,tertiary,no,No,call,9.0,mar,Night ,1.0,1.0,0.0,,no,575.0,94.03015154662384,3.515711809314948,yes
134701.0,54.0,housemaid,married,secondary,no,no,SMS,31.0,jul,Afternoon,6.0,6.0,0.0,,no,991.0,95.6237811608929,5.523685604071504,no
140679.0,45.0,technician,single,,yes,yes,call,18.0,nov,Night ,1.0,1.0,3.0,failure,no,7108.0,103.30537234664713,5.268251750281175,no
159686.0,40.0,technician,married,secondary,no,no,call,26.0,may,Afternoon,3.0,3.0,7.0,other,no,2266.0,103.90177303094649,4.853267151290184,yes
137394.0,60.0,retired,married,tertiary,no,no,call,19.0,aug,Afternoon,7.0,7.0,0.0,,no,10500.0,96.36668403836939,4.719570183385296,no
131828.0,37.0,retired,married,secondary,no,no,call,22.0,jul,Afternoon,3.0,3.0,0.0,,no,-252.0,95.1856749275043,5.720012488271061,no
152396.0,54.0,blue-collar,married,primary,yes,no,call,12.0,may,Night,4.0,4.0,2.0,failure,no,0.0,101.87135169869568,6.3928647678820685,no
119516.0,31.0,blue-collar,single,secondary,yes,no,,15.0,may,Evening,4.0,4.0,0.0,,no,33.0,81.29401929000095,6.153977053114003,no
157248.0,49.0,self-employed,married,tertiary,,yes,call,31.0,aug,Night ,1.0,1.0,0.0,,no,99.0,90.29067251992102,5.792434369047305,no
136190.0,32.0,technician,married,secondary,no,no,call,11.0,aug,Morning,3.0,3.0,0.0,,no,999.0,100.53268099545976,4.621766712064379,no
159575.0,23.0,student,single,,no,no,call,12.0,may,Evening,1.0,1.0,0.0,,no,2530.0,100.11095219070329,4.6392511562084175,yes
151666.0,33.0,blue-collar,single,secondary,yes,no,call,8.0,may,Afternoon,2.0,2.0,2.0,failure,no,1925.0,83.21561331361667,4.834673212651624,no
130421.0,42.0,blue-collar,married,secondary,yes,no,call,15.0,jul,Morning,3.0,3.0,0.0,,no,-145.0,87.65375123570803,4.285572652233753,no
124583.0,27.0,blue-collar,married,primary,yes,no,,3.0,jun,Night,1.0,1.0,0.0,,no,60.0,92.3792130493436,5.012141748616841,no
152081.0,31.0,admin.,single,secondary,yes,no,call,11.0,may,Night,1.0,1.0,1.0,other,no,78.0,96.58438029411386,4.1715324159798035,no
147035.0,25.0,student,,tertiary,yes,yes,call,19.0,feb,eve,2.0,2.0,12.0,other,no,4923.0,92.62346489388344,5.816552600915166,no
154093.0,31.0,management,single,tertiary,yes,no,call,15.0,may,morning,1.0,1.0,0.0,,no,291.0,108.46201406215755,3.6799688371021877,no
126049.0,49.0,management,married,tertiary,no,no,,11.0,jun,Night,1.0,1.0,0.0,,no,64.0,102.01528840924676,2.6006169754913637,yes
119449.0,46.0,blue-collar,married,secondary,yes,No,,15.0,may,Afternoon,2.0,2.0,0.0,,no,668.0,116.7665462020877,4.5834145613049975,yes
141631.0,42.0,blue-collar,married,primary,yes,no,call,19.0,nov,Afternoon,1.0,1.0,0.0,,no,807.0,100.65600604625355,6.564280801494496,yes
120103.0,44.0,retired,married,secondary,yes,no,,19.0,may,Night,6.0,6.0,0.0,,no,181.0,76.36146570342078,4.1564272954842645,no
152475.0,39.0,blue-collar,married,secondary,yes,yes,call,12.0,may,eve,1.0,1.0,0.0,,no,167.0,106.4941348278279,4.46773747347741,yes
131741.0,57.0,housemaid,married,primary,no,No,call,21.0,jul,eve,2.0,2.0,0.0,,no,688.0,98.15604730387534,7.710479995383005,no
127800.0,39.0,unemployed,married,secondary,no,no,,20.0,jun,Night ,6.0,6.0,0.0,,no,1654.0,105.46763955024373,5.584155910164348,no
143442.0,50.0,unemployed,married,secondary,no,no,call,21.0,nov,morning,2.0,2.0,0.0,,no,36221.0,99.19232489197626,4.721236385416857,no
122236.0,60.0,technician,divorced,tertiary,yes,no,,27.0,may,Evening,1.0,1.0,0.0,,no,-317.0,103.5247961943546,6.120614686637492,no
160474.0,61.0,retired,married,tertiary,,no,call,18.0,aug,eve,7.0,7.0,3.0,success,no,5267.0,85.40694196878819,5.166906783395241,no
158480.0,30.0,housemaid,single,tertiary,yes,no,call,30.0,dec,Night ,3.0,3.0,0.0,,no,3185.0,111.83275619989033,3.906963195163536,no
129649.0,42.0,blue-collar,divorced,secondary,yes,yes,call,10.0,jul,Afternoon,1.0,1.0,0.0,,no,1261.0,100.54752943270869,4.224176466320313,no
121446.0,35.0,admin.,single,secondary,yes,,,23.0,may,morning,4.0,4.0,0.0,,no,91.0,96.33426887896283,6.730757940251325,no
150061.0,24.0,student,single,secondary,no,no,call,30.0,apr,morning,2.0,2.0,0.0,,no,382.0,92.5315986532779,,yes
147058.0,41.0,management,married,tertiary,no,no,call,27.0,feb,Afternoon,3.0,3.0,0.0,,no,144.0,111.10592593518926,5.3981133865436455,no
154091.0,34.0,management,single,tertiary,yes,No,call,15.0,may,morning,1.0,1.0,1.0,failure,no,11350.0,97.71541117292101,4.875267264767683,no
132893.0,57.0,management,married,tertiary,yes,no,email,25.0,jul,Morning,2.0,2.0,0.0,,no,4185.0,93.97417819496745,6.468359221415424,no
148473.0,28.0,technician,married,secondary,yes,no,call,17.0,apr,Morning,1.0,1.0,0.0,,no,-92.0,99.7690960230172,4.367678627423242,no
121501.0,31.0,unemployed,married,secondary,yes,yes,,23.0,may,Night ,5.0,5.0,0.0,,no,57.0,100.47675802543563,4.033140921821943,no
124816.0,23.0,services,single,secondary,yes,no,,4.0,jun,Morning,3.0,3.0,0.0,,no,500.0,80.10809952346759,2.890950341537259,no
133303.0,44.0,management,married,primary,yes,yes,call,28.0,jul,morning,5.0,5.0,0.0,,no,5418.0,106.8530507677688,6.3471546537147585,no
159894.0,72.0,retired,married,primary,no,no,call,28.0,jun,Afternoon,6.0,6.0,6.0,failure,no,0.0,92.49123894427483,4.9659296082003195,no
124624.0,48.0,blue-collar,married,primary,yes,no,,4.0,jun,morning,3.0,3.0,0.0,,no,160.0,94.74584390468772,5.825018042220381,no
129932.0,36.0,technician,married,secondary,yes,No,call,11.0,jul,Morning,1.0,1.0,0.0,,no,-456.0,108.92709718010073,5.913848254263065,no
141218.0,50.0,management,married,tertiary,yes,no,call,18.0,nov,Morning,2.0,2.0,0.0,,no,1477.0,93.24848762606302,7.800742466452788,no
148457.0,52.0,blue-collar,married,secondary,yes,no,call,17.0,apr,eve,2.0,2.0,1.0,failure,no,1374.0,80.49734196829753,6.742410096720487,no
119521.0,43.0,blue-collar,married,primary,yes,no,,15.0,may,morning,4.0,4.0,0.0,,no,2605.0,94.5983987303754,4.731992080128432,no
,52.0,blue-collar,married,secondary,,no,,8.0,,Evening,1.0,1.0,0.0,,no,46.0,83.86722635842641,3.5893684382277034,no
140760.0,34.0,management,married,tertiary,yes,yes,call,18.0,nov,Evening,1.0,1.0,0.0,,no,786.0,99.92669733217265,6.24591769828991,no
129047.0,28.0,services,married,secondary,yes,yes,call,8.0,jul,Evening,2.0,2.0,0.0,,no,510.0,95.10579333801742,6.783164937025891,yes
131684.0,29.0,blue-collar,married,secondary,yes,yes,call,21.0,jul,Morning,1.0,1.0,0.0,,no,-49.0,92.508729109569,2.6669663571619595,no
140211.0,42.0,technician,married,secondary,no,no,call,17.0,nov,morning,2.0,2.0,0.0,,no,4466.0,100.0346643717007,5.086400857612266,no
150137.0,57.0,admin.,single,secondary,,no,call,4.0,may,Afternoon,3.0,3.0,1.0,failure,no,738.0,90.36364724764584,7.765522527442526,no
148985.0,46.0,technician,married,secondary,no,no,SMS,20.0,apr,Afternoon,2.0,2.0,0.0,,no,0.0,119.08507392372931,5.3932467364298216,no
155284.0,47.0,technician,married,secondary,no,yes,SMS,22.0,may,Evening,1.0,1.0,0.0,,no,3519.0,113.71151248371724,3.7296785382476467,no
132659.0,42.0,management,divorced,tertiary,yes,no,call,24.0,jul,Evening,9.0,9.0,0.0,,no,401.0,88.79598251793658,3.3521930607735477,no
159254.0,60.0,retired,married,secondary,no,no,call,26.0,mar,Afternoon,1.0,1.0,3.0,other,no,2060.0,98.00165159235341,5.63834020057811,no
134089.0,56.0,technician,divorced,,yes,no,call,30.0,jul,Night ,3.0,3.0,0.0,,no,1939.0,101.38787102428867,4.90068573393993,no
131393.0,33.0,management,married,tertiary,yes,yes,call,18.0,jul,Night ,9.0,9.0,0.0,,no,114.0,121.64372476700649,4.746975746286777,no
137079.0,58.0,retired,divorced,secondary,no,yes,call,14.0,aug,Night,1.0,1.0,0.0,,yes,-397.0,95.18124402446938,3.5857254012332724,no
135586.0,59.0,services,married,primary,,no,call,7.0,aug,Afternoon,2.0,2.0,0.0,,no,927.0,97.68199844909086,5.143302102435814,no
148751.0,25.0,technician,single,secondary,yes,no,call,17.0,apr,Night,1.0,1.0,0.0,,no,1105.0,121.55961297915334,2.254597925568156,no
145403.0,59.0,unemployed,divorced,secondary,no,no,SMS,3.0,feb,Morning,1.0,1.0,0.0,,no,2921.0,113.4972150653432,4.38694039004158,no
154954.0,29.0,blue-collar,single,secondary,yes,No,call,18.0,may,Afternoon,1.0,1.0,0.0,,no,922.0,100.29665096846095,5.728741731938714,no
141211.0,50.0,unemployed,married,secondary,yes,no,email,18.0,nov,Night,2.0,2.0,0.0,,no,525.0,,6.492591534520944,no
142144.0,,management,single,tertiary,no,no,call,20.0,nov,morning,1.0,1.0,0.0,,no,1379.0,100.64817829440499,6.201026875242847,no
158007.0,51.0,technician,married,secondary,yes,no,email,2.0,nov,Evening,5.0,5.0,0.0,,no,,110.1415210627315,,no
124617.0,49.0,services,single,secondary,yes,no,,4.0,jun,Night ,3.0,3.0,0.0,,no,308.0,83.08835172529379,5.746766099731785,no
152328.0,46.0,blue-collar,married,secondary,yes,yes,call,11.0,may,Afternoon,3.0,3.0,2.0,failure,no,2603.0,86.17391369920983,4.016967529673819,no
158646.0,54.0,admin.,married,secondary,no,No,call,27.0,jan,Afternoon,1.0,1.0,0.0,,no,0.0,89.2703504351885,3.538506067381393,yes
142334.0,46.0,technician,divorced,secondary,yes,no,call,20.0,nov,Evening,4.0,4.0,2.0,failure,no,3455.0,101.56225350512507,5.743086599498559,no
154909.0,28.0,admin.,single,secondary,yes,yes,call,18.0,may,Afternoon,1.0,1.0,0.0,,no,352.0,110.1075812616063,5.1090714479941575,yes
146966.0,64.0,technician,married,secondary,yes,No,call,13.0,feb,Night ,2.0,2.0,0.0,,no,1473.0,91.07023405117486,7.093255658854853,no
151229.0,24.0,admin.,single,secondary,yes,no,call,7.0,may,Night,1.0,1.0,0.0,,no,1725.0,109.47044324520785,6.646708401359145,no
125717.0,43.0,management,single,tertiary,no,no,,9.0,jun,Evening,1.0,1.0,0.0,,no,1046.0,100.86068166544356,5.414068333968329,yes
122780.0,24.0,blue-collar,single,secondary,,no,,28.0,may,Night ,2.0,2.0,0.0,,no,327.0,112.57686577270573,3.370011103373103,no
121552.0,,blue-collar,married,primary,yes,no,,26.0,may,Afternoon,5.0,5.0,0.0,,no,1156.0,107.0735072384315,5.887034211246784,no
151872.0,52.0,management,single,tertiary,no,no,call,8.0,may,Night ,1.0,1.0,2.0,failure,no,824.0,94.3625938361973,5.387995929846525,no
158569.0,60.0,retired,divorced,tertiary,yes,no,call,15.0,jan,Morning,3.0,3.0,1.0,failure,no,979.0,80.64953753781235,6.9346144170616535,yes
125709.0,47.0,technician,married,tertiary,no,no,,9.0,jun,Night,1.0,1.0,0.0,,no,4568.0,80.9629949123641,3.4770581035591315,no
157946.0,50.0,technician,married,secondary,no,no,call,29.0,oct,Morning,2.0,2.0,2.0,other,no,3654.0,91.45607152510703,4.22465685407907,yes
139894.0,33.0,technician,single,tertiary,no,no,SMS,29.0,aug,Night ,2.0,2.0,0.0,,no,125.0,103.26955955604005,6.932639318879254,no
137463.0,41.0,technician,married,secondary,no,no,call,19.0,aug,morning,2.0,2.0,0.0,,no,240.0,102.74812877528805,4.404638019303131,no
116614.0,52.0,blue-collar,married,primary,yes,no,,6.0,may,morning,3.0,3.0,0.0,,no,58.0,91.33588878489832,4.54007944270602,no
137271.0,30.0,management,married,tertiary,no,no,call,,aug,Evening,2.0,2.0,0.0,,no,10639.0,92.43930922715816,3.268242526525883,no
153017.0,50.0,blue-collar,married,primary,yes,no,call,13.0,may,Evening,1.0,1.0,2.0,failure,no,0.0,81.0095850771599,3.4685329788088763,no
131858.0,36.0,management,divorced,tertiary,no,yes,call,22.0,jul,Night ,1.0,1.0,0.0,,no,81.0,97.08966316759292,2.6790860694163143,yes
140326.0,48.0,management,married,primary,no,no,call,17.0,nov,morning,1.0,1.0,0.0,,no,427.0,110.97863983320799,5.16223179860042,no
144444.0,38.0,blue-collar,married,secondary,yes,no,call,29.0,jan,Night,2.0,2.0,0.0,,no,220.0,98.28025441918979,4.070177392758518,no
118786.0,41.0,admin.,married,secondary,yes,no,,14.0,may,Evening,1.0,1.0,0.0,,no,1309.0,107.72012173098848,5.824920964081171,no
122680.0,26.0,services,single,tertiary,yes,yes,,28.0,may,morning,1.0,1.0,0.0,,no,1624.0,118.70469667389077,6.566284561955983,no
138462.0,36.0,technician,married,secondary,no,no,call,22.0,aug,morning,6.0,6.0,0.0,,no,287.0,89.9902621871422,4.272546188523456,no
154793.0,42.0,blue-collar,single,,yes,no,call,18.0,may,morning,6.0,6.0,1.0,failure,no,961.0,109.5912018855953,4.038076654945065,no
118755.0,51.0,management,divorced,tertiary,yes,no,,14.0,may,Night,1.0,1.0,0.0,,,482.0,82.45372699532015,5.474679335669501,no
146161.0,53.0,services,divorced,secondary,no,no,call,5.0,feb,Morning,6.0,6.0,0.0,,no,4554.0,106.46315905130938,5.870306850164662,no
141558.0,31.0,housemaid,married,secondary,no,no,call,19.0,nov,Night,1.0,1.0,0.0,,no,14.0,93.47809907743148,7.435327777201469,no
124114.0,34.0,management,married,tertiary,yes,no,,2.0,jun,Morning,4.0,4.0,0.0,,no,1267.0,92.78331785709649,5.359291825732929,no
147908.0,45.0,blue-collar,married,secondary,yes,no,call,14.0,apr,eve,2.0,2.0,0.0,,no,863.0,102.28685692754986,,no
146555.0,36.0,unemployed,divorced,primary,no,no,call,6.0,feb,Night ,2.0,2.0,0.0,,no,510.0,109.38803469131868,4.525178860704114,no
136777.0,36.0,management,married,tertiary,no,no,call,13.0,aug,Night,1.0,1.0,0.0,,no,114.0,116.62567390632705,6.526727699101245,no
137201.0,51.0,technician,married,secondary,no,no,call,18.0,aug,morning,3.0,3.0,0.0,,no,2242.0,112.96564903359736,2.5032732613381388,no
121086.0,33.0,blue-collar,married,secondary,yes,no,,21.0,may,Night ,3.0,3.0,0.0,,no,0.0,107.22745559227315,4.588754433395561,yes
133774.0,42.0,admin.,married,secondary,no,no,call,30.0,jul,Morning,2.0,2.0,0.0,,no,947.0,100.99149724360862,4.934505355026117,no
134163.0,48.0,management,married,tertiary,yes,no,call,31.0,jul,Afternoon,6.0,6.0,0.0,,no,10347.0,86.84089340237456,6.280805221858152,no
141555.0,54.0,management,married,tertiary,no,no,call,19.0,nov,eve,2.0,2.0,0.0,,no,11246.0,110.27427683469124,4.28959436621344,no
144950.0,32.0,services,married,secondary,yes,No,call,2.0,feb,Night,1.0,1.0,2.0,failure,no,289.0,100.01566315239182,3.880888829420651,no
130225.0,43.0,blue-collar,single,tertiary,yes,no,call,14.0,jul,Night ,2.0,2.0,0.0,,no,1344.0,115.83611054332415,1.5111147305587842,no
158985.0,57.0,blue-collar,married,secondary,no,no,email,22.0,feb,Afternoon,4.0,4.0,2.0,failure,no,1686.0,101.65498389249744,6.285775289408102,no
146147.0,42.0,self-employed,single,tertiary,no,no,call,5.0,feb,eve,1.0,1.0,0.0,,no,580.0,120.25887734055499,6.464312953885938,no
149829.0,44.0,self-employed,divorced,tertiary,yes,no,call,30.0,apr,Night,1.0,1.0,2.0,other,no,1070.0,110.69625364397508,2.5877462532856956,yes
147675.0,39.0,admin.,married,secondary,yes,no,call,8.0,apr,eve,1.0,1.0,4.0,failure,no,217.0,94.13185217570174,8.362733256010607,no
117999.0,33.0,blue-collar,married,primary,yes,no,,12.0,may,Afternoon,2.0,2.0,0.0,,no,211.0,84.8417011133586,7.40832394274335,no
152996.0,55.0,management,divorced,tertiary,yes,yes,email,13.0,may,Afternoon,5.0,5.0,1.0,success,no,2171.0,100.60693253937761,6.88477980155159,no
122670.0,28.0,blue-collar,married,secondary,no,no,,28.0,may,eve,4.0,4.0,0.0,,no,17.0,104.16479631829604,4.7317960595915745,no
147662.0,53.0,admin.,married,secondary,yes,no,call,8.0,apr,Night,1.0,1.0,0.0,,no,35.0,97.38646406482341,6.441027003427845,no
147323.0,59.0,retired,married,tertiary,no,no,email,27.0,mar,morning,2.0,2.0,0.0,,no,9676.0,117.33503721045783,4.605794712755018,yes
126556.0,51.0,blue-collar,married,secondary,no,yes,,16.0,jun,Night,3.0,3.0,0.0,,no,33.0,103.05273610593709,7.039291389546649,yes
157992.0,29.0,technician,single,secondary,no,No,call,2.0,nov,Afternoon,2.0,2.0,0.0,,no,3851.0,121.37705307875655,3.592235025792246,no
120007.0,57.0,management,married,primary,no,no,,19.0,may,Morning,1.0,1.0,0.0,,no,0.0,95.29135597923812,4.248767826397064,no
119215.0,42.0,technician,married,secondary,yes,no,,15.0,may,Evening,1.0,1.0,0.0,,no,1865.0,107.02503295794833,5.268221537517163,no
138491.0,37.0,management,married,tertiary,no,yes,call,22.0,aug,Morning,1.0,1.0,0.0,,no,49.0,97.22528286178925,4.33343208036741,no
120388.0,33.0,admin.,married,secondary,yes,no,,20.0,may,Evening,1.0,1.0,0.0,,no,2.0,93.61077527532265,2.8936740192063217,no
125043.0,37.0,technician,single,secondary,no,No,,5.0,jun,Morning,2.0,2.0,0.0,,no,255.0,89.47862154239559,4.46157596356869,no
136468.0,55.0,management,married,tertiary,no,No,call,12.0,aug,Morning,16.0,16.0,0.0,,no,134.0,97.35897253058039,4.36199353811317,no
133814.0,48.0,,married,,no,,call,30.0,jul,morning,2.0,2.0,0.0,,no,286.0,110.24529048497038,5.278374094385138,no
148946.0,34.0,services,married,secondary,yes,no,call,17.0,apr,morning,2.0,2.0,1.0,other,no,241.0,93.58482199253815,7.294569035158038,no
144875.0,39.0,blue-collar,married,,no,no,call,2.0,feb,Afternoon,1.0,1.0,3.0,failure,no,0.0,,3.8058086944738556,no
125299.0,54.0,services,single,secondary,no,no,,6.0,jun,Night ,1.0,1.0,0.0,,no,492.0,95.94369320049334,8.15437952186419,no
140944.0,30.0,management,single,tertiary,yes,,call,18.0,nov,eve,1.0,1.0,0.0,,no,2995.0,86.66234212407271,4.946418948087157,no
148797.0,49.0,blue-collar,married,secondary,no,no,call,17.0,apr,Night ,1.0,1.0,0.0,,no,2159.0,94.04629597570771,3.4299118139539906,no
143679.0,48.0,blue-collar,married,primary,no,no,call,28.0,jan,Night ,2.0,2.0,0.0,,no,1678.0,85.03476933038561,4.8630937761165,no
124826.0,39.0,admin.,married,secondary,yes,no,,4.0,jun,Morning,15.0,15.0,0.0,,no,1577.0,102.38526272063388,4.438129667045748,no
130766.0,30.0,management,married,tertiary,yes,yes,call,16.0,jul,Evening,2.0,2.0,0.0,,no,319.0,106.97745256371465,6.936209358292875,no
120941.0,32.0,management,married,tertiary,yes,no,,21.0,may,Morning,1.0,1.0,0.0,,no,1330.0,104.90122798893732,4.159511009990111,no
123143.0,41.0,blue-collar,single,,yes,No,,29.0,may,Afternoon,1.0,1.0,0.0,,no,961.0,98.16682184652537,2.665363709753389,no
158811.0,73.0,retired,married,tertiary,no,no,call,5.0,feb,Morning,2.0,2.0,0.0,,no,443.0,102.77624076118771,5.353795848945764,no
161084.0,29.0,management,single,tertiary,no,no,call,16.0,nov,Night ,1.0,1.0,0.0,,no,765.0,105.70205744827128,5.622796926322493,yes
132804.0,25.0,services,single,secondary,no,no,email,25.0,jul,Afternoon,1.0,1.0,0.0,,no,368.0,90.55297938103757,6.876007934279881,no
152633.0,38.0,blue-collar,married,secondary,yes,yes,call,12.0,may,Night ,1.0,1.0,0.0,,no,-367.0,86.74542203788468,2.021491526361894,no
150883.0,28.0,unemployed,single,tertiary,yes,no,call,6.0,may,Night,1.0,1.0,2.0,failure,no,1010.0,75.23362725930244,4.494200767127182,no
156641.0,54.0,technician,married,secondary,no,no,call,10.0,aug,Night,1.0,1.0,2.0,other,no,10185.0,108.73203251917363,6.338063273885236,yes
147541.0,33.0,admin.,married,secondary,yes,no,email,6.0,apr,morning,1.0,1.0,0.0,,no,796.0,103.84265074152454,7.798016425776168,no
156675.0,45.0,management,married,tertiary,yes,no,call,11.0,aug,Afternoon,2.0,2.0,1.0,failure,no,3857.0,87.93951115520645,4.861158590130618,no
156260.0,73.0,retired,married,tertiary,no,no,call,22.0,jun,Night ,1.0,1.0,1.0,success,no,448.0,97.33446205887039,4.012595976479875,no
137803.0,56.0,blue-collar,married,secondary,no,no,call,20.0,aug,Night ,3.0,3.0,0.0,,no,300.0,106.13593952227616,6.759224114163308,no
155469.0,58.0,retired,married,secondary,no,,call,26.0,may,eve,1.0,1.0,2.0,failure,no,2714.0,98.88507463166808,4.763147687554082,yes
127752.0,36.0,management,divorced,tertiary,no,no,,20.0,jun,Evening,2.0,2.0,0.0,,no,0.0,87.55914282522737,4.766273560691062,no
160367.0,37.0,technician,married,tertiary,yes,no,call,6.0,aug,morning,1.0,1.0,6.0,failure,no,4596.0,65.05192578848288,4.571508389309223,no
129276.0,57.0,technician,married,secondary,yes,no,call,9.0,jul,eve,1.0,1.0,0.0,,no,950.0,90.20329729092236,7.15608794617237,no
143035.0,49.0,admin.,married,secondary,yes,no,call,21.0,nov,Night ,1.0,1.0,0.0,,no,14440.0,96.72585112954546,5.170410791478422,no
159796.0,67.0,retired,married,,no,No,SMS,14.0,jun,morning,5.0,5.0,4.0,other,no,2540.0,94.37213102988763,5.320625899899454,yes
137236.0,60.0,retired,married,primary,no,No,call,18.0,aug,Evening,3.0,3.0,0.0,,no,0.0,91.45627110263013,5.695145765860288,no
123214.0,37.0,blue-collar,married,secondary,yes,yes,,29.0,may,morning,4.0,4.0,0.0,,no,1731.0,105.84866006861076,5.69754466003185,no
135023.0,52.0,management,married,tertiary,no,no,call,5.0,aug,Night,2.0,2.0,0.0,,no,547.0,87.95877497452166,6.946951863719666,no
119095.0,47.0,services,married,secondary,yes,no,,,may,eve,1.0,1.0,0.0,,no,543.0,78.04986520928568,7.015442400323039,no
124638.0,37.0,services,married,secondary,yes,no,,4.0,jun,Afternoon,5.0,5.0,0.0,,no,780.0,95.91301852562401,5.139282128140836,no
151185.0,25.0,blue-collar,single,secondary,yes,no,call,7.0,may,morning,1.0,1.0,0.0,,no,-392.0,104.19790482384343,5.311690641408361,no
159502.0,34.0,unemployed,single,secondary,no,no,email,4.0,may,Afternoon,1.0,1.0,0.0,,no,1965.0,98.55322609887749,5.8916702133685686,yes
126492.0,49.0,retired,married,primary,no,no,,16.0,jun,eve,2.0,2.0,0.0,,no,1381.0,112.78071435531471,5.338432120445296,no
117553.0,51.0,unemployed,divorced,secondary,no,no,,9.0,may,eve,1.0,1.0,0.0,,no,370.0,95.88710064538849,4.345576424231327,no
143891.0,32.0,unemployed,divorced,secondary,no,no,call,28.0,jan,morning,1.0,1.0,0.0,,no,527.0,95.43987485980462,6.0986107554146765,no
138245.0,47.0,technician,married,secondary,no,no,call,22.0,aug,Night,2.0,2.0,0.0,,no,147.0,99.4282534973362,6.4678676926338206,no
126826.0,44.0,blue-collar,married,primary,no,no,,17.0,jun,Night ,1.0,1.0,0.0,,no,711.0,100.97226224350766,4.371685439862272,no
159387.0,34.0,technician,single,secondary,no,no,call,19.0,apr,Evening,4.0,4.0,0.0,,no,1313.0,117.52431421025861,5.918546544749171,no
149321.0,32.0,blue-collar,married,secondary,yes,no,call,20.0,apr,morning,1.0,1.0,0.0,,no,1148.0,92.56998011626155,4.777118293120205,no
135060.0,58.0,technician,married,tertiary,no,no,call,5.0,aug,Evening,3.0,3.0,0.0,,no,332.0,109.09258294564158,2.3796855747645624,no
130472.0,46.0,services,married,,yes,yes,call,15.0,,Evening,,3.0,0.0,,no,311.0,101.60728282931613,5.985898222678881,no
124853.0,29.0,self-employed,married,tertiary,yes,yes,,5.0,jun,Morning,3.0,3.0,0.0,,yes,0.0,87.91772644160358,9.249277174539277,no
143828.0,33.0,management,single,tertiary,,No,call,28.0,jan,Evening,1.0,1.0,0.0,,no,215.0,111.1385867363697,5.610815750801265,no
153235.0,31.0,blue-collar,married,secondary,yes,yes,call,13.0,may,morning,1.0,1.0,0.0,,no,864.0,78.6412601600284,5.171299669823471,no
118061.0,26.0,admin.,single,secondary,yes,yes,,12.0,may,Night ,1.0,1.0,0.0,,no,586.0,94.52572131279224,7.080627567807773,no
142674.0,31.0,technician,single,tertiary,yes,no,call,20.0,nov,morning,3.0,3.0,0.0,,no,,100.49866645516832,3.821804124803487,yes
127805.0,47.0,services,married,secondary,no,no,,20.0,jun,Afternoon,3.0,3.0,0.0,,no,505.0,85.99056134708155,5.721911476950366,no
147964.0,30.0,unemployed,married,tertiary,no,no,call,14.0,apr,eve,1.0,1.0,0.0,,no,330.0,109.0521815951567,4.198418164517456,yes
121856.0,37.0,blue-collar,married,secondary,yes,yes,,26.0,may,morning,2.0,2.0,0.0,,yes,1147.0,119.4215234078508,4.980816557081052,no
124587.0,34.0,management,divorced,tertiary,no,No,,3.0,jun,morning,11.0,11.0,0.0,,no,224.0,115.27328404360784,2.169964605031883,no
139444.0,31.0,admin.,married,secondary,no,no,call,28.0,aug,morning,7.0,7.0,0.0,,no,23.0,111.13270910095915,6.64247019974731,no
127297.0,37.0,entrepreneur,married,tertiary,no,yes,,19.0,jun,Evening,1.0,1.0,0.0,,no,678.0,102.59061788806723,2.9545009951099908,no
149288.0,51.0,blue-collar,married,secondary,yes,yes,call,20.0,apr,Morning,3.0,3.0,2.0,other,no,-237.0,113.25398160403633,6.0025780603468935,no
135531.0,37.0,blue-collar,married,tertiary,no,yes,call,7.0,aug,Afternoon,2.0,2.0,0.0,,no,359.0,109.42947492889743,4.171320663087625,no
117677.0,36.0,blue-collar,married,secondary,yes,no,,9.0,may,Afternoon,3.0,3.0,0.0,,no,-9.0,105.3052625695026,,no
138478.0,34.0,technician,married,tertiary,no,No,call,22.0,aug,Night ,6.0,6.0,0.0,,no,23.0,99.76414342840438,2.317138789481288,no
146014.0,47.0,blue-collar,married,primary,yes,no,call,4.0,feb,Night ,2.0,2.0,4.0,other,no,556.0,96.86180456383141,5.5308998238954965,no
122487.0,45.0,blue-collar,married,primary,yes,yes,,28.0,may,Afternoon,2.0,2.0,0.0,,no,-175.0,94.17789375171921,9.575986856027821,no
136299.0,46.0,unemployed,married,secondary,no,no,call,12.0,aug,Night ,2.0,2.0,0.0,,no,2551.0,97.59516877352645,5.976138686458872,yes
120558.0,55.0,self-employed,married,secondary,yes,no,,20.0,may,morning,2.0,2.0,0.0,,no,-196.0,89.89923334737517,6.742344712350942,no
125769.0,56.0,services,divorced,secondary,no,no,,9.0,jun,Afternoon,1.0,1.0,0.0,,no,450.0,97.61394845487641,4.043549337920871,no
136576.0,56.0,admin.,married,,no,no,call,12.0,aug,eve,9.0,9.0,0.0,,no,1167.0,86.06527253792731,3.9000608971835455,no
145330.0,36.0,management,single,tertiary,yes,yes,call,3.0,feb,morning,1.0,1.0,0.0,,no,-679.0,86.91175647990724,6.635923314697193,no
153047.0,53.0,admin.,single,secondary,yes,no,call,13.0,may,Evening,1.0,1.0,0.0,,no,233.0,101.95329615090591,5.002223158011037,no
129435.0,33.0,services,married,secondary,yes,no,call,9.0,jul,Evening,1.0,1.0,0.0,,no,-384.0,98.28551621592725,5.468367921423448,no
152560.0,44.0,blue-collar,married,primary,,no,call,12.0,may,Evening,1.0,1.0,2.0,failure,no,103.0,113.68327902490765,5.1008181852233925,no
149100.0,24.0,blue-collar,married,secondary,yes,no,call,20.0,apr,Night,1.0,1.0,0.0,,no,1222.0,93.76552312585574,7.026686792229288,no
126706.0,52.0,entrepreneur,married,primary,no,no,,17.0,jun,Night ,1.0,1.0,0.0,,no,2138.0,102.30740037752375,2.1339372684860356,no
134994.0,55.0,retired,married,primary,no,no,call,5.0,aug,eve,4.0,4.0,0.0,,no,4424.0,103.1778191124948,6.804689825070533,no
151529.0,39.0,admin.,single,secondary,yes,no,call,8.0,may,Night,2.0,2.0,2.0,failure,no,2345.0,88.66080651454857,4.826181156531653,yes
135588.0,50.0,blue-collar,married,secondary,yes,no,call,7.0,aug,Night ,3.0,3.0,0.0,,no,283.0,104.02977193409686,5.966784282204699,no
157142.0,58.0,management,married,tertiary,no,no,email,24.0,aug,morning,4.0,4.0,0.0,,no,1313.0,107.27977386944775,6.182142496450231,no
144243.0,35.0,admin.,married,tertiary,no,yes,call,29.0,jan,Night,1.0,1.0,13.0,other,no,-272.0,92.46026382976555,3.437266461698629,no
116227.0,49.0,blue-collar,married,secondary,yes,no,,5.0,may,Night,4.0,4.0,0.0,,no,30.0,105.2550541589773,5.839696502102781,no
124604.0,36.0,services,married,secondary,yes,yes,,4.0,jun,Night,1.0,1.0,0.0,,no,895.0,81.89676938209912,7.29173624162885,no
153648.0,41.0,blue-collar,married,secondary,yes,no,call,14.0,may,Night,1.0,1.0,1.0,failure,no,580.0,114.51920551419369,3.5098686751944665,yes
121520.0,29.0,services,single,secondary,yes,no,,23.0,may,eve,9.0,9.0,0.0,,no,1008.0,102.17589369710247,3.1846451238878286,no
116419.0,46.0,management,married,tertiary,yes,no,,6.0,may,Morning,1.0,1.0,0.0,,no,459.0,93.21741296306776,6.3883903177759205,no
158051.0,42.0,management,married,tertiary,yes,no,call,5.0,nov,Morning,5.0,5.0,0.0,,no,603.0,94.45964858650345,3.913659516720557,no
129243.0,41.0,blue-collar,married,secondary,no,no,SMS,8.0,jul,Night,3.0,3.0,0.0,,no,232.0,84.09340171700566,4.352757234125437,no
125162.0,42.0,technician,married,tertiary,no,No,,5.0,jun,Night,3.0,3.0,0.0,,no,1189.0,107.00077494680731,2.485434971826545,no
158323.0,45.0,technician,married,secondary,yes,No,call,7.0,dec,eve,1.0,1.0,0.0,,no,0.0,84.40267726572493,3.673689844116245,yes
118890.0,60.0,management,married,primary,yes,No,,14.0,may,Night ,1.0,1.0,0.0,,no,703.0,100.2919959985664,5.363306047007716,no
142878.0,33.0,technician,single,secondary,no,no,call,21.0,nov,Morning,1.0,1.0,2.0,failure,no,2481.0,99.20795552746964,4.901368759744709,no
140206.0,40.0,services,single,secondary,yes,no,email,17.0,nov,morning,1.0,1.0,0.0,,no,856.0,97.80448265907475,8.621867644295644,no
141965.0,39.0,housemaid,married,secondary,yes,no,call,19.0,nov,Night ,2.0,2.0,3.0,failure,no,4136.0,93.53939432544873,4.579117125515031,no
151684.0,28.0,blue-collar,single,secondary,yes,no,call,8.0,may,eve,3.0,3.0,0.0,,no,0.0,101.85394931331,4.0380278440945645,no
160655.0,28.0,management,single,tertiary,no,no,call,10.0,sep,Morning,1.0,1.0,2.0,success,no,187.0,78.98462018196099,,yes
137408.0,48.0,technician,married,secondary,no,no,call,19.0,aug,Evening,2.0,2.0,0.0,,,0.0,93.28853980809942,5.213448109180474,no
135933.0,39.0,management,married,tertiary,no,no,call,8.0,aug,Afternoon,7.0,7.0,0.0,,no,1795.0,93.4098093864064,4.661607064955014,yes
128518.0,35.0,management,married,secondary,no,yes,,4.0,jul,Night,1.0,1.0,0.0,,no,0.0,85.19579876916569,5.850023843432014,no
146455.0,34.0,management,single,tertiary,no,no,call,5.0,feb,morning,3.0,3.0,0.0,,no,0.0,101.4157108827251,4.128331995996305,no
117981.0,57.0,unemployed,married,secondary,yes,no,,12.0,may,Night,2.0,2.0,0.0,,no,3867.0,87.24618040928507,6.348068145182483,no
128604.0,59.0,blue-collar,married,secondary,no,yes,call,7.0,jul,eve,2.0,2.0,0.0,,no,-1336.0,90.3013471828804,4.322455971206989,no
153262.0,23.0,services,single,secondary,yes,no,call,13.0,may,Afternoon,2.0,2.0,0.0,,no,292.0,107.03337963265253,3.335198117579382,no
148140.0,39.0,management,divorced,tertiary,yes,yes,call,16.0,apr,Afternoon,1.0,1.0,0.0,,no,267.0,112.53249774618384,4.213060937952654,no
146943.0,83.0,retired,single,primary,no,no,SMS,12.0,feb,morning,1.0,1.0,0.0,,,3349.0,85.2166234672975,6.9233042049437135,no
160636.0,39.0,management,married,tertiary,no,No,call,9.0,sep,Afternoon,1.0,1.0,5.0,success,no,494.0,103.26131165477267,3.863985495896328,yes
128823.0,32.0,blue-collar,single,secondary,no,no,call,7.0,jul,Afternoon,1.0,1.0,0.0,,no,22.0,106.11595935651357,5.214143329942105,no
157990.0,33.0,management,single,tertiary,yes,no,call,2.0,nov,morning,2.0,2.0,0.0,,no,2485.0,99.78728290314535,1.5097485023991508,no
157851.0,73.0,retired,married,primary,no,no,call,23.0,oct,eve,1.0,1.0,2.0,failure,no,796.0,107.24743317213006,5.788996202282666,yes
158321.0,64.0,retired,married,secondary,no,no,call,7.0,dec,Night ,1.0,1.0,0.0,,no,1220.0,87.48981113769683,4.427665523270044,no
127925.0,60.0,management,married,tertiary,no,yes,,20.0,jun,Morning,8.0,8.0,0.0,,no,3895.0,101.48817067159074,5.114594210382398,no
140786.0,35.0,unemployed,single,secondary,yes,no,call,18.0,nov,eve,2.0,2.0,0.0,,no,3854.0,108.27509051330064,4.330522521517384,no
144403.0,27.0,technician,single,tertiary,yes,yes,call,29.0,jan,Night ,2.0,2.0,0.0,,no,-152.0,110.49666781576977,2.1240841737540475,no
141463.0,32.0,services,married,secondary,yes,no,call,19.0,nov,Morning,1.0,1.0,0.0,,no,1082.0,94.84990184598907,3.965107842699841,no
132052.0,56.0,entrepreneur,married,tertiary,no,no,call,22.0,jul,Morning,5.0,5.0,0.0,,no,693.0,93.22103795924068,4.432648537242463,no
144782.0,30.0,admin.,married,secondary,yes,no,call,30.0,jan,morning,2.0,2.0,4.0,other,no,373.0,84.87749638330622,5.297793781842884,no
143230.0,38.0,technician,married,secondary,yes,no,call,21.0,nov,Afternoon,5.0,5.0,1.0,success,no,1.0,108.75890625643146,5.865319607553254,no
156818.0,25.0,management,single,tertiary,no,no,call,12.0,aug,Evening,2.0,2.0,2.0,failure,no,2305.0,107.28952294652893,6.030189651208773,no
118796.0,57.0,retired,divorced,primary,yes,no,,14.0,may,Morning,1.0,1.0,0.0,,no,2439.0,100.45490006083631,7.561422139636418,no
139350.0,31.0,management,married,tertiary,yes,no,call,28.0,aug,Night ,5.0,5.0,0.0,,no,357.0,107.53509055654527,7.4210789451027495,no
121518.0,26.0,technician,single,secondary,yes,no,,23.0,may,eve,3.0,3.0,0.0,,no,-211.0,98.42304417467875,6.924129013717135,no
160900.0,26.0,technician,single,secondary,no,no,call,14.0,oct,Night,2.0,2.0,0.0,,no,342.0,110.86335867595723,3.0842117659760913,no
138844.0,30.0,technician,single,tertiary,no,no,call,26.0,aug,Night ,8.0,8.0,0.0,,no,10.0,89.29611957193933,4.036620621274331,no
130614.0,37.0,blue-collar,married,primary,no,yes,email,15.0,jul,eve,4.0,4.0,0.0,,no,20.0,106.56810004010975,5.972097829909892,no
134599.0,37.0,unemployed,single,secondary,no,no,call,31.0,jul,Night,10.0,10.0,0.0,,no,48.0,94.44606248500835,3.991914740433708,no
150698.0,34.0,blue-collar,married,secondary,yes,no,call,6.0,may,Afternoon,1.0,1.0,1.0,failure,no,-349.0,108.18104915097904,6.105092642854366,no
160683.0,74.0,retired,married,tertiary,no,no,call,15.0,sep,Morning,2.0,2.0,3.0,success,no,1843.0,109.4372931416252,5.539767468161219,yes
150412.0,35.0,management,married,secondary,yes,no,call,5.0,may,Night,1.0,1.0,1.0,failure,no,2311.0,95.93633214492938,7.024762171439605,no
141290.0,49.0,self-employed,married,tertiary,yes,no,call,18.0,nov,Night,1.0,1.0,3.0,other,no,202.0,85.57491342155225,4.97428418144322,no
122367.0,29.0,entrepreneur,married,tertiary,yes,no,,27.0,may,Evening,3.0,3.0,0.0,,no,3037.0,105.11962318691032,6.201058024154408,no
139604.0,52.0,blue-collar,married,primary,yes,yes,call,28.0,aug,eve,10.0,10.0,0.0,,no,-490.0,91.8591400107334,4.8074558503004114,no
116798.0,27.0,services,single,secondary,yes,no,,7.0,may,Evening,7.0,7.0,0.0,,no,0.0,107.97996499354738,3.766927467297032,no
138403.0,30.0,unemployed,single,tertiary,no,no,call,22.0,aug,morning,4.0,4.0,0.0,,no,463.0,97.98215201219955,5.2210524802344445,no
129253.0,32.0,blue-collar,single,secondary,yes,no,call,8.0,jul,eve,4.0,4.0,0.0,,no,123.0,104.28476022300566,5.526118163243984,no
133251.0,31.0,blue-collar,single,secondary,yes,no,call,28.0,jul,Evening,3.0,3.0,0.0,,,-571.0,112.56532697440682,3.6893923637903883,no
123110.0,31.0,blue-collar,single,secondary,no,no,,29.0,may,eve,1.0,1.0,0.0,,no,2137.0,86.51304912611704,6.884183792990177,no
160456.0,34.0,management,single,secondary,no,no,,13.0,aug,Afternoon,1.0,1.0,0.0,,no,524.0,105.47698560225123,6.163046424668647,no
126789.0,44.0,management,divorced,tertiary,no,no,,17.0,jun,eve,1.0,1.0,0.0,,no,1467.0,101.73333220390491,5.5777804871117365,no
151162.0,35.0,services,single,secondary,yes,no,call,7.0,may,Morning,1.0,1.0,2.0,failure,no,544.0,97.09464724780261,4.618743052568655,no
151197.0,31.0,blue-collar,single,secondary,no,no,call,7.0,may,Evening,2.0,2.0,0.0,,no,1882.0,90.85387648084742,4.1769900309581764,no
148964.0,21.0,blue-collar,single,secondary,yes,no,call,20.0,apr,eve,5.0,5.0,0.0,,no,1385.0,92.08084767975815,6.64937140434443,no
154566.0,45.0,services,single,secondary,yes,no,call,15.0,may,Evening,5.0,5.0,2.0,failure,no,1378.0,93.14119191461756,4.507337430819851,no
143834.0,52.0,admin.,married,secondary,no,No,call,28.0,jan,Night ,2.0,2.0,1.0,other,no,199.0,84.84998446741172,5.766011536867672,no
127890.0,,blue-collar,married,secondary,yes,no,,20.0,jun,Morning,29.0,29.0,0.0,,no,671.0,102.2720994253936,5.883149948304304,no
124315.0,39.0,unemployed,married,secondary,yes,,,3.0,jun,eve,1.0,1.0,0.0,,no,0.0,102.04673499842843,6.568376248905993,no
145177.0,56.0,entrepreneur,married,secondary,no,no,call,,feb,eve,2.0,2.0,2.0,failure,no,5838.0,97.00761541636004,3.8894407789397802,no
117205.0,34.0,technician,married,secondary,yes,no,,8.0,may,Morning,3.0,3.0,0.0,,no,65.0,89.59580444870711,2.9059919838205657,no
135131.0,30.0,blue-collar,single,secondary,no,no,call,6.0,aug,Night ,2.0,2.0,0.0,,no,4749.0,84.60357557896367,5.261065225642273,no
149443.0,29.0,blue-collar,married,secondary,yes,no,call,20.0,apr,Morning,2.0,2.0,3.0,other,no,313.0,109.27269888841309,3.605225685036494,no
160621.0,34.0,management,divorced,tertiary,no,no,call,,sep,Evening,2.0,2.0,3.0,success,no,2240.0,81.41058810580365,4.9879568726036085,yes
148942.0,37.0,self-employed,single,primary,yes,no,call,17.0,apr,Afternoon,4.0,4.0,9.0,failure,no,235.0,100.12591064277142,7.3289922699726,no
141573.0,33.0,entrepreneur,single,secondary,no,no,call,19.0,nov,Afternoon,1.0,1.0,0.0,,no,1808.0,122.97491953930489,6.252301743415921,no
154723.0,31.0,blue-collar,married,primary,yes,no,call,18.0,may,eve,4.0,4.0,0.0,,no,263.0,102.30638257616775,2.3384755760999116,no
150139.0,44.0,blue-collar,married,secondary,yes,No,call,4.0,may,morning,3.0,3.0,0.0,,no,4236.0,119.39015045319412,4.6102460551030795,no
155971.0,38.0,technician,single,secondary,no,no,call,4.0,jun,eve,2.0,2.0,1.0,success,no,1130.0,113.72654115333287,5.6365807411736,yes
144168.0,32.0,admin.,single,secondary,yes,no,call,29.0,jan,Night ,1.0,1.0,0.0,,no,566.0,93.21513549193236,1.5767630598219795,no
141050.0,31.0,blue-collar,single,secondary,yes,no,call,18.0,nov,Night,2.0,2.0,0.0,,no,545.0,86.9965151487856,7.2809143192448005,no
129027.0,25.0,self-employed,single,tertiary,no,yes,call,8.0,jul,Night ,1.0,1.0,0.0,,no,-44.0,109.63916042352098,,no
160465.0,25.0,services,single,secondary,no,No,call,16.0,aug,Night ,2.0,2.0,3.0,other,no,199.0,95.74421265612244,4.680375394352641,no
157137.0,29.0,management,single,tertiary,no,no,call,,aug,Evening,2.0,2.0,1.0,success,no,265.0,114.99564116409337,3.7905058801691713,yes
135184.0,44.0,technician,married,secondary,no,no,call,6.0,aug,Morning,2.0,2.0,0.0,,no,1901.0,114.82678288792899,5.597823201687783,no
144049.0,37.0,unemployed,married,secondary,no,no,call,29.0,jan,Afternoon,1.0,1.0,0.0,,no,4769.0,95.42722279964944,2.9863675619270924,no
127411.0,36.0,management,,tertiary,no,no,,19.0,jun,Afternoon,1.0,1.0,0.0,,no,1352.0,99.26018911509426,5.658843973585544,yes
121359.0,30.0,management,single,tertiary,yes,no,,23.0,may,Night ,2.0,2.0,0.0,,no,3625.0,92.81193034838027,3.6471151908202573,no
126725.0,44.0,blue-collar,married,primary,no,yes,,17.0,jun,morning,1.0,1.0,0.0,,no,-82.0,109.47553284454668,5.531191596333868,no
157099.0,61.0,management,married,secondary,no,No,call,20.0,aug,eve,1.0,1.0,0.0,,no,967.0,99.03135750734772,6.921747952369049,no
126515.0,49.0,technician,married,secondary,yes,no,,16.0,jun,Morning,1.0,1.0,0.0,,no,,87.90109041245144,3.136536767789848,no
122322.0,28.0,admin.,married,secondary,yes,yes,,27.0,may,Night ,2.0,2.0,0.0,,no,6429.0,108.29639471669563,2.636645588902206,no
159382.0,22.0,management,single,tertiary,no,yes,call,16.0,apr,Night,3.0,3.0,0.0,,no,104.0,100.25415244783846,6.277825389717471,yes
116682.0,32.0,blue-collar,single,secondary,yes,no,,7.0,may,Morning,2.0,2.0,0.0,,no,301.0,112.34565090752272,4.961082302454221,no
144986.0,45.0,technician,married,secondary,no,no,call,2.0,feb,Morning,1.0,1.0,2.0,other,no,1818.0,83.30178785159664,3.7629543968106174,no
148377.0,33.0,services,single,secondary,yes,no,call,17.0,apr,eve,1.0,1.0,1.0,failure,no,148.0,93.18241190113325,6.809542931180328,no
141177.0,42.0,blue-collar,divorced,secondary,yes,no,call,18.0,nov,eve,2.0,2.0,1.0,failure,no,898.0,101.0105192918529,5.371391083328342,no
141433.0,31.0,blue-collar,married,primary,yes,no,call,19.0,nov,Night ,1.0,1.0,3.0,other,no,4728.0,131.8746323998574,7.891832798854561,no
122056.0,46.0,management,married,primary,yes,no,,27.0,may,morning,1.0,1.0,0.0,,no,-268.0,82.9705194394225,5.384903977771364,no
154090.0,57.0,admin.,divorced,primary,yes,no,call,15.0,may,eve,1.0,1.0,2.0,failure,no,179.0,122.22883076144272,4.129016736770912,no
153817.0,50.0,management,married,tertiary,yes,no,call,14.0,may,Night,3.0,3.0,0.0,,no,451.0,93.50716940278858,10.899899167041838,no
123924.0,36.0,blue-collar,married,primary,yes,no,,2.0,jun,eve,1.0,1.0,0.0,,no,1244.0,106.57511697084864,3.5408878009068205,no
125175.0,46.0,admin.,single,secondary,yes,no,,5.0,jun,Morning,5.0,5.0,0.0,,no,1790.0,100.85301917514158,4.986004833054759,no
125053.0,26.0,technician,married,secondary,yes,yes,,5.0,jun,morning,2.0,2.0,0.0,,no,-293.0,105.04415263224027,6.270470548493751,no
138191.0,59.0,housemaid,married,secondary,no,no,call,21.0,aug,Night ,1.0,1.0,0.0,,no,454.0,98.17090256056353,6.8884914923499085,no
123966.0,35.0,technician,single,tertiary,yes,yes,,2.0,jun,morning,1.0,1.0,0.0,,no,1104.0,87.91838246509582,6.489143964788782,no
150276.0,33.0,management,married,tertiary,yes,no,call,4.0,may,Afternoon,4.0,4.0,6.0,failure,no,17946.0,87.80436471451775,5.117260762687185,no
134566.0,37.0,self-employed,married,primary,no,no,call,31.0,jul,eve,3.0,3.0,0.0,,no,67.0,83.66734473264586,7.356467711586119,no
150520.0,42.0,technician,married,secondary,yes,no,call,5.0,may,Night,1.0,1.0,0.0,,no,89.0,105.61284349975179,6.085578184517619,no
157982.0,,,married,,no,no,SMS,30.0,oct,Night,4.0,4.0,0.0,,no,1585.0,100.14651898090337,5.887520675371362,no
139430.0,37.0,technician,married,secondary,yes,no,call,28.0,aug,Night,4.0,4.0,0.0,,no,1309.0,97.99921249757449,5.694565684540023,no
146425.0,34.0,management,single,tertiary,no,no,call,5.0,feb,Morning,8.0,8.0,0.0,,no,1228.0,104.87816883322981,5.749390779869324,yes
160311.0,32.0,management,married,tertiary,no,no,call,4.0,aug,Night ,1.0,1.0,4.0,other,no,1812.0,99.54619540445759,2.989170680191877,yes
118907.0,38.0,services,single,secondary,yes,no,,14.0,may,morning,2.0,2.0,0.0,,no,7695.0,98.33643173860516,4.754402223360518,no
150958.0,30.0,admin.,single,secondary,yes,no,call,6.0,may,Morning,3.0,3.0,2.0,other,no,1282.0,101.19132827345143,4.616939794813393,no
124982.0,35.0,blue-collar,single,primary,no,yes,,5.0,jun,Afternoon,1.0,1.0,0.0,,no,227.0,75.8230371290636,7.4235584074201455,no
160917.0,61.0,retired,married,secondary,no,No,call,15.0,oct,Night ,2.0,2.0,5.0,success,no,938.0,84.3589819360075,7.359113202878587,no
134757.0,52.0,blue-collar,married,secondary,no,yes,call,4.0,aug,Afternoon,1.0,1.0,0.0,,no,-397.0,103.2962874150205,4.248434456373514,no
116309.0,43.0,unemployed,married,secondary,yes,no,,6.0,,Morning,1.0,1.0,0.0,,no,0.0,91.41932465839821,4.58754424948194,no
122349.0,38.0,technician,married,secondary,yes,No,,27.0,may,Night,6.0,6.0,0.0,,no,254.0,90.01625432672832,4.496190404146933,no
132617.0,53.0,management,married,tertiary,yes,no,call,24.0,jul,Night ,2.0,2.0,0.0,,no,602.0,82.94466360989001,3.9626355525578036,no
148108.0,29.0,admin.,divorced,secondary,yes,no,SMS,16.0,apr,morning,6.0,6.0,1.0,other,no,589.0,109.08535886889274,2.941963581166313,no
152555.0,41.0,unemployed,married,secondary,yes,no,call,12.0,may,Morning,3.0,3.0,2.0,failure,no,277.0,113.12114990269242,3.3586037714942547,no
157371.0,26.0,admin.,single,secondary,no,yes,call,7.0,sep,Evening,2.0,2.0,0.0,,no,3529.0,108.42426653075695,6.621920006143924,no
131115.0,26.0,student,single,tertiary,no,yes,call,17.0,jul,Morning,2.0,2.0,0.0,,yes,47.0,106.10924180714467,5.77243502763491,no
124451.0,23.0,services,single,secondary,yes,no,,3.0,jun,Evening,1.0,1.0,0.0,,no,425.0,96.73714631273016,5.97363543894432,yes
155504.0,49.0,technician,single,secondary,yes,no,call,26.0,may,Afternoon,1.0,1.0,0.0,,no,0.0,90.76321985852181,5.131792198406807,no
120921.0,28.0,management,married,tertiary,no,no,,21.0,may,eve,1.0,1.0,0.0,,no,395.0,96.81182528376802,4.498484835949689,no
134182.0,38.0,admin.,married,tertiary,no,No,call,31.0,jul,Afternoon,5.0,5.0,0.0,,no,1209.0,90.06180711327829,3.729121419416975,no
122684.0,27.0,technician,married,secondary,yes,yes,,28.0,may,Afternoon,2.0,2.0,0.0,,no,1577.0,99.38615125985955,5.526456527709989,no
140881.0,31.0,unemployed,married,secondary,no,no,email,18.0,nov,morning,1.0,1.0,0.0,,no,20.0,105.8319608356154,4.181216388084881,no
145249.0,51.0,blue-collar,married,primary,yes,yes,call,2.0,feb,Afternoon,4.0,4.0,0.0,,no,2095.0,91.7754070503947,4.032162222649814,no
132107.0,25.0,technician,single,secondary,yes,no,call,23.0,jul,Night,5.0,5.0,0.0,,no,0.0,97.60649260714828,4.363515304773094,no
141465.0,39.0,technician,married,secondary,yes,,call,19.0,nov,Night ,1.0,1.0,4.0,failure,no,3494.0,110.08815935455365,6.057364222405782,no
154664.0,27.0,services,single,secondary,yes,no,call,18.0,may,Afternoon,5.0,5.0,8.0,other,no,504.0,104.24471701641156,5.031160858613998,no
146648.0,49.0,blue-collar,married,primary,yes,yes,call,6.0,feb,morning,2.0,2.0,0.0,,no,183.0,99.10351921801721,1.228608370539765,no
144754.0,53.0,blue-collar,married,primary,no,yes,email,30.0,jan,Night ,2.0,2.0,0.0,,no,901.0,109.96072303022856,3.7307647241738273,no
148489.0,30.0,blue-collar,single,secondary,yes,no,call,17.0,apr,eve,1.0,1.0,2.0,other,no,971.0,100.773841937118,5.555035768995453,no
159801.0,30.0,technician,single,secondary,no,no,call,14.0,jun,Night,1.0,1.0,2.0,other,no,2371.0,112.78536184743206,6.081791550284688,yes
149172.0,31.0,management,single,tertiary,yes,no,call,20.0,apr,Evening,1.0,1.0,2.0,failure,no,775.0,70.57299826649557,1.2773693162031572,no
129693.0,34.0,admin.,married,secondary,yes,yes,call,10.0,jul,morning,1.0,1.0,0.0,,no,-33.0,88.62839968697725,5.459842821686128,yes
146566.0,37.0,technician,married,secondary,yes,yes,call,6.0,feb,Afternoon,3.0,3.0,2.0,failure,no,-254.0,,4.656406237814853,no
137142.0,45.0,blue-collar,married,primary,no,no,call,18.0,aug,Evening,8.0,8.0,0.0,,no,907.0,93.68318212965468,7.682118935256508,no
119291.0,32.0,blue-collar,married,secondary,yes,no,,15.0,may,morning,10.0,10.0,0.0,,no,231.0,96.07110885185327,4.7172379609171395,no
159053.0,47.0,admin.,married,,no,no,call,26.0,feb,eve,1.0,1.0,1.0,success,no,66.0,82.67763164028452,2.736856528490136,no
126466.0,37.0,services,married,secondary,no,no,,16.0,jun,Afternoon,3.0,3.0,0.0,,no,40.0,111.93697568960319,5.1965398534542935,no
145267.0,55.0,admin.,single,secondary,no,yes,call,2.0,feb,Evening,3.0,3.0,0.0,,yes,986.0,89.9448490161705,5.333100467200895,no
117937.0,28.0,blue-collar,married,secondary,yes,no,,12.0,may,Afternoon,5.0,5.0,0.0,,,131.0,112.49617475715449,7.1110566860095785,no
155644.0,55.0,admin.,married,secondary,no,no,call,1.0,,eve,3.0,3.0,2.0,success,no,602.0,85.98960177994904,,yes
122867.0,31.0,management,single,tertiary,no,no,,28.0,may,Night,2.0,2.0,0.0,,no,44.0,101.16437014653724,3.0725706450875547,no
155316.0,42.0,management,married,primary,yes,no,call,22.0,may,Night ,2.0,2.0,1.0,success,no,5310.0,,5.981736532951838,yes
160224.0,35.0,unemployed,,tertiary,no,No,call,29.0,jul,Night,4.0,4.0,2.0,failure,no,154.0,113.30431125276203,4.867583445561308,yes
141587.0,35.0,management,single,tertiary,yes,no,call,19.0,nov,Morning,1.0,1.0,0.0,,no,1531.0,86.95582322256844,3.7146656336373676,no
142979.0,34.0,management,single,tertiary,yes,no,call,21.0,nov,eve,1.0,1.0,1.0,failure,,3679.0,80.1751923132783,5.190050920416617,no
116842.0,29.0,management,married,secondary,yes,yes,,7.0,may,Night ,2.0,2.0,0.0,,no,147.0,91.75536949359348,3.535566126420071,no
160745.0,58.0,technician,married,secondary,no,no,SMS,22.0,sep,Afternoon,2.0,2.0,0.0,,no,99.0,101.41426859764204,4.8934978583012665,yes
117866.0,41.0,blue-collar,single,primary,yes,no,,9.0,may,Afternoon,5.0,5.0,0.0,,no,156.0,85.81732786218186,4.640060517613472,no
152494.0,41.0,blue-collar,married,secondary,yes,no,call,12.0,may,Afternoon,3.0,3.0,11.0,failure,no,598.0,100.38038890688814,6.520264022377789,no
122379.0,24.0,admin.,single,secondary,yes,no,,27.0,may,Afternoon,2.0,2.0,0.0,,no,795.0,109.50989285040602,6.466339687207455,no
160325.0,34.0,management,married,tertiary,no,No,call,5.0,aug,Morning,2.0,2.0,4.0,failure,no,1778.0,91.2814253437649,4.822973640091228,no
144231.0,26.0,technician,married,secondary,no,no,call,29.0,jan,Night ,1.0,1.0,0.0,,no,523.0,93.78223741329032,6.011848472971467,no
119775.0,53.0,technician,married,secondary,yes,no,,16.0,may,Evening,2.0,2.0,0.0,,no,31.0,96.86005817430181,6.877849152631114,no
116089.0,50.0,technician,divorced,tertiary,no,yes,,5.0,may,Afternoon,1.0,1.0,0.0,,no,173.0,101.06681836006466,3.802266465345023,no
143710.0,33.0,admin.,married,secondary,no,yes,call,28.0,jan,Night,1.0,1.0,4.0,failure,no,4012.0,96.67757072989095,5.686270051993659,no
155649.0,38.0,technician,single,tertiary,yes,no,call,1.0,jun,Evening,1.0,1.0,0.0,,no,0.0,110.35244084505753,5.453531638438124,no
120694.0,37.0,admin.,single,tertiary,yes,no,,21.0,may,morning,1.0,1.0,0.0,,no,-898.0,90.45199830345729,2.0887984114758917,no
147850.0,34.0,blue-collar,married,secondary,yes,yes,call,13.0,apr,morning,1.0,1.0,0.0,,no,837.0,114.0641098684324,4.2096179953763855,no
124771.0,54.0,blue-collar,divorced,primary,yes,no,,4.0,jun,Morning,10.0,10.0,0.0,,no,138.0,88.45478487004438,2.7294865769030987,no
123489.0,37.0,services,married,tertiary,yes,no,,30.0,may,Night ,1.0,1.0,0.0,,,0.0,93.36829618040765,5.930749466534933,no
159138.0,36.0,blue-collar,married,,no,no,call,8.0,mar,Afternoon,6.0,6.0,2.0,failure,no,444.0,93.32523308738706,2.452560230126383,no
121308.0,32.0,blue-collar,divorced,,yes,yes,,23.0,may,Evening,2.0,2.0,0.0,,yes,-274.0,109.40652745982246,6.4011179899984025,no
139259.0,32.0,technician,single,secondary,yes,no,call,27.0,aug,Night ,12.0,12.0,0.0,,no,5118.0,87.03632262935413,3.708893752598928,no
140888.0,52.0,technician,married,secondary,yes,no,call,18.0,nov,Night ,2.0,2.0,0.0,,no,2619.0,90.90087679749038,5.873831867948518,no
116433.0,49.0,services,divorced,secondary,yes,no,,6.0,may,Afternoon,1.0,1.0,0.0,,no,505.0,118.4609636595894,7.149680356946195,no
123020.0,44.0,blue-collar,married,secondary,yes,no,,29.0,may,morning,1.0,1.0,0.0,,no,72.0,91.49413960883469,6.131140413054198,no
131207.0,56.0,blue-collar,divorced,primary,no,no,call,18.0,jul,Evening,3.0,3.0,0.0,,yes,-1.0,101.07816590766309,2.263102199971841,no
150345.0,36.0,blue-collar,married,secondary,yes,yes,call,5.0,may,Night ,1.0,1.0,4.0,failure,no,80.0,108.64547533745389,5.696306396385778,no
116177.0,33.0,admin.,single,secondary,yes,no,,5.0,may,Night ,2.0,2.0,0.0,,no,352.0,103.76632296922696,5.4398669090320615,no
136829.0,31.0,management,single,tertiary,no,no,call,13.0,aug,eve,12.0,12.0,0.0,,no,1494.0,101.30534415100392,4.2096261684614635,no
160914.0,42.0,admin.,married,,no,no,call,14.0,oct,Night ,4.0,4.0,3.0,failure,no,756.0,99.98723295869476,5.444494762553979,no
146466.0,30.0,management,single,tertiary,no,No,call,6.0,feb,Morning,4.0,4.0,2.0,failure,no,640.0,83.40757601869633,7.179441215012887,no
152880.0,48.0,blue-collar,married,secondary,yes,no,call,13.0,may,Night,2.0,2.0,3.0,other,no,709.0,,6.776857424566506,no
127347.0,56.0,admin.,married,secondary,yes,no,,19.0,jun,Morning,6.0,6.0,0.0,,no,6005.0,104.6741037220073,5.454992233332752,no
134740.0,38.0,technician,married,secondary,no,No,call,4.0,aug,Night,1.0,1.0,0.0,,no,1919.0,112.57245690542905,7.770162301418815,yes
133130.0,28.0,technician,single,secondary,yes,no,call,28.0,jul,eve,3.0,3.0,0.0,,no,,114.26502163114202,2.3679059759866106,no
127963.0,60.0,admin.,married,secondary,no,no,,20.0,jun,morning,10.0,10.0,0.0,,no,2058.0,95.66616549044545,5.690439941824499,no
152158.0,39.0,services,married,secondary,yes,,call,11.0,may,Night,4.0,4.0,0.0,,no,93.0,100.90145199032467,2.1930903363549534,no
148819.0,35.0,blue-collar,married,secondary,yes,no,call,17.0,apr,Night ,2.0,2.0,0.0,,no,603.0,82.45563718065024,5.746677924499524,no
153202.0,55.0,blue-collar,divorced,,yes,no,call,13.0,may,Night,1.0,1.0,0.0,,no,276.0,86.59783623581745,6.874756509134258,no
149884.0,38.0,technician,single,tertiary,no,no,call,30.0,apr,Afternoon,1.0,1.0,0.0,,no,1101.0,115.53482507333284,4.226003755719963,yes
160948.0,64.0,management,married,tertiary,,no,email,19.0,oct,Night,7.0,7.0,11.0,other,no,5112.0,107.47403810299134,5.314628728789483,yes
136917.0,60.0,services,married,secondary,no,no,call,14.0,aug,Evening,2.0,2.0,0.0,,,2858.0,104.97948033991042,4.417648878172299,no
152268.0,38.0,blue-collar,married,secondary,yes,no,call,11.0,may,Afternoon,2.0,2.0,0.0,,no,1370.0,85.62137802681352,6.0876418251513815,no
145237.0,28.0,admin.,married,secondary,no,no,call,2.0,feb,Evening,4.0,4.0,0.0,,no,629.0,84.65301355649362,3.4008226108390183,no
159039.0,63.0,technician,married,secondary,no,no,call,25.0,feb,morning,1.0,1.0,1.0,success,no,973.0,100.37911010541865,4.2691249670688105,yes
157525.0,34.0,admin.,married,tertiary,yes,yes,call,25.0,sep,morning,1.0,1.0,0.0,,no,2552.0,112.32208163643368,4.504958113570689,no
148161.0,,management,married,tertiary,no,No,call,16.0,apr,Night,3.0,3.0,0.0,,no,2687.0,105.91575045682654,3.9622982486425715,no
160716.0,28.0,admin.,single,secondary,no,no,call,16.0,sep,morning,2.0,2.0,0.0,,no,127.0,88.43288101431553,5.981852247993139,yes
153133.0,58.0,retired,single,tertiary,yes,no,call,13.0,may,Night ,2.0,2.0,0.0,,no,1411.0,89.17145255932564,4.9203225974309275,no
156940.0,26.0,admin.,single,secondary,no,no,call,14.0,aug,eve,2.0,2.0,2.0,success,no,255.0,106.3929839989468,3.737066464498944,yes
137321.0,36.0,technician,single,secondary,yes,no,call,18.0,aug,eve,5.0,5.0,0.0,,no,2603.0,96.4350454868763,4.316898968425155,no
143088.0,52.0,self-employed,married,secondary,yes,,SMS,21.0,nov,Evening,1.0,1.0,0.0,,no,-332.0,110.39978927321225,6.965346422503168,no
130543.0,59.0,housemaid,divorced,secondary,no,no,call,,jul,eve,1.0,1.0,0.0,,no,122.0,91.76868601703814,2.8474822101525255,no
133577.0,48.0,unemployed,married,primary,no,no,call,29.0,jul,morning,2.0,2.0,0.0,,no,0.0,101.7663725402068,4.752077678637944,no
155507.0,60.0,admin.,married,,yes,No,call,26.0,may,Afternoon,1.0,1.0,0.0,,no,1088.0,104.06510885550071,5.133854482101324,no
127324.0,50.0,blue-collar,married,primary,no,no,,19.0,jun,Afternoon,1.0,1.0,0.0,,no,1179.0,94.21656982136602,2.319799380004244,no
130600.0,36.0,entrepreneur,married,secondary,yes,no,call,15.0,jul,Afternoon,2.0,2.0,0.0,,no,185.0,87.16771462371173,5.140030054051586,no
129038.0,25.0,technician,single,secondary,no,yes,call,8.0,jul,Night ,2.0,2.0,0.0,,no,102.0,78.24109657649944,2.17467162565303,yes
137612.0,43.0,management,divorced,tertiary,no,no,call,19.0,aug,Morning,5.0,5.0,0.0,,no,3820.0,100.60549936810985,7.447210942221737,no
134025.0,35.0,blue-collar,married,secondary,yes,no,call,30.0,jul,Afternoon,3.0,3.0,0.0,,no,3188.0,102.51668200362069,4.550397246896897,no
153214.0,59.0,blue-collar,married,primary,yes,no,call,13.0,may,Morning,1.0,1.0,5.0,failure,no,-91.0,90.20326407627456,4.895610261627119,no
148027.0,33.0,blue-collar,married,secondary,,no,call,15.0,apr,morning,1.0,1.0,0.0,,no,215.0,96.08537523500398,2.406230664779577,no
154824.0,24.0,admin.,single,secondary,yes,no,call,18.0,may,Night ,1.0,1.0,0.0,,no,120.0,97.3015994756455,,no
145395.0,26.0,management,single,tertiary,no,no,call,3.0,feb,Morning,1.0,1.0,0.0,,no,159.0,106.91818801577327,4.79883698346433,no
116256.0,59.0,admin.,married,secondary,yes,no,,6.0,may,Night ,3.0,3.0,0.0,,no,230.0,,3.889608702169064,no
130691.0,26.0,admin.,divorced,secondary,no,no,call,16.0,jul,Night,1.0,1.0,0.0,,no,1.0,88.75313017783894,5.840149329963058,no
128106.0,46.0,management,divorced,tertiary,yes,no,,20.0,jun,Evening,23.0,23.0,0.0,,no,-49.0,100.67861651863359,5.505137291011506,no
140403.0,51.0,technician,married,,yes,yes,call,17.0,nov,morning,1.0,1.0,0.0,,no,-174.0,79.26254356678328,4.320086249678482,no
148461.0,32.0,technician,single,tertiary,yes,No,call,17.0,apr,morning,1.0,1.0,0.0,,no,1059.0,88.06720369420978,5.703307196532919,no
143497.0,50.0,management,married,tertiary,yes,no,call,21.0,nov,Morning,2.0,2.0,3.0,failure,no,4374.0,94.90382882983147,6.015287262663185,no
124175.0,32.0,blue-collar,married,primary,yes,no,,2.0,jun,Morning,1.0,1.0,0.0,,no,2.0,114.65046036091645,4.709135864048073,no
139263.0,30.0,management,single,tertiary,yes,no,call,27.0,aug,Morning,15.0,15.0,0.0,,no,-218.0,84.8098460253156,4.981097368590397,no
130397.0,48.0,blue-collar,single,secondary,no,yes,SMS,14.0,jul,Afternoon,4.0,4.0,0.0,,no,339.0,105.99560955175288,3.6649324272880563,no
126491.0,30.0,blue-collar,married,secondary,yes,yes,,16.0,jun,morning,3.0,3.0,0.0,,no,294.0,114.15850814991613,6.649135960095276,no
122799.0,29.0,management,married,tertiary,yes,No,,28.0,may,morning,2.0,2.0,0.0,,no,8089.0,107.58048911188956,5.86394315850168,no
128384.0,47.0,technician,divorced,secondary,no,yes,,1.0,jul,Night ,2.0,2.0,0.0,,no,47.0,96.15404173318912,5.143053243016354,no
138075.0,30.0,technician,married,tertiary,yes,no,call,21.0,aug,Night ,2.0,2.0,0.0,,no,423.0,110.40500084396733,4.171070795486838,no
157540.0,40.0,blue-collar,married,secondary,no,no,call,30.0,sep,Night,1.0,1.0,1.0,success,no,1451.0,88.12927378117483,7.494074678170053,yes
116653.0,44.0,blue-collar,married,primary,yes,no,,6.0,may,eve,2.0,2.0,0.0,,no,67.0,86.89044413763845,,no
115902.0,41.0,admin.,divorced,secondary,yes,no,,5.0,may,eve,1.0,1.0,0.0,,no,270.0,98.89977344298104,4.201017278637515,no
126258.0,55.0,retired,married,secondary,no,no,,12.0,jun,morning,1.0,1.0,0.0,,no,2312.0,103.28537904581202,6.8830086904160215,no
153842.0,41.0,blue-collar,married,secondary,yes,No,call,14.0,may,Evening,4.0,4.0,0.0,,no,281.0,89.09322812857451,4.965515078944493,no
151699.0,49.0,technician,divorced,secondary,yes,no,call,8.0,may,Morning,1.0,1.0,0.0,,no,95.0,107.12641966972691,6.730786507514454,no
128430.0,33.0,blue-collar,married,secondary,no,yes,,3.0,jul,Afternoon,1.0,1.0,0.0,,no,285.0,96.24751247121596,5.948309617774454,no
152565.0,33.0,blue-collar,married,primary,no,no,call,12.0,may,Night ,1.0,1.0,0.0,,no,496.0,91.57607474861203,3.9507261919228474,no
158597.0,19.0,student,single,primary,no,no,call,18.0,jan,Evening,2.0,2.0,4.0,failure,no,103.0,,6.081173812718278,no
141091.0,54.0,blue-collar,married,secondary,yes,No,call,18.0,nov,eve,2.0,2.0,2.0,failure,no,506.0,105.9447080199969,3.6745250875413693,no
131189.0,52.0,technician,divorced,tertiary,no,No,call,18.0,jul,eve,1.0,1.0,0.0,,no,0.0,101.35782109567944,4.791280789807643,no
116717.0,36.0,services,divorced,secondary,yes,yes,,7.0,may,Afternoon,1.0,1.0,0.0,,no,-290.0,105.01666733425965,4.2985034189040014,no
151224.0,29.0,admin.,single,secondary,yes,yes,call,7.0,may,morning,1.0,1.0,2.0,failure,no,428.0,93.1974579058059,6.722452895842853,no
124843.0,29.0,blue-collar,single,secondary,yes,No,,4.0,jun,Afternoon,1.0,1.0,0.0,,no,-167.0,92.81413780852552,6.583900910041787,no
138853.0,46.0,technician,married,secondary,yes,no,call,26.0,aug,Morning,7.0,7.0,0.0,,no,1596.0,,5.800908159441482,no
127042.0,49.0,technician,single,secondary,yes,No,,18.0,jun,Night ,1.0,1.0,0.0,,no,1202.0,82.70044594677313,4.237519792546208,no
124179.0,39.0,housemaid,married,secondary,yes,no,,2.0,jun,Night ,3.0,3.0,0.0,,no,4136.0,99.90541893320504,4.358592887676737,no
128357.0,31.0,services,married,tertiary,no,yes,,1.0,jul,morning,1.0,1.0,0.0,,yes,-90.0,118.04110539619379,4.849048709990115,no
149186.0,54.0,retired,married,secondary,yes,no,call,20.0,apr,Evening,1.0,1.0,2.0,failure,no,303.0,108.87712722868115,3.817902141639797,no
155267.0,24.0,management,single,tertiary,no,no,call,22.0,may,eve,1.0,1.0,0.0,,no,3197.0,91.57264070262076,4.061777917287898,no
136064.0,59.0,retired,married,tertiary,no,no,call,11.0,aug,Night ,4.0,4.0,0.0,,no,3843.0,103.53766917920468,4.1361883700862885,no
116487.0,28.0,services,divorced,secondary,no,no,,6.0,may,Night,2.0,2.0,0.0,,no,89.0,93.3004722657127,4.831623951358449,no
122336.0,27.0,admin.,married,secondary,yes,no,,27.0,may,Afternoon,2.0,2.0,0.0,,no,186.0,91.1085335894922,3.7319313573888127,no
148448.0,32.0,services,single,secondary,yes,no,call,17.0,apr,Afternoon,1.0,1.0,0.0,,no,-402.0,88.69795104391375,6.990048424149617,no
126710.0,42.0,entrepreneur,married,tertiary,yes,No,,17.0,jun,eve,8.0,8.0,0.0,,no,1068.0,93.06052312379835,5.7368006234876585,no
160708.0,35.0,management,married,,yes,yes,call,16.0,sep,morning,1.0,1.0,0.0,,no,2326.0,81.20425450679238,5.451532035748933,yes
121134.0,30.0,blue-collar,single,secondary,yes,yes,,23.0,may,Afternoon,1.0,1.0,0.0,,no,435.0,107.39367411187519,6.1922981669158075,no
118249.0,45.0,services,married,secondary,yes,No,,13.0,may,Night ,1.0,1.0,0.0,,no,-3.0,101.70775094439126,4.345799473304765,no
136013.0,46.0,management,married,tertiary,no,no,call,11.0,aug,Night ,4.0,4.0,0.0,,no,5108.0,88.80288570361517,6.838673113520244,no
146706.0,32.0,unemployed,single,,no,no,call,9.0,feb,Night,2.0,2.0,0.0,,no,4.0,105.13309537317787,5.631156796687673,no
144099.0,28.0,admin.,married,secondary,yes,no,call,29.0,jan,morning,1.0,1.0,2.0,other,no,629.0,107.58649993101622,6.0254502463821416,no
130067.0,34.0,admin.,divorced,secondary,no,no,call,11.0,jul,Evening,2.0,2.0,0.0,,no,25.0,94.49178153468156,6.293918156887364,no
159937.0,77.0,retired,married,tertiary,no,no,call,30.0,jun,morning,5.0,5.0,0.0,,no,1047.0,96.25521300425787,7.620806860748884,no
146321.0,38.0,entrepreneur,married,tertiary,yes,no,call,5.0,feb,Night,1.0,1.0,0.0,,no,228.0,70.50344877763806,6.993355136608731,no
158200.0,26.0,student,single,secondary,no,no,call,16.0,nov,Night,1.0,1.0,1.0,failure,no,203.0,106.9059178760343,6.455106825289943,no
135859.0,46.0,blue-collar,married,secondary,no,no,call,8.0,aug,Evening,2.0,2.0,0.0,,no,723.0,96.47503729658493,3.4118121996812776,no
141167.0,37.0,management,married,tertiary,yes,no,call,18.0,nov,eve,2.0,2.0,0.0,,no,-666.0,96.16549496208464,5.588177154006737,no
137857.0,39.0,technician,divorced,secondary,no,no,call,20.0,aug,Afternoon,4.0,4.0,0.0,,no,507.0,105.38006715843454,4.1046875365142625,no
135488.0,34.0,housemaid,married,secondary,no,no,call,7.0,aug,Night ,4.0,4.0,0.0,,no,1969.0,101.24844474916017,5.613174838526574,no
127733.0,47.0,technician,married,tertiary,no,yes,,,jun,Evening,3.0,3.0,0.0,,no,1694.0,109.30840048824288,3.99199200451702,yes
129415.0,35.0,management,divorced,tertiary,yes,no,call,9.0,jul,Afternoon,1.0,1.0,0.0,,no,6997.0,109.09378541702908,8.345267469239598,yes
141559.0,34.0,management,married,secondary,yes,no,call,19.0,nov,Morning,1.0,1.0,0.0,,no,2311.0,119.96261126692767,4.246203507897797,no
137510.0,42.0,technician,divorced,secondary,no,no,call,19.0,aug,Afternoon,4.0,4.0,0.0,,no,248.0,93.63007634971201,4.551583300691807,no
156233.0,60.0,retired,married,primary,no,no,call,18.0,jun,Night,3.0,3.0,0.0,,no,37.0,97.56086863311401,7.4142128789064135,no
147199.0,30.0,student,single,secondary,no,no,email,10.0,mar,eve,2.0,2.0,0.0,,no,685.0,100.62357335399668,2.768483067146965,no
132507.0,39.0,blue-collar,,primary,yes,no,call,24.0,jul,Night,1.0,1.0,0.0,,no,85.0,88.92954579656612,3.478689786176719,no
144724.0,56.0,technician,married,primary,yes,yes,call,30.0,jan,Evening,2.0,2.0,5.0,other,no,314.0,99.99039584440929,5.913257436327113,no
158431.0,49.0,technician,married,secondary,no,no,call,21.0,dec,Evening,7.0,7.0,2.0,failure,no,905.0,93.65417682405466,6.769897154858408,no
137532.0,52.0,self-employed,married,tertiary,no,no,call,19.0,aug,morning,4.0,4.0,0.0,,no,605.0,84.29089795208347,4.700754916786015,no
127847.0,51.0,technician,married,primary,no,no,,,jun,Night,5.0,5.0,0.0,,no,1550.0,96.98482813011974,5.616302617279404,no
145477.0,29.0,student,single,tertiary,no,no,call,3.0,feb,morning,2.0,2.0,0.0,,no,559.0,103.9414880944941,3.6293639263315343,no
147032.0,56.0,management,divorced,tertiary,no,No,call,19.0,feb,Evening,3.0,3.0,2.0,failure,no,722.0,109.60600268143564,4.96885930029554,no
146900.0,36.0,technician,married,tertiary,yes,yes,call,10.0,feb,eve,1.0,1.0,1.0,failure,no,99.0,98.7686077823246,2.0684245546475433,no
152242.0,42.0,blue-collar,married,secondary,yes,yes,call,11.0,may,Night,2.0,2.0,0.0,,no,3068.0,99.99223764496644,2.087163459274368,no
130043.0,59.0,blue-collar,single,primary,no,no,call,11.0,jul,Night ,2.0,2.0,0.0,,no,-86.0,92.7659217031406,3.421689882751186,no
128733.0,31.0,,single,tertiary,no,no,call,7.0,jul,eve,1.0,1.0,0.0,,no,0.0,128.3893030979758,5.826139029102234,no
117118.0,51.0,retired,married,secondary,yes,yes,,8.0,may,Night ,1.0,1.0,0.0,,no,226.0,91.86087805425831,7.046393090839202,no
151796.0,50.0,management,divorced,tertiary,no,no,call,8.0,may,Night,2.0,2.0,5.0,other,no,356.0,105.27083830595579,7.335548350238092,no
124568.0,44.0,services,divorced,secondary,yes,no,,3.0,jun,Morning,2.0,2.0,0.0,,no,-574.0,99.5799972937959,5.314410713064788,no
145212.0,47.0,technician,married,secondary,yes,no,call,2.0,feb,morning,3.0,3.0,2.0,success,no,1167.0,94.67656674184566,3.478829271687835,no
160259.0,34.0,management,single,tertiary,no,No,call,2.0,aug,Night ,2.0,2.0,23.0,other,no,275.0,107.26672397631668,4.801819566395825,yes
116763.0,31.0,admin.,single,secondary,yes,no,,7.0,may,Night,2.0,2.0,0.0,,no,299.0,93.30424455490883,5.2102311263907755,no
143007.0,43.0,entrepreneur,single,tertiary,no,no,call,21.0,nov,Night ,3.0,3.0,0.0,,no,5347.0,104.81103383652486,2.218801564428032,no
118235.0,26.0,technician,single,secondary,yes,no,,13.0,may,Night,1.0,1.0,0.0,,no,24299.0,81.15935041030397,6.332782573065343,no
143991.0,29.0,services,married,secondary,no,yes,email,28.0,jan,eve,3.0,3.0,4.0,failure,no,376.0,111.68878588806186,7.148764911439329,no
122341.0,38.0,services,married,secondary,yes,No,,27.0,may,Night,1.0,1.0,0.0,,no,133.0,95.67149634447746,5.0959906405765825,no
127345.0,35.0,self-employed,married,tertiary,no,no,,19.0,jun,morning,1.0,1.0,0.0,,no,1833.0,92.42444972976055,3.840749223853376,no
152296.0,52.0,services,divorced,secondary,yes,no,call,11.0,may,Afternoon,2.0,2.0,0.0,,no,0.0,91.00990355808504,5.437811957638193,no
121436.0,36.0,services,married,secondary,yes,yes,,23.0,may,Morning,6.0,6.0,0.0,,no,1694.0,86.87117553613022,5.390011645436422,no
144946.0,34.0,blue-collar,single,secondary,no,no,call,2.0,feb,Night,1.0,1.0,0.0,,no,186.0,108.7092570902204,5.772398685967177,no
142051.0,,self-employed,single,primary,yes,yes,call,20.0,nov,morning,2.0,2.0,0.0,,no,1337.0,83.37532094520763,3.0249369531402572,no
145243.0,37.0,self-employed,divorced,secondary,no,no,call,2.0,feb,eve,3.0,3.0,5.0,other,no,1082.0,117.4145776415609,6.1098037034099235,no
142638.0,31.0,self-employed,single,secondary,yes,yes,call,20.0,nov,morning,4.0,4.0,0.0,,no,148.0,107.71683049165352,2.5611633964359317,no
153327.0,60.0,management,divorced,secondary,yes,no,SMS,13.0,may,Morning,4.0,4.0,6.0,failure,no,0.0,105.04896436475353,3.71914120219593,no
120643.0,55.0,blue-collar,married,primary,yes,no,,20.0,may,Afternoon,8.0,8.0,0.0,,no,2144.0,109.82456462807728,4.233074499870625,no
159545.0,77.0,,married,,no,no,email,7.0,may,Morning,3.0,3.0,0.0,,no,397.0,97.87491722952784,3.715028030942128,yes
126166.0,38.0,blue-collar,single,primary,no,No,,12.0,jun,Morning,3.0,3.0,0.0,,no,1691.0,119.6929897828144,8.306462411296572,no
156747.0,32.0,services,,secondary,no,no,call,12.0,aug,eve,2.0,2.0,0.0,,no,1153.0,95.66563864762401,2.616608114298313,no
150280.0,38.0,technician,single,tertiary,no,no,call,4.0,may,Night ,8.0,8.0,0.0,,no,2443.0,90.17208786309222,3.4565816009305133,no
134756.0,31.0,technician,single,tertiary,no,no,call,4.0,aug,Evening,1.0,1.0,0.0,,no,387.0,90.82278336548099,4.7654717165464024,no
144269.0,31.0,management,,tertiary,no,yes,call,,jan,Morning,1.0,1.0,0.0,,no,3914.0,101.68831429155806,8.555753677188621,no
130161.0,55.0,technician,divorced,secondary,no,yes,call,14.0,jul,Morning,2.0,2.0,0.0,,no,225.0,92.36412680803691,3.4982700991173106,no
145794.0,56.0,management,divorced,tertiary,no,no,call,4.0,feb,Night,1.0,1.0,0.0,,no,2189.0,92.26507920242386,4.781277025397481,no
129646.0,47.0,admin.,married,secondary,no,no,call,10.0,jul,Evening,1.0,1.0,0.0,,no,2.0,107.66752402335197,4.022091528911934,no
125490.0,36.0,self-employed,married,tertiary,yes,no,,6.0,jun,Morning,3.0,3.0,0.0,,,16430.0,125.85673311375768,3.688552907170489,no
148621.0,31.0,blue-collar,married,secondary,no,no,call,17.0,apr,morning,1.0,1.0,0.0,,no,968.0,107.3829893098847,5.50734078093675,no
134524.0,30.0,blue-collar,single,,yes,no,call,31.0,jul,eve,22.0,22.0,0.0,,no,-570.0,89.66924128471808,4.59855966465598,no
144407.0,26.0,technician,single,tertiary,no,no,call,29.0,jan,Afternoon,2.0,2.0,0.0,,no,1996.0,107.55975052066269,5.490995706097855,no
136035.0,58.0,housemaid,divorced,primary,no,No,call,11.0,aug,Morning,2.0,2.0,0.0,,no,3568.0,107.6038931158258,5.842421094868413,no
154992.0,29.0,admin.,single,tertiary,yes,no,call,18.0,may,eve,1.0,1.0,0.0,,no,1501.0,98.81786379154462,5.6614525105831905,no
160422.0,34.0,blue-collar,married,secondary,yes,no,call,12.0,aug,Night,1.0,1.0,2.0,failure,no,320.0,99.52245059511367,7.432629828159618,yes
153627.0,40.0,blue-collar,divorced,secondary,no,no,call,14.0,,Afternoon,1.0,1.0,0.0,,no,973.0,104.09531480053957,4.3000756766967365,yes
132524.0,31.0,admin.,married,secondary,yes,no,call,24.0,jul,Night,1.0,1.0,0.0,,no,0.0,95.18327174926583,7.1298259061276275,no
128075.0,40.0,blue-collar,married,secondary,no,yes,,20.0,jun,Afternoon,4.0,4.0,0.0,,no,95.0,103.70383550344586,4.560586109026074,no
148375.0,36.0,entrepreneur,married,secondary,yes,yes,call,17.0,apr,Night,1.0,1.0,0.0,,no,660.0,110.64111954506211,2.984317383653164,no
160084.0,68.0,retired,married,secondary,yes,no,SMS,15.0,jul,Night ,2.0,2.0,0.0,,no,2469.0,106.78118059388001,4.80683273004625,yes
115937.0,36.0,admin.,single,primary,yes,No,,5.0,may,Night,1.0,1.0,0.0,,no,-171.0,106.27709762260098,6.408092822249634,no
154304.0,25.0,blue-collar,single,tertiary,yes,no,call,15.0,may,morning,1.0,1.0,0.0,,no,1395.0,107.58172514692784,4.954758312033553,no
139100.0,51.0,technician,married,tertiary,no,no,call,27.0,aug,Night ,4.0,4.0,0.0,,no,1121.0,90.37770891894556,7.914472221784857,no
154677.0,32.0,blue-collar,married,secondary,yes,no,call,18.0,may,Morning,4.0,4.0,0.0,,no,36.0,103.75944620569199,,no
129548.0,56.0,management,,tertiary,no,yes,email,,jul,morning,3.0,3.0,0.0,,no,318.0,116.17824273461898,4.124523248551148,no
121595.0,25.0,self-employed,married,tertiary,yes,no,,26.0,may,Afternoon,2.0,2.0,0.0,,no,1182.0,103.15886595250522,5.5711208171844255,no
132225.0,34.0,technician,married,secondary,no,no,call,23.0,jul,Night,3.0,3.0,0.0,,no,672.0,99.12113635358155,3.39494343845047,no
120166.0,42.0,management,divorced,tertiary,yes,No,,19.0,may,Evening,6.0,6.0,0.0,,no,1116.0,111.29563467748487,8.017750071590076,no
116641.0,30.0,management,married,tertiary,yes,no,,6.0,may,Evening,3.0,3.0,0.0,,no,32.0,103.2512610329961,4.851640418349244,no
157854.0,33.0,management,married,tertiary,no,no,call,23.0,oct,Afternoon,1.0,1.0,2.0,failure,no,5878.0,102.14314998183957,4.481267095623385,yes
149348.0,30.0,admin.,married,secondary,yes,no,call,20.0,apr,Evening,3.0,3.0,0.0,,no,312.0,,4.696247002256083,no
118461.0,53.0,admin.,divorced,secondary,yes,no,,13.0,may,Night ,1.0,1.0,0.0,,no,592.0,110.18922795523098,6.112452171814451,no
149992.0,58.0,blue-collar,married,,no,no,call,30.0,apr,Morning,1.0,1.0,1.0,success,no,3585.0,90.72940210103144,3.929467339112268,no
155051.0,30.0,management,single,tertiary,yes,no,call,18.0,may,Night,2.0,2.0,2.0,other,no,264.0,103.09748274478669,3.9987645044202424,no
126244.0,40.0,housemaid,married,secondary,yes,no,,12.0,jun,eve,6.0,6.0,0.0,,no,3944.0,111.58941571377741,4.191213631867392,no
153815.0,32.0,blue-collar,single,primary,yes,no,call,14.0,may,morning,2.0,2.0,0.0,,no,398.0,91.32292472807548,6.274848282214915,no
158648.0,44.0,technician,married,secondary,yes,no,call,27.0,jan,morning,1.0,1.0,0.0,,no,2776.0,93.83495535722322,4.231857539743421,yes
148560.0,34.0,admin.,married,secondary,no,no,call,17.0,apr,Night,1.0,1.0,3.0,failure,no,21.0,106.24451351963425,5.045062165883812,no
122040.0,31.0,blue-collar,married,secondary,yes,yes,,27.0,may,eve,1.0,1.0,0.0,,no,557.0,116.2615096822169,4.704838823300348,no
157107.0,60.0,housemaid,married,primary,no,no,call,21.0,aug,Evening,1.0,1.0,0.0,,no,211.0,,6.479475570681817,no
136161.0,59.0,retired,married,secondary,no,No,call,11.0,aug,eve,2.0,2.0,0.0,,no,1980.0,97.23542938252284,4.552522688860148,no
159109.0,33.0,management,married,tertiary,no,no,call,5.0,mar,eve,1.0,1.0,5.0,failure,no,1390.0,109.41242255706632,4.711784552258292,no
117834.0,29.0,student,single,secondary,yes,no,,9.0,may,Night,6.0,6.0,0.0,,no,510.0,106.24516873523397,3.1677808846285913,no
147776.0,34.0,blue-collar,married,primary,yes,no,call,9.0,apr,eve,3.0,3.0,0.0,,no,1451.0,97.58998627055384,7.524219533358869,no
146119.0,33.0,management,single,tertiary,yes,no,call,5.0,feb,Morning,1.0,1.0,5.0,failure,no,1410.0,98.47832963011284,4.8876832590333885,no
143342.0,52.0,blue-collar,,primary,yes,no,SMS,21.0,nov,Afternoon,3.0,3.0,0.0,,no,28.0,101.17082898903007,5.091521200429823,no
141333.0,42.0,management,married,secondary,yes,no,call,18.0,nov,Evening,1.0,1.0,0.0,,no,283.0,81.13676598228297,5.116553137957378,no
130393.0,44.0,management,married,tertiary,yes,no,call,14.0,,Night,3.0,3.0,0.0,,no,58.0,74.25732152777317,5.88962125161298,no
140668.0,44.0,technician,married,secondary,yes,no,call,18.0,nov,eve,1.0,1.0,1.0,failure,no,10888.0,86.56407781046276,7.865809995062069,no
141134.0,35.0,admin.,married,secondary,yes,no,call,18.0,nov,morning,4.0,4.0,0.0,,no,122.0,94.61777624045804,3.3608550210293644,no
160110.0,42.0,management,divorced,tertiary,no,no,call,16.0,jul,morning,6.0,6.0,14.0,success,no,5037.0,95.65919744374143,3.3021805648008886,no
123467.0,51.0,entrepreneur,married,tertiary,yes,no,,30.0,may,eve,1.0,1.0,0.0,,no,267.0,108.70182324285769,4.9843712219655005,no
117005.0,48.0,blue-collar,married,secondary,yes,yes,,7.0,may,Morning,3.0,3.0,0.0,,no,1230.0,87.37287481209253,5.534390714119572,no
118873.0,33.0,admin.,single,secondary,yes,no,,14.0,may,eve,1.0,1.0,0.0,,no,1613.0,96.97282704394433,,no
129978.0,55.0,blue-collar,married,secondary,no,no,email,11.0,jul,Morning,2.0,2.0,0.0,,no,983.0,101.76008406729655,5.145894816807977,no
141046.0,48.0,management,married,tertiary,no,no,call,18.0,nov,Evening,1.0,1.0,0.0,,no,1600.0,105.63125018708831,3.9621810273679268,no
146646.0,42.0,technician,married,secondary,no,no,call,6.0,feb,Afternoon,2.0,2.0,0.0,,no,419.0,91.2452650506368,2.9425749415934233,no
118627.0,46.0,admin.,married,secondary,yes,no,,14.0,may,morning,11.0,11.0,0.0,,no,120.0,120.8781096320462,5.829845667639968,no
153123.0,54.0,blue-collar,single,primary,yes,no,call,13.0,may,Night,1.0,1.0,0.0,,no,-119.0,87.93246575158781,5.713111711103357,no
156804.0,34.0,unemployed,,tertiary,no,no,call,12.0,aug,Evening,1.0,1.0,0.0,,no,415.0,83.82920613890622,6.052255111186204,no
160076.0,36.0,blue-collar,single,tertiary,no,no,call,15.0,jul,Morning,5.0,5.0,6.0,failure,no,1830.0,104.1546501745489,3.9444447619572287,no
135296.0,46.0,housemaid,married,primary,no,no,call,6.0,aug,Night,5.0,5.0,0.0,,no,0.0,98.16262500272006,5.203105814012794,no
155674.0,31.0,unemployed,single,primary,no,No,call,1.0,jun,Morning,1.0,1.0,0.0,,no,3652.0,98.4077061576807,5.276529050738284,no
139800.0,49.0,management,married,tertiary,no,no,call,,aug,Night ,2.0,2.0,0.0,,no,146.0,103.94173426134319,6.15565864068342,no
130779.0,48.0,retired,single,primary,no,yes,call,16.0,jul,Morning,1.0,1.0,0.0,,no,119.0,96.82750192904614,6.209513934258977,no
155533.0,33.0,admin.,single,tertiary,no,no,call,,may,eve,2.0,2.0,0.0,,no,1077.0,116.18471657481227,5.2943960206876595,no
133698.0,41.0,management,married,tertiary,yes,no,call,29.0,jul,Morning,12.0,12.0,0.0,,no,328.0,,5.4428613571457,no
118706.0,53.0,blue-collar,married,primary,yes,no,,14.0,may,Evening,1.0,1.0,0.0,,no,896.0,99.51385015986867,4.038112281375863,no
140264.0,49.0,management,married,tertiary,yes,no,SMS,17.0,nov,Morning,1.0,1.0,0.0,,no,6493.0,95.82973946579926,4.122307315757225,no
117831.0,31.0,management,single,tertiary,yes,no,,9.0,may,Evening,4.0,4.0,0.0,,no,12.0,94.29911965956114,3.7427974159801094,no
122482.0,53.0,services,married,primary,no,No,,28.0,may,Night,1.0,1.0,0.0,,no,,104.15914343311113,6.684076488256293,no
150059.0,34.0,management,married,tertiary,no,no,call,30.0,apr,eve,1.0,1.0,5.0,other,no,3047.0,91.45443610222623,3.5648373242258606,yes
121284.0,32.0,technician,single,tertiary,yes,yes,,23.0,may,Night ,2.0,2.0,0.0,,no,539.0,108.00995109432566,3.0185055432014627,no
140157.0,58.0,admin.,married,,yes,no,call,17.0,nov,Afternoon,1.0,1.0,2.0,failure,no,0.0,81.61208292506649,3.397214535462732,no
121389.0,30.0,management,single,tertiary,yes,no,,23.0,may,eve,3.0,3.0,0.0,,no,501.0,82.23047170575946,6.781806566016844,no
147752.0,38.0,blue-collar,married,secondary,yes,no,call,9.0,apr,Evening,4.0,4.0,5.0,failure,no,13849.0,82.88007095101248,5.784936821536286,no
134805.0,51.0,blue-collar,married,secondary,no,No,call,4.0,aug,eve,2.0,2.0,0.0,,no,1121.0,99.18685574441979,6.797783335587946,no
124940.0,60.0,housemaid,married,tertiary,no,no,,5.0,jun,eve,1.0,1.0,0.0,,no,443.0,98.65687855546264,4.183200703232981,no
161092.0,38.0,technician,married,secondary,yes,no,call,16.0,nov,Morning,4.0,4.0,0.0,,no,557.0,103.45489029517204,6.606106549562069,yes
139388.0,57.0,management,married,tertiary,no,no,call,28.0,aug,Evening,8.0,8.0,0.0,,no,561.0,114.85348276760172,6.436999691267837,no
144131.0,32.0,technician,single,secondary,no,yes,call,29.0,jan,Evening,1.0,1.0,0.0,,no,540.0,115.35785715532623,3.9720473388055115,yes
118431.0,53.0,retired,single,secondary,yes,no,,13.0,may,Morning,2.0,2.0,0.0,,no,1421.0,100.69582212378242,6.940774412425574,no
128425.0,29.0,blue-collar,single,primary,no,no,,3.0,jul,Night,1.0,1.0,0.0,,no,145.0,112.87881091235367,5.85368556215388,no
141986.0,50.0,housemaid,married,primary,no,no,call,19.0,nov,eve,7.0,7.0,0.0,,no,5296.0,95.65390893715461,5.32842500086117,no
139570.0,32.0,technician,single,tertiary,no,no,call,28.0,aug,Evening,27.0,27.0,0.0,,no,723.0,109.0891187268679,5.531153635580935,no
151900.0,42.0,admin.,divorced,secondary,no,no,call,8.0,may,eve,1.0,1.0,1.0,failure,no,256.0,115.58130988849737,2.8307031748496496,no
143538.0,57.0,self-employed,single,primary,yes,no,call,21.0,nov,Night,5.0,5.0,0.0,,no,6056.0,110.46314606148255,4.859771084125339,no
124151.0,28.0,management,single,tertiary,yes,no,,2.0,jun,Morning,5.0,5.0,0.0,,no,6321.0,81.96120655268513,5.683515486947091,no
117051.0,29.0,admin.,single,secondary,yes,no,,8.0,may,Morning,2.0,2.0,0.0,,no,1117.0,111.24975573747467,3.5004380570801006,no
154365.0,38.0,entrepreneur,married,tertiary,yes,no,call,15.0,may,Evening,7.0,7.0,0.0,,no,2069.0,117.78226333355877,3.7568425039042266,no
140887.0,34.0,entrepreneur,single,tertiary,no,yes,call,18.0,nov,Night ,1.0,1.0,0.0,,yes,1709.0,102.18708376098806,3.650094714888237,no
124276.0,38.0,management,married,tertiary,yes,no,,3.0,jun,Afternoon,1.0,1.0,0.0,,yes,-562.0,97.05930115075456,4.153239839442266,no
124312.0,36.0,technician,single,tertiary,yes,no,,3.0,jun,Night ,1.0,1.0,0.0,,no,743.0,93.78589770901439,3.1310869542122317,no
142311.0,50.0,self-employed,married,secondary,yes,yes,call,20.0,nov,Night,2.0,2.0,11.0,failure,no,1878.0,105.99822431924197,4.450184085072203,no
121831.0,41.0,,married,primary,no,No,,26.0,may,Afternoon,3.0,3.0,0.0,,no,526.0,95.08936287163223,6.7132089139808535,no
117733.0,32.0,admin.,single,secondary,no,no,,9.0,may,Night ,1.0,1.0,0.0,,no,708.0,102.0646677389786,8.114205807821296,no
135976.0,45.0,blue-collar,married,secondary,,no,call,11.0,aug,Night,4.0,4.0,0.0,,no,115.0,88.6352513672146,4.835577752482239,no
144295.0,30.0,admin.,single,secondary,yes,no,call,29.0,jan,Night ,1.0,1.0,0.0,,no,1018.0,111.59027917332025,6.992694139893889,no
123535.0,36.0,management,single,tertiary,yes,no,,30.0,may,Evening,1.0,1.0,0.0,,no,1089.0,106.3319574650246,3.5393590919622127,no
154817.0,32.0,services,single,secondary,yes,no,call,18.0,may,Morning,1.0,1.0,0.0,,yes,687.0,103.26940066239733,5.40327639944965,no
117432.0,32.0,management,divorced,tertiary,yes,no,,8.0,may,Night ,4.0,4.0,0.0,,no,1.0,103.58854620779258,5.874342754635782,no
147571.0,33.0,management,single,tertiary,no,no,call,7.0,apr,eve,1.0,1.0,0.0,,no,561.0,115.81652898001329,5.643266144679252,no
140817.0,31.0,admin.,single,secondary,yes,no,call,18.0,nov,Morning,1.0,1.0,0.0,,no,482.0,109.39021806444771,5.361144956426389,no
134139.0,30.0,admin.,single,secondary,yes,yes,call,31.0,jul,morning,3.0,3.0,0.0,,no,394.0,93.02111342527614,2.422288951303444,no
134169.0,41.0,technician,single,secondary,no,no,call,31.0,jul,Afternoon,3.0,3.0,0.0,,no,3023.0,114.22080965754992,5.89075929757521,no
148088.0,35.0,management,divorced,tertiary,no,no,call,16.0,apr,eve,2.0,2.0,0.0,,no,26.0,92.38656024415602,4.767682670964726,yes
127784.0,36.0,blue-collar,single,primary,yes,no,,20.0,jun,Afternoon,10.0,10.0,0.0,,no,1313.0,100.47124478025694,3.9046798849009208,no
149861.0,40.0,management,married,tertiary,no,No,call,30.0,apr,Morning,1.0,1.0,0.0,,no,2487.0,75.15134118463405,5.518203746235105,no
117301.0,31.0,blue-collar,married,primary,yes,no,,8.0,may,Night,1.0,1.0,0.0,,no,406.0,87.30354204335084,4.1216852816353144,no
158204.0,37.0,technician,single,tertiary,no,no,call,16.0,nov,Night ,1.0,1.0,1.0,success,no,197.0,77.23469151604077,5.1087405509980215,yes
142819.0,34.0,management,married,tertiary,yes,yes,call,21.0,nov,Night,1.0,1.0,0.0,,no,3167.0,113.19265302921451,2.5226972255601003,no
138423.0,32.0,management,married,tertiary,yes,yes,call,22.0,aug,Night ,13.0,13.0,0.0,,no,141.0,107.95450801168485,4.417106128110131,no
143136.0,49.0,admin.,divorced,secondary,yes,no,call,21.0,nov,Night,2.0,2.0,1.0,failure,no,771.0,83.49837405325124,2.5702063433280355,no
153387.0,55.0,retired,married,secondary,yes,no,call,13.0,may,Night,3.0,3.0,8.0,other,no,1279.0,118.69856166464564,6.927796097245087,no
132661.0,31.0,technician,married,tertiary,yes,no,call,24.0,jul,Night,11.0,11.0,0.0,,no,162.0,59.67168276728821,6.087099988474057,no
136006.0,35.0,technician,single,tertiary,no,yes,call,11.0,aug,Morning,2.0,2.0,0.0,,no,2277.0,103.51334306526533,3.1249038624859424,no
145533.0,27.0,unemployed,single,tertiary,no,no,call,3.0,feb,morning,3.0,3.0,0.0,,no,127.0,81.10448088822389,5.1739113218460435,no
132078.0,32.0,technician,married,secondary,yes,no,call,22.0,jul,Afternoon,2.0,2.0,0.0,,no,4790.0,112.0040478056965,7.1021605706509465,no
146303.0,57.0,management,divorced,tertiary,no,no,call,5.0,feb,Morning,1.0,1.0,3.0,failure,no,442.0,114.259222632877,2.467703994374287,no
117985.0,33.0,blue-collar,married,primary,yes,yes,,12.0,may,morning,2.0,2.0,0.0,,no,2.0,103.54199925207374,3.852794487517598,no
125197.0,51.0,admin.,married,secondary,no,no,,5.0,jun,Afternoon,2.0,2.0,0.0,,no,1699.0,87.16495495532475,4.87282806882308,no
158344.0,24.0,student,single,secondary,no,no,call,9.0,dec,morning,1.0,1.0,0.0,,no,1847.0,121.74634950563208,7.995424981892559,no
153738.0,37.0,blue-collar,married,primary,yes,no,call,14.0,may,Evening,6.0,6.0,0.0,,no,190.0,93.91117488190791,6.342977485763094,no
125205.0,52.0,management,married,secondary,no,no,,5.0,jun,Night ,3.0,3.0,0.0,,no,3258.0,105.00661677155121,3.9566805351989878,no
154041.0,28.0,services,married,secondary,yes,No,call,15.0,may,Afternoon,1.0,1.0,5.0,failure,no,511.0,119.91997276401872,4.848990892340125,no
155186.0,31.0,admin.,single,secondary,yes,No,call,18.0,may,Evening,2.0,2.0,15.0,other,no,-422.0,106.84135260103814,5.734311731606387,no
117363.0,51.0,management,married,tertiary,no,no,,8.0,may,Afternoon,5.0,5.0,0.0,,no,751.0,95.65628632422386,3.6168502661503226,no
134843.0,46.0,blue-collar,married,secondary,no,yes,call,4.0,aug,Night ,1.0,1.0,0.0,,no,-396.0,102.69441797096088,5.600793975036217,no
137132.0,36.0,housemaid,divorced,tertiary,yes,no,call,18.0,aug,Evening,6.0,6.0,0.0,,no,7296.0,102.87656512775688,6.350685805341627,no
118882.0,57.0,retired,married,secondary,yes,no,,14.0,may,morning,2.0,2.0,0.0,,no,3545.0,88.59920189966215,1.6670498820582305,no
129909.0,29.0,admin.,married,secondary,no,yes,call,11.0,jul,morning,1.0,1.0,0.0,,no,111.0,99.13744824953312,3.8839354708997322,no
141975.0,47.0,technician,divorced,primary,yes,no,call,19.0,nov,Night ,4.0,4.0,0.0,,no,3524.0,110.40207025656478,5.013344983646668,no
153125.0,44.0,blue-collar,divorced,primary,yes,no,call,13.0,may,morning,1.0,1.0,7.0,failure,no,25.0,107.20495217181542,2.9857136127933273,no
137522.0,48.0,blue-collar,married,secondary,no,yes,call,19.0,aug,Afternoon,2.0,2.0,0.0,,no,3.0,117.24572383002814,,no
160291.0,43.0,blue-collar,married,primary,no,no,call,3.0,aug,eve,2.0,2.0,1.0,other,no,2952.0,112.55704969865886,3.420766111824608,yes
155006.0,36.0,services,single,secondary,yes,no,call,18.0,may,morning,2.0,2.0,0.0,,no,165.0,95.30466606359224,4.318787383461498,no
118778.0,54.0,blue-collar,,secondary,yes,no,,14.0,may,Afternoon,1.0,1.0,0.0,,no,1765.0,103.21754843258914,4.549520247502446,no
123792.0,51.0,blue-collar,divorced,secondary,yes,no,,30.0,may,Afternoon,2.0,2.0,0.0,,no,1069.0,104.32222880175215,3.7230057640338825,no
144337.0,49.0,management,married,tertiary,no,no,call,29.0,jan,Afternoon,1.0,1.0,0.0,,no,87.0,88.83328055942414,6.228395567762805,no
154470.0,27.0,blue-collar,married,secondary,no,no,call,15.0,may,Night ,2.0,2.0,0.0,,no,,78.2021070480451,4.830506263006722,no
153510.0,33.0,blue-collar,married,secondary,yes,no,call,14.0,may,eve,1.0,1.0,0.0,,no,1233.0,90.0143772056703,5.6599485958351385,no
131054.0,41.0,services,married,primary,yes,no,call,17.0,jul,eve,11.0,11.0,0.0,,no,0.0,89.06901669942683,3.542817980396344,no
139715.0,33.0,management,married,tertiary,yes,no,call,29.0,aug,Evening,2.0,2.0,0.0,,no,452.0,107.77793969497687,4.566569408850682,no
160256.0,26.0,technician,single,secondary,no,no,call,2.0,aug,Afternoon,3.0,3.0,2.0,other,no,1873.0,90.5528105944781,5.252728608770385,no
137879.0,36.0,technician,married,tertiary,no,no,call,20.0,aug,Evening,1.0,1.0,0.0,,no,0.0,103.7830366350566,4.453085893714905,no
128482.0,56.0,management,divorced,tertiary,no,No,,4.0,jul,Morning,1.0,1.0,0.0,,no,94.0,99.48701865837361,5.367601630171672,no
148791.0,31.0,services,single,secondary,yes,No,call,17.0,apr,Night ,2.0,2.0,0.0,,no,0.0,97.1797938218269,4.972500899306925,no
155008.0,30.0,blue-collar,married,primary,yes,no,call,18.0,may,Morning,2.0,2.0,0.0,,no,-5.0,97.66608286124995,4.000605075924461,no
118846.0,46.0,blue-collar,married,secondary,yes,yes,,14.0,may,morning,2.0,2.0,0.0,,no,243.0,87.33913380896807,5.1003192534921356,no
121819.0,43.0,blue-collar,married,secondary,yes,no,,26.0,may,Evening,2.0,2.0,0.0,,no,,91.60927417940556,4.760818376392893,no
143140.0,54.0,blue-collar,married,primary,no,no,email,21.0,nov,Evening,3.0,3.0,0.0,,no,4503.0,89.3661394702159,4.74301269336413,no
137651.0,56.0,technician,married,secondary,no,no,call,19.0,aug,Night ,7.0,7.0,0.0,,no,1750.0,115.89418205105477,3.9508015230007425,no
129766.0,39.0,technician,single,secondary,yes,yes,call,10.0,jul,eve,9.0,9.0,0.0,,no,3.0,98.7886078458146,4.976896409709895,no
118769.0,30.0,blue-collar,married,secondary,yes,,,14.0,may,morning,1.0,1.0,0.0,,no,938.0,106.60020067002688,5.845917127081571,no
140720.0,41.0,management,married,tertiary,yes,no,call,18.0,nov,eve,1.0,1.0,0.0,,no,1199.0,112.99941444985915,7.589913884139945,no
139311.0,52.0,admin.,married,secondary,no,no,call,27.0,aug,Evening,3.0,3.0,0.0,,no,190.0,,3.736906836805561,no
152619.0,32.0,admin.,divorced,secondary,yes,,call,12.0,may,eve,1.0,1.0,0.0,,no,1288.0,110.9188309607267,7.063152504963796,no
127210.0,57.0,blue-collar,married,primary,no,no,,18.0,jun,Night ,9.0,9.0,0.0,,no,1236.0,94.0123375439632,7.147981783756302,no
121435.0,35.0,technician,married,secondary,yes,yes,,23.0,may,Evening,2.0,2.0,0.0,,no,0.0,109.02401112182055,5.70454469816598,no
150102.0,38.0,technician,divorced,secondary,yes,no,call,4.0,may,Night ,3.0,3.0,1.0,success,no,902.0,103.00348544934052,4.751170988367885,yes
120272.0,34.0,self-employed,married,secondary,yes,no,,19.0,may,Night,3.0,3.0,0.0,,no,-56.0,95.4315139054221,2.250699022942319,no
159383.0,31.0,blue-collar,single,secondary,no,no,call,16.0,apr,Evening,2.0,2.0,3.0,other,no,4.0,86.21605460509849,4.651063125084814,no
140999.0,42.0,housemaid,divorced,tertiary,no,no,call,18.0,nov,Evening,1.0,1.0,0.0,,no,364.0,109.36405393660998,5.818551341510185,no
134884.0,43.0,technician,divorced,secondary,no,no,call,4.0,aug,Night,3.0,3.0,0.0,,no,167.0,82.70762428417999,9.010773063613266,no
118153.0,46.0,entrepreneur,married,tertiary,no,no,,12.0,may,Evening,8.0,8.0,0.0,,no,-43.0,112.41376992018726,4.108221130928043,no
155984.0,38.0,management,married,tertiary,yes,no,call,4.0,jun,eve,1.0,1.0,4.0,other,no,1988.0,96.21421202136065,2.237520057366221,no
137038.0,56.0,blue-collar,married,primary,no,no,call,14.0,aug,Night,4.0,4.0,0.0,,no,8163.0,97.69552424218143,4.5518457261584535,yes
144068.0,42.0,management,divorced,tertiary,no,yes,call,29.0,jan,Morning,1.0,1.0,0.0,,no,-259.0,93.92083985589787,5.814997843958177,no
127281.0,38.0,management,married,tertiary,yes,yes,,19.0,jun,Night ,1.0,1.0,0.0,,yes,-1007.0,94.6818352272987,4.925201244367544,no
149560.0,35.0,blue-collar,married,secondary,yes,no,call,20.0,apr,Afternoon,6.0,6.0,0.0,,no,407.0,98.94085767067848,5.035360502096216,no
160566.0,39.0,services,single,secondary,no,No,call,3.0,sep,Evening,1.0,1.0,1.0,success,no,91.0,84.2598379034705,6.1875081728548516,yes
154939.0,31.0,services,single,secondary,yes,No,call,18.0,may,Evening,2.0,2.0,0.0,,no,91.0,103.71036444262282,5.9091996855591695,no
119286.0,46.0,management,married,tertiary,yes,yes,,15.0,may,Night ,3.0,3.0,0.0,,no,1038.0,92.80285716020609,3.9086144199631203,no
138764.0,40.0,housemaid,married,primary,no,no,call,25.0,aug,Night ,4.0,4.0,0.0,,no,34.0,111.53607938232072,4.3060598981231575,no
122430.0,33.0,admin.,married,secondary,yes,no,,27.0,may,Morning,3.0,3.0,0.0,,no,-297.0,101.45589896149156,6.50487853997453,no
153694.0,33.0,technician,single,secondary,yes,no,call,14.0,may,eve,1.0,1.0,8.0,failure,no,287.0,86.0782628570972,4.816807300982916,no
118568.0,60.0,retired,married,secondary,yes,no,,13.0,may,Evening,2.0,2.0,0.0,,no,926.0,94.65436746064546,2.68241214094403,no
121235.0,35.0,management,married,secondary,yes,no,,23.0,may,Night ,1.0,1.0,0.0,,no,339.0,87.59723038382732,3.2726001804944826,no
146483.0,64.0,retired,married,primary,no,No,call,6.0,feb,Morning,1.0,1.0,0.0,,no,440.0,107.90537031519895,2.107318757027346,yes
133269.0,36.0,entrepreneur,married,secondary,yes,no,call,28.0,jul,Morning,2.0,2.0,0.0,,no,229.0,93.77560009537781,6.217035435365809,no
121132.0,32.0,management,married,tertiary,yes,yes,,23.0,may,Afternoon,1.0,1.0,0.0,,no,2737.0,99.1096397466373,4.389575064368024,no
145268.0,28.0,unemployed,married,primary,yes,no,call,2.0,feb,Evening,5.0,5.0,2.0,failure,no,7459.0,96.63770766338706,5.302743327624222,yes
148737.0,31.0,blue-collar,single,primary,yes,no,call,17.0,apr,eve,1.0,1.0,0.0,,no,817.0,103.44787310701336,5.866417941023066,no
139551.0,30.0,technician,single,secondary,no,no,call,28.0,aug,Morning,14.0,14.0,0.0,,no,167.0,104.72099007135907,4.526849441374945,no
159639.0,62.0,retired,married,secondary,no,no,call,18.0,may,Morning,2.0,2.0,1.0,success,no,3114.0,99.45826201831281,2.2139844398926565,yes
127279.0,48.0,entrepreneur,married,tertiary,yes,no,,19.0,jun,Night ,1.0,1.0,0.0,,no,269.0,111.51375690843412,4.674570931546787,no
123484.0,35.0,management,single,tertiary,yes,no,,30.0,may,Night,1.0,1.0,0.0,,no,4.0,97.12235424121074,4.541532468414464,no
132461.0,60.0,technician,single,secondary,no,no,call,24.0,jul,Evening,1.0,1.0,0.0,,no,12.0,104.68566828207219,6.5958166282784525,no
153092.0,35.0,blue-collar,married,secondary,no,no,call,13.0,may,Night,1.0,1.0,1.0,failure,no,577.0,106.20129636026867,5.389132167618417,no
127753.0,44.0,technician,married,secondary,no,no,,20.0,jun,Night,6.0,6.0,0.0,,no,251.0,97.5533145473124,4.228107430596549,no
126514.0,36.0,management,single,tertiary,no,no,,16.0,jun,Night ,1.0,1.0,0.0,,no,317.0,93.89444364667817,4.959148096490028,no
120923.0,48.0,blue-collar,divorced,primary,yes,no,,21.0,may,Morning,12.0,12.0,0.0,,no,338.0,102.32066839694404,7.088141354556479,no
117997.0,59.0,blue-collar,divorced,primary,yes,no,,12.0,may,morning,1.0,1.0,0.0,,no,220.0,110.70059572982346,4.646427913883405,no
125148.0,51.0,technician,married,primary,yes,no,,5.0,jun,Night,3.0,3.0,0.0,,no,223.0,86.27586916480946,5.024370500496632,no
147365.0,27.0,management,single,tertiary,yes,no,call,1.0,apr,morning,1.0,1.0,0.0,,no,0.0,115.13663641442113,5.806894360664284,no
148742.0,30.0,admin.,single,tertiary,yes,no,call,17.0,apr,Afternoon,1.0,1.0,0.0,,no,739.0,120.5134384741679,4.051814332685298,no
154372.0,22.0,student,single,secondary,yes,no,call,15.0,may,Evening,1.0,1.0,0.0,,no,4038.0,113.13666044113091,8.085383319064693,no
146922.0,31.0,management,married,tertiary,,yes,call,11.0,feb,Morning,1.0,1.0,0.0,,no,3.0,113.37054323190398,4.919269252223922,yes
126687.0,61.0,retired,married,secondary,no,no,,17.0,jun,Morning,1.0,1.0,0.0,,no,296.0,92.7208089650568,3.8746668777229774,no
131237.0,31.0,management,married,tertiary,yes,no,call,18.0,jul,Morning,1.0,1.0,0.0,,no,557.0,93.23611363557002,7.328409393107574,no
125996.0,53.0,admin.,single,secondary,no,yes,,11.0,jun,Morning,1.0,1.0,0.0,,no,-285.0,98.79483593033233,5.879398916400838,no
138877.0,45.0,technician,divorced,secondary,no,no,call,26.0,aug,Morning,2.0,2.0,0.0,,no,0.0,107.67908598985082,4.163388653556468,no
140402.0,50.0,management,married,tertiary,no,no,call,17.0,nov,morning,1.0,1.0,2.0,failure,no,830.0,91.6550862218903,2.8940347389875445,no
159279.0,27.0,student,single,secondary,no,no,call,31.0,mar,Night,1.0,1.0,1.0,failure,no,6036.0,101.17626158647397,7.054908131054568,yes
128401.0,35.0,retired,single,secondary,no,yes,,2.0,jul,Morning,3.0,3.0,0.0,,no,527.0,93.58534920514028,4.852361983540738,no
145334.0,48.0,technician,married,secondary,no,yes,call,3.0,feb,Morning,2.0,2.0,3.0,other,no,197.0,120.2866721536744,2.680372126939331,no
135336.0,51.0,blue-collar,married,primary,no,no,call,6.0,aug,Night ,7.0,7.0,0.0,,no,7098.0,92.63959191782217,6.553969064456856,yes
151972.0,36.0,blue-collar,divorced,primary,yes,no,call,11.0,may,morning,1.0,1.0,0.0,,no,666.0,90.27370570590664,4.502309794305221,no
119587.0,32.0,management,married,secondary,yes,no,,16.0,may,Morning,3.0,3.0,0.0,,no,1423.0,96.59586112095408,5.128776683244365,no
124473.0,41.0,services,married,secondary,yes,yes,,3.0,jun,Morning,1.0,1.0,0.0,,no,146.0,90.19618289378954,5.342935402605302,no
146007.0,27.0,services,married,secondary,no,no,call,4.0,feb,Morning,2.0,2.0,6.0,failure,no,199.0,97.21511362904994,4.86360751504923,no
152799.0,59.0,admin.,married,secondary,yes,no,SMS,12.0,may,eve,2.0,2.0,13.0,success,no,145.0,116.55963653779854,6.123501190001659,yes
154439.0,49.0,self-employed,married,secondary,yes,No,call,15.0,may,Afternoon,6.0,6.0,0.0,,no,2576.0,98.87874169362208,,no
126606.0,39.0,blue-collar,married,primary,no,no,,16.0,jun,Night,3.0,3.0,0.0,,no,4166.0,92.96027529811778,4.261644840817844,no
159040.0,59.0,technician,married,secondary,yes,no,call,25.0,feb,eve,1.0,1.0,1.0,failure,no,7766.0,90.64528588016353,5.571400378387195,yes
146963.0,54.0,admin.,divorced,secondary,no,no,call,13.0,feb,Morning,5.0,5.0,0.0,,no,1872.0,92.36849367210003,6.058318302292722,yes
135592.0,31.0,management,married,secondary,no,no,call,7.0,aug,Afternoon,3.0,3.0,0.0,,no,55.0,90.14251171056472,5.5682750644098435,no
138895.0,34.0,technician,single,secondary,yes,no,call,26.0,aug,Morning,2.0,2.0,0.0,,no,94.0,103.01329785110441,2.907076613211641,no
138448.0,59.0,retired,married,primary,,no,call,22.0,aug,Evening,1.0,1.0,0.0,,no,0.0,95.2516017126794,8.53081025265919,no
117364.0,38.0,blue-collar,single,,yes,no,,8.0,may,Afternoon,1.0,1.0,0.0,,no,495.0,104.37510203551572,3.2240889972096185,no
124153.0,46.0,technician,divorced,secondary,yes,no,,2.0,jun,Night,1.0,1.0,0.0,,no,-205.0,94.58743973446245,3.4733079201253987,no
133253.0,53.0,blue-collar,married,secondary,no,yes,call,28.0,jul,Night,6.0,6.0,0.0,,no,2267.0,96.0389393930281,8.18546599469622,no
157468.0,57.0,blue-collar,married,primary,no,no,call,15.0,sep,Afternoon,2.0,2.0,2.0,success,no,3109.0,96.24224197182289,3.912718212536708,yes
154025.0,31.0,management,single,tertiary,yes,No,call,15.0,may,Morning,1.0,1.0,0.0,,no,177.0,101.66899362893346,3.8880654871092344,no
153476.0,58.0,services,married,primary,yes,no,call,14.0,may,morning,1.0,1.0,0.0,,no,2946.0,90.8435336849401,7.045770984035746,yes
151277.0,40.0,blue-collar,married,primary,yes,no,call,7.0,may,Morning,1.0,1.0,0.0,,no,32.0,100.41360817585702,6.408547695576871,no
152119.0,33.0,housemaid,married,primary,yes,no,call,11.0,may,Night ,1.0,1.0,0.0,,no,451.0,96.75333469820482,3.8557736859308127,no
125001.0,59.0,,married,primary,no,no,,5.0,jun,morning,1.0,1.0,0.0,,no,1470.0,94.9179666756208,5.735011981229211,no
157950.0,47.0,management,single,tertiary,no,no,call,29.0,oct,Afternoon,1.0,1.0,0.0,,no,551.0,110.45834928790394,4.29134381030462,yes
134356.0,54.0,blue-collar,married,primary,no,No,email,31.0,jul,Morning,2.0,2.0,0.0,,no,532.0,99.41740388324365,6.185899527746308,no
157442.0,36.0,management,married,tertiary,no,no,call,11.0,sep,eve,1.0,1.0,5.0,success,no,495.0,122.04864878522662,5.076284657071604,yes
149067.0,34.0,blue-collar,single,secondary,yes,no,call,20.0,apr,morning,3.0,3.0,1.0,failure,no,550.0,98.65466269075931,4.623807983950062,no
160639.0,24.0,student,single,tertiary,no,no,call,9.0,sep,Night,1.0,1.0,0.0,,no,834.0,98.47711233771292,6.457229176704803,yes
150232.0,57.0,retired,married,tertiary,no,no,email,4.0,may,Afternoon,5.0,5.0,0.0,,no,1458.0,89.49900291461748,5.067133650471161,no
145749.0,43.0,self-employed,divorced,secondary,yes,no,call,4.0,feb,Night ,2.0,2.0,0.0,,no,1187.0,82.84406255277294,2.4660390617485404,no
151724.0,43.0,technician,married,secondary,no,yes,call,8.0,may,Night,2.0,2.0,5.0,failure,no,0.0,110.84224087817937,5.176609755821829,no
116173.0,41.0,admin.,married,secondary,yes,yes,,5.0,,eve,2.0,2.0,0.0,,no,-62.0,105.45103830973837,5.1352390704971045,no
119259.0,41.0,housemaid,married,tertiary,yes,No,,15.0,may,morning,7.0,7.0,0.0,,no,38.0,87.2264292068393,4.685108777922325,no
137469.0,58.0,management,married,tertiary,no,no,call,19.0,aug,Night ,7.0,7.0,0.0,,no,172.0,105.13349322904736,5.353993577276172,no
132059.0,32.0,technician,married,secondary,yes,yes,call,22.0,jul,eve,5.0,5.0,0.0,,no,268.0,103.45126209314705,4.542006121622165,no
132525.0,57.0,management,married,tertiary,no,no,call,24.0,jul,Afternoon,2.0,2.0,0.0,,no,1741.0,82.22909586378796,5.262636216687945,no
124413.0,47.0,admin.,married,secondary,no,no,,3.0,jun,Morning,2.0,2.0,0.0,,no,0.0,96.81954550493771,3.7104390119848683,no
148309.0,32.0,blue-collar,married,primary,no,no,call,16.0,apr,Evening,2.0,2.0,16.0,other,no,5511.0,97.65980115717194,4.33735144277383,no
156830.0,30.0,unemployed,single,tertiary,no,No,call,12.0,aug,eve,1.0,1.0,1.0,success,no,1159.0,99.59222821720172,4.480176218207188,no
157003.0,29.0,student,single,,no,no,SMS,17.0,aug,Evening,1.0,1.0,0.0,,no,7585.0,96.18445273304611,2.430290050592261,no
159336.0,27.0,admin.,single,secondary,no,no,call,12.0,apr,Afternoon,1.0,1.0,9.0,other,no,1327.0,94.13452515516016,4.135444457105557,no
137021.0,33.0,technician,married,secondary,no,no,call,14.0,aug,Night ,8.0,8.0,0.0,,no,852.0,83.40664955070262,5.204158026690533,no
142493.0,53.0,technician,divorced,tertiary,yes,no,call,20.0,nov,Morning,1.0,1.0,0.0,,no,6503.0,85.20806644210455,5.321220651174892,no
120793.0,34.0,admin.,married,secondary,no,no,,21.0,may,Night,1.0,1.0,0.0,,no,1671.0,98.05760611193118,6.158868442232949,no
155893.0,50.0,management,married,secondary,no,no,call,3.0,jun,Afternoon,2.0,2.0,2.0,failure,no,268.0,95.41752067957083,5.5523862266671085,no
147228.0,28.0,blue-collar,single,secondary,yes,no,call,13.0,mar,Afternoon,11.0,11.0,1.0,other,no,387.0,87.76063940448635,5.658214523327955,no
124685.0,29.0,blue-collar,single,secondary,yes,no,,4.0,jun,Afternoon,1.0,1.0,0.0,,no,353.0,95.4037814935888,4.110888452535357,no
156386.0,28.0,management,single,tertiary,no,,call,7.0,jul,Morning,1.0,1.0,0.0,,no,1942.0,110.50383463403293,4.7418767047050805,no
124416.0,32.0,admin.,married,secondary,yes,no,,3.0,jun,Night,12.0,12.0,0.0,,no,277.0,108.76363387341935,5.370009718532793,no
149330.0,27.0,blue-collar,married,secondary,no,no,call,20.0,apr,Night,1.0,1.0,0.0,,no,4333.0,109.44655688519656,5.222615695579633,yes
129431.0,46.0,technician,married,secondary,no,yes,call,9.0,jul,eve,1.0,1.0,0.0,,yes,4.0,85.3608376863614,5.689253607476344,no
158714.0,40.0,management,single,tertiary,no,no,call,1.0,feb,Morning,1.0,1.0,1.0,failure,,257.0,106.35013496457474,4.6872970461094505,no
150381.0,35.0,admin.,married,secondary,yes,no,call,5.0,may,Night ,1.0,1.0,0.0,,no,3854.0,109.31249916546886,4.1572500577364515,no
124236.0,29.0,blue-collar,single,secondary,yes,no,,2.0,jun,morning,14.0,14.0,0.0,,no,260.0,107.1918551682937,7.776260073439378,yes
129975.0,37.0,technician,married,secondary,yes,no,call,11.0,jul,Afternoon,2.0,2.0,0.0,,no,407.0,105.33547666772189,3.471335861958913,no
129377.0,43.0,management,divorced,tertiary,no,yes,call,9.0,jul,eve,1.0,1.0,0.0,,no,-410.0,103.6155500993599,5.9856760386030405,no
129639.0,40.0,admin.,married,secondary,yes,no,call,10.0,jul,Evening,1.0,1.0,0.0,,no,540.0,97.88424822799952,4.209671527182147,no
145089.0,35.0,management,single,tertiary,no,no,call,2.0,feb,Evening,1.0,1.0,0.0,,no,688.0,82.72510189706146,7.18357347629472,no
130899.0,50.0,blue-collar,married,secondary,yes,no,call,17.0,jul,Evening,1.0,1.0,0.0,,no,1832.0,119.7140654579025,6.894210529340844,no
130085.0,31.0,technician,single,tertiary,no,yes,call,11.0,jul,Afternoon,2.0,2.0,0.0,,no,696.0,101.2584058477148,5.151517819716443,no
159733.0,36.0,technician,married,secondary,no,no,call,1.0,jun,eve,1.0,1.0,5.0,failure,no,1368.0,96.75186742251715,3.650402140629949,yes
123714.0,47.0,technician,married,primary,yes,no,,30.0,may,morning,3.0,3.0,0.0,,no,12531.0,95.12592999105503,5.56386417387781,no
159259.0,72.0,retired,married,primary,no,no,call,26.0,mar,Night ,3.0,3.0,3.0,failure,no,0.0,98.12822735980363,4.139077597112845,no
155661.0,37.0,technician,married,tertiary,no,no,call,1.0,jun,morning,1.0,1.0,0.0,,no,6968.0,88.73768715366934,5.44327649337827,no
150780.0,41.0,technician,married,tertiary,yes,no,call,6.0,may,Night,1.0,1.0,0.0,,no,-15.0,112.33071056595377,5.7371615079023375,no
130671.0,35.0,blue-collar,married,secondary,yes,yes,call,16.0,jul,Morning,6.0,6.0,0.0,,no,4.0,98.21470783410842,2.011564626471869,no
125259.0,50.0,blue-collar,single,primary,yes,no,,6.0,jun,Evening,5.0,5.0,0.0,,no,1743.0,96.06435273552489,3.5718124697416878,no
145605.0,55.0,management,single,tertiary,no,no,SMS,3.0,feb,morning,4.0,4.0,1.0,other,no,-350.0,101.20457498977284,3.507604826046482,no
117742.0,28.0,blue-collar,single,secondary,yes,no,,9.0,may,Night ,2.0,2.0,0.0,,no,-197.0,97.71626411188562,5.391239184338239,yes
137997.0,45.0,technician,married,tertiary,no,No,call,21.0,aug,Night ,2.0,2.0,0.0,,no,0.0,90.82257211917843,4.141552390183064,no
158896.0,71.0,retired,married,secondary,no,no,call,,feb,Night ,1.0,1.0,0.0,,no,1712.0,102.24082822319576,5.273052028354137,yes
142456.0,31.0,technician,married,secondary,yes,no,call,20.0,nov,Evening,1.0,1.0,0.0,,no,3706.0,102.7923090647108,5.113764389485825,no
152148.0,39.0,housemaid,married,primary,yes,yes,call,11.0,may,Night ,2.0,2.0,0.0,,no,-106.0,99.62496738093851,6.348621863196566,no
139048.0,44.0,technician,married,secondary,no,no,call,26.0,aug,Night ,6.0,6.0,0.0,,no,7863.0,90.0956701212871,4.889900022766451,no
151677.0,39.0,blue-collar,married,secondary,yes,no,call,8.0,may,Night ,2.0,2.0,0.0,,no,-196.0,100.8873900127705,6.91717087150783,no
119823.0,24.0,admin.,single,secondary,yes,no,,16.0,may,Night,1.0,1.0,0.0,,no,770.0,108.03150306572786,2.615766066983383,no
141435.0,35.0,management,single,tertiary,yes,no,call,19.0,nov,morning,1.0,1.0,0.0,,no,578.0,99.86321165883346,4.368121124343182,no
123887.0,39.0,technician,married,secondary,yes,no,,2.0,jun,eve,1.0,1.0,0.0,,no,1965.0,119.20336853470559,3.9667458183125026,no
130704.0,41.0,management,married,tertiary,no,yes,call,16.0,jul,Night,2.0,2.0,0.0,,no,0.0,110.22859571020086,5.713681495243948,no
132367.0,44.0,services,married,secondary,no,yes,call,23.0,jul,Night,2.0,2.0,0.0,,no,-18.0,115.03304934131737,4.143951336783647,no
134104.0,30.0,management,single,tertiary,,no,call,30.0,jul,Evening,4.0,4.0,0.0,,yes,35.0,89.3020977764071,6.686863491169717,no
149588.0,27.0,admin.,single,tertiary,no,no,call,21.0,apr,morning,1.0,1.0,0.0,,no,832.0,105.96043956610531,5.972136290355571,no
117639.0,39.0,blue-collar,single,secondary,yes,no,,9.0,may,eve,1.0,1.0,0.0,,no,169.0,96.40506391916284,2.444138132585202,no
123131.0,28.0,blue-collar,married,primary,yes,no,,29.0,may,Night ,4.0,4.0,0.0,,no,10045.0,103.59536094268688,5.395549088235191,no
124211.0,44.0,blue-collar,single,secondary,yes,No,,2.0,jun,Afternoon,7.0,7.0,0.0,,no,-292.0,118.25172831320266,6.394293674872679,no
123379.0,27.0,admin.,single,secondary,yes,yes,,29.0,may,Morning,4.0,4.0,0.0,,no,-181.0,100.79281012243199,4.745405409858635,no
149420.0,56.0,blue-collar,divorced,secondary,yes,No,call,20.0,apr,Night,2.0,2.0,0.0,,no,9698.0,112.47427629733484,7.751470433554581,no
135235.0,49.0,management,married,tertiary,no,no,call,6.0,aug,Morning,2.0,2.0,0.0,,no,0.0,101.3198441079475,6.08761042704219,no
127660.0,44.0,blue-collar,married,primary,no,yes,,20.0,jun,morning,1.0,1.0,0.0,,yes,0.0,107.26538634893595,6.243421265230481,no
125906.0,54.0,retired,single,primary,no,no,,9.0,jun,Evening,2.0,2.0,0.0,,no,767.0,93.20943671111931,5.1688968327755065,no
137384.0,38.0,technician,single,secondary,no,no,call,19.0,aug,Morning,14.0,14.0,0.0,,no,3278.0,93.95716838745562,6.3341762952661735,yes
153821.0,58.0,admin.,divorced,secondary,yes,no,call,14.0,may,Afternoon,8.0,8.0,0.0,,no,8548.0,94.03140404915644,2.828519198500787,no
119727.0,24.0,technician,single,secondary,yes,,,16.0,may,eve,1.0,1.0,0.0,,no,409.0,111.96590545586692,3.3447774736224556,yes
128767.0,41.0,technician,divorced,secondary,no,no,call,7.0,jul,Morning,4.0,4.0,0.0,,no,0.0,114.9946565166799,5.694777181143209,no
153890.0,27.0,admin.,single,secondary,yes,no,call,14.0,may,eve,2.0,2.0,0.0,,no,54.0,110.95398314644868,9.738659488908116,no
155251.0,38.0,services,divorced,secondary,yes,no,call,18.0,may,Night ,2.0,2.0,0.0,,no,,104.13596503126402,3.692919339704737,no
149637.0,39.0,services,married,secondary,no,no,call,22.0,apr,Morning,3.0,3.0,0.0,,no,1442.0,115.54556515449244,7.442759940283247,no
138393.0,36.0,technician,married,tertiary,no,no,call,22.0,,Afternoon,4.0,4.0,0.0,,no,508.0,117.81605251182127,6.508921969849789,no
159706.0,60.0,admin.,divorced,secondary,no,No,,27.0,may,eve,1.0,1.0,0.0,,no,162.0,105.2105912419194,7.589136871704019,no
151531.0,33.0,blue-collar,married,primary,yes,yes,call,8.0,may,Night ,3.0,3.0,0.0,,no,245.0,105.78895478972763,5.726800069315212,no
140574.0,41.0,admin.,married,secondary,yes,no,call,17.0,nov,Evening,2.0,2.0,0.0,,no,0.0,99.35454339600035,5.5862626900300345,no
146929.0,54.0,management,divorced,tertiary,yes,no,call,11.0,feb,Night ,1.0,1.0,3.0,failure,no,26306.0,85.37414731732204,6.772408556426708,no
156699.0,70.0,housemaid,divorced,primary,no,no,call,11.0,aug,Night ,1.0,1.0,0.0,,no,1311.0,94.18932819710511,4.277966606398573,yes
147986.0,57.0,services,divorced,,yes,no,call,14.0,apr,eve,4.0,4.0,1.0,failure,no,1877.0,92.06860078059843,6.0826765182769265,no
118665.0,48.0,blue-collar,married,primary,yes,no,,14.0,may,Night,1.0,1.0,0.0,,no,5154.0,102.08130098124784,6.453142014296184,no
122149.0,33.0,blue-collar,married,secondary,yes,yes,,27.0,may,Afternoon,1.0,1.0,0.0,,no,-241.0,90.00003169036788,4.464946344775255,no
146183.0,47.0,housemaid,divorced,secondary,no,No,call,5.0,feb,Night ,1.0,1.0,0.0,,no,1565.0,102.64110331426394,5.98600423675295,no
139435.0,43.0,technician,divorced,secondary,no,no,call,28.0,aug,Afternoon,2.0,2.0,0.0,,no,0.0,88.82259886807725,5.467799820945376,no
128743.0,29.0,services,married,secondary,no,yes,call,7.0,jul,morning,1.0,1.0,0.0,,no,123.0,106.06796491601337,5.374880892942965,no
132276.0,54.0,admin.,married,secondary,yes,yes,call,23.0,jul,Night,1.0,1.0,0.0,,no,0.0,85.51888112598058,5.220942629388235,no
136286.0,45.0,blue-collar,married,primary,no,no,call,11.0,aug,Morning,9.0,9.0,0.0,,no,6753.0,106.85105646994369,7.028214918992628,no
116886.0,29.0,blue-collar,married,secondary,yes,yes,,7.0,may,Evening,1.0,1.0,0.0,,no,313.0,92.83266625279566,3.965762641630315,no
144108.0,48.0,services,married,primary,no,no,call,29.0,jan,Afternoon,1.0,1.0,0.0,,no,717.0,102.22706439650698,3.2449653072362787,no
119315.0,45.0,management,single,tertiary,yes,no,,15.0,may,Afternoon,4.0,4.0,0.0,,no,0.0,86.95599298651166,5.279428638939404,no
138796.0,39.0,technician,single,secondary,no,no,call,25.0,aug,Night ,9.0,9.0,0.0,,no,0.0,91.4985787507365,4.626341749798364,no
139314.0,37.0,technician,married,secondary,no,no,call,27.0,aug,Evening,4.0,4.0,0.0,,no,430.0,93.29745441895409,1.702281728319465,no
157372.0,57.0,management,married,primary,yes,no,SMS,8.0,sep,Night,1.0,1.0,1.0,failure,no,772.0,97.30957563932652,6.466136016542406,no
118609.0,38.0,management,married,tertiary,yes,no,,13.0,may,Evening,3.0,3.0,0.0,,no,258.0,102.38267285297417,5.559620655772351,no
153071.0,27.0,student,single,secondary,yes,no,call,13.0,may,Morning,1.0,1.0,2.0,failure,no,268.0,87.80560053932209,2.333731638760228,no
159685.0,39.0,management,married,tertiary,no,no,call,26.0,may,Morning,2.0,2.0,2.0,success,no,613.0,105.63949489512919,5.047760404031888,no
140385.0,40.0,blue-collar,married,primary,yes,No,call,17.0,nov,Afternoon,1.0,1.0,0.0,,no,69.0,109.6671087737725,5.9141845477255375,no
140828.0,31.0,technician,married,tertiary,no,yes,call,18.0,nov,Night ,1.0,1.0,6.0,other,no,26.0,101.69335363561596,3.886923653931915,yes
141968.0,32.0,services,single,secondary,yes,no,SMS,19.0,nov,Night,2.0,2.0,0.0,,no,80.0,106.90675463497185,3.089010740202511,no
157989.0,20.0,student,single,primary,no,no,call,2.0,nov,Afternoon,4.0,4.0,4.0,failure,no,0.0,99.88173513622225,8.169138470949243,no
130961.0,35.0,management,married,tertiary,no,no,call,17.0,jul,Afternoon,5.0,5.0,0.0,,no,0.0,96.32826729303873,5.807335628440542,no
150478.0,31.0,services,single,secondary,yes,No,call,5.0,may,eve,2.0,2.0,0.0,,no,3677.0,94.75468233953572,2.6546535340440287,no
145808.0,47.0,management,single,tertiary,no,No,call,4.0,feb,morning,1.0,1.0,0.0,,no,-230.0,106.7492290388718,3.0730687905540677,no
128573.0,35.0,admin.,divorced,secondary,no,no,call,7.0,jul,Night,3.0,3.0,0.0,,no,534.0,89.53024784235552,5.3543812138586935,no
136218.0,32.0,technician,single,tertiary,yes,yes,call,11.0,aug,Night,1.0,1.0,0.0,,no,1100.0,108.58087123237904,6.160647636860749,no
134399.0,48.0,management,married,tertiary,yes,no,call,31.0,jul,Evening,4.0,4.0,0.0,,yes,0.0,87.28634323386872,6.036527592852773,no
145375.0,29.0,student,single,tertiary,no,no,call,3.0,feb,morning,1.0,1.0,0.0,,no,246.0,107.23031229770147,5.846983962592983,no
146649.0,59.0,unemployed,married,secondary,no,no,call,6.0,feb,Night,3.0,3.0,0.0,,no,1226.0,89.35696573388222,2.5407394679193684,no
117606.0,54.0,retired,married,secondary,yes,no,,9.0,may,Night ,2.0,2.0,0.0,,no,785.0,95.45082885126047,3.787833482135669,no
120174.0,52.0,admin.,single,primary,no,no,,19.0,may,Afternoon,11.0,11.0,0.0,,no,0.0,113.19905954182927,2.971302922907662,no
133430.0,55.0,services,married,secondary,yes,No,call,29.0,jul,Afternoon,2.0,2.0,0.0,,no,408.0,112.59357478570392,5.468888547469123,no
153109.0,39.0,admin.,married,secondary,yes,yes,call,13.0,may,Night,3.0,3.0,6.0,other,no,145.0,107.63739305496463,6.578554474515995,no
117080.0,36.0,blue-collar,married,secondary,yes,No,,8.0,may,Morning,2.0,2.0,0.0,,no,-206.0,114.90322210500177,2.0618261184895745,no
127344.0,36.0,unemployed,married,,no,no,,19.0,jun,Night ,2.0,2.0,0.0,,no,1437.0,108.21319320895267,3.6891723405388688,no
134400.0,57.0,housemaid,married,secondary,no,no,call,31.0,jul,Morning,4.0,4.0,0.0,,no,271.0,102.4211804898917,,no
133705.0,44.0,technician,divorced,secondary,no,no,call,29.0,jul,Night ,3.0,3.0,0.0,,no,2340.0,,3.733708076461146,no
132788.0,32.0,management,married,tertiary,yes,yes,call,25.0,jul,Morning,1.0,1.0,0.0,,no,3107.0,108.46561125224305,4.091308033492023,no
139038.0,36.0,management,divorced,tertiary,no,no,call,26.0,aug,morning,2.0,2.0,0.0,,no,608.0,96.19590192152847,0.4658271233955169,no
143072.0,37.0,management,married,tertiary,yes,no,call,21.0,nov,morning,1.0,1.0,5.0,failure,no,489.0,113.8632914049572,5.866451198191078,no
123595.0,41.0,blue-collar,married,secondary,yes,no,,30.0,may,Night,3.0,3.0,0.0,,no,438.0,90.66095665665968,5.360828384144225,no
135645.0,32.0,technician,single,tertiary,no,no,call,8.0,aug,Night,2.0,2.0,0.0,,no,449.0,102.33816235592677,5.76948002467881,no
149650.0,52.0,admin.,married,secondary,no,no,call,22.0,apr,morning,2.0,2.0,1.0,failure,no,0.0,84.9720174140601,4.687365043774597,no
157388.0,31.0,management,single,tertiary,yes,No,call,8.0,sep,Evening,1.0,1.0,0.0,,no,0.0,108.56293996564321,4.939727152343149,no
134911.0,53.0,blue-collar,married,primary,no,,call,5.0,aug,Night ,1.0,1.0,0.0,,no,206.0,86.4751426484121,4.48329167049538,no
149647.0,40.0,management,married,primary,yes,no,call,22.0,apr,morning,4.0,4.0,0.0,,no,395.0,85.97341340257906,4.166209065897208,yes
127958.0,40.0,blue-collar,married,primary,no,no,,20.0,jun,Afternoon,9.0,9.0,0.0,,no,4.0,103.19526940335835,5.322252982216131,no
142692.0,36.0,admin.,married,tertiary,no,yes,call,20.0,nov,Night,2.0,2.0,0.0,,no,75.0,91.37776724571324,3.710737682968752,no
122544.0,31.0,admin.,single,secondary,yes,no,,28.0,may,Morning,1.0,1.0,0.0,,no,162.0,103.18086394450528,6.0592221881848625,no
120677.0,36.0,services,married,secondary,yes,yes,,21.0,may,morning,1.0,1.0,0.0,,no,393.0,96.71770997287054,2.860324591346819,no
137554.0,43.0,technician,married,secondary,no,no,call,19.0,aug,Afternoon,2.0,2.0,0.0,,no,0.0,107.30085821830778,5.760148458542559,no
122135.0,35.0,blue-collar,single,primary,,no,,27.0,may,Afternoon,1.0,1.0,0.0,,no,21.0,102.84406517979845,4.052124743346076,no
123786.0,32.0,blue-collar,married,secondary,yes,yes,,30.0,may,Evening,5.0,5.0,0.0,,no,501.0,103.68153765143629,4.705615905728622,no
154763.0,33.0,entrepreneur,married,tertiary,yes,No,call,18.0,may,Afternoon,1.0,1.0,3.0,failure,no,964.0,101.49245870307192,5.554240968215943,no
137339.0,38.0,self-employed,married,secondary,no,no,call,18.0,aug,Afternoon,4.0,4.0,0.0,,no,173.0,105.35816881683779,3.0863264296178707,no
155449.0,30.0,technician,single,secondary,no,No,call,26.0,may,Night,1.0,1.0,0.0,,no,707.0,106.34448090482196,4.733944486128625,no
131292.0,30.0,management,married,tertiary,yes,yes,call,18.0,jul,Morning,1.0,1.0,0.0,,no,4145.0,87.47196945050283,5.01760335072364,no
145629.0,51.0,technician,divorced,,yes,no,call,,feb,Afternoon,1.0,1.0,1.0,failure,no,1328.0,94.15786905264379,5.766523823240538,no
131902.0,40.0,entrepreneur,married,secondary,yes,no,call,22.0,jul,Night,1.0,1.0,0.0,,no,0.0,97.69673453037694,4.9434229980684075,no
124608.0,48.0,blue-collar,single,primary,yes,no,,4.0,jun,Afternoon,1.0,1.0,0.0,,no,1938.0,116.8450416424088,4.105567961770467,no
142694.0,46.0,entrepreneur,divorced,secondary,yes,no,call,20.0,nov,eve,2.0,2.0,0.0,,no,2514.0,101.78084304154652,4.096516729682527,no
140067.0,46.0,,married,,no,no,,13.0,nov,Evening,1.0,1.0,0.0,,no,677.0,90.8151733459912,4.005660954427596,no
144096.0,54.0,admin.,married,secondary,yes,no,call,29.0,jan,morning,1.0,1.0,0.0,,no,0.0,118.97785279260845,4.200827615613666,no
144008.0,37.0,management,single,tertiary,no,no,call,28.0,jan,Night,1.0,1.0,0.0,,no,695.0,96.49637815182088,5.436882231886144,no
147295.0,38.0,admin.,married,secondary,no,no,call,26.0,mar,Night ,2.0,2.0,0.0,,no,6706.0,100.93366300679588,3.315710411517097,no
145303.0,54.0,technician,divorced,secondary,yes,yes,call,3.0,feb,Night,2.0,2.0,5.0,failure,no,0.0,99.96892252479417,6.292981381782411,no
119417.0,43.0,blue-collar,single,secondary,yes,no,,15.0,may,morning,3.0,3.0,0.0,,no,421.0,97.12882548616061,3.2377572728076323,no
130479.0,51.0,self-employed,married,tertiary,no,no,call,15.0,jul,morning,3.0,3.0,0.0,,no,146.0,110.88216293304129,6.194572474138015,no
135469.0,47.0,management,married,tertiary,yes,no,call,7.0,aug,Night ,2.0,2.0,0.0,,no,5999.0,100.07273474888561,5.5852016436635115,no
149031.0,32.0,admin.,single,secondary,yes,no,call,20.0,apr,Night,1.0,1.0,2.0,other,no,-45.0,102.16099837562949,3.8247966099877786,no
121878.0,35.0,technician,divorced,secondary,yes,yes,,26.0,may,Morning,3.0,3.0,0.0,,no,303.0,98.06907157797265,5.258399802538306,no
139478.0,44.0,management,married,tertiary,yes,no,call,28.0,aug,Night ,4.0,4.0,0.0,,no,217.0,119.31838993365096,2.9551556112238044,no
158372.0,45.0,management,married,tertiary,no,no,call,10.0,dec,Afternoon,1.0,1.0,4.0,failure,no,1788.0,105.83867744383242,6.937145307646342,no
158274.0,51.0,technician,married,tertiary,no,no,call,30.0,nov,Night,3.0,3.0,0.0,,no,2506.0,97.89822726363126,4.340396505296095,no
160039.0,30.0,student,single,secondary,no,No,call,13.0,jul,Morning,2.0,2.0,22.0,success,no,459.0,103.53125182596168,7.355980243373359,no
129811.0,31.0,housemaid,married,secondary,yes,no,call,10.0,jul,Night,1.0,1.0,0.0,,no,0.0,109.79883205386952,4.608438051094347,no
141515.0,34.0,blue-collar,married,primary,yes,no,call,19.0,nov,Night ,2.0,2.0,1.0,failure,no,2490.0,88.28090284628975,5.162607830202061,no
126357.0,29.0,management,single,tertiary,yes,yes,,16.0,jun,eve,4.0,4.0,0.0,,no,573.0,98.22627533652,7.623575894988454,no
126652.0,34.0,management,married,primary,yes,no,,17.0,jun,Night,8.0,8.0,0.0,,no,2026.0,98.25936513169127,3.280978036346224,no
153774.0,33.0,entrepreneur,married,tertiary,yes,no,call,14.0,may,Morning,3.0,3.0,0.0,,no,1145.0,98.72166248617317,4.847005561262398,no
139857.0,30.0,technician,married,tertiary,no,no,call,29.0,aug,Evening,21.0,21.0,0.0,,no,1.0,95.62673974757055,6.909384237074969,no
136789.0,35.0,management,married,tertiary,no,no,call,13.0,aug,Night ,1.0,1.0,0.0,,no,1036.0,77.20610592692502,2.7662331024924605,no
159666.0,25.0,self-employed,single,,no,no,call,24.0,may,eve,2.0,2.0,5.0,failure,no,1179.0,97.82999434031728,5.830556611495136,no
152684.0,57.0,admin.,single,secondary,yes,no,call,12.0,may,Morning,1.0,1.0,0.0,,no,3551.0,104.75440787935734,5.25438601199758,yes
157817.0,33.0,self-employed,single,tertiary,yes,no,call,21.0,oct,Evening,1.0,1.0,1.0,success,no,658.0,112.63467031250553,4.740780510265029,yes
150846.0,25.0,services,single,secondary,yes,no,call,6.0,may,Night ,2.0,2.0,0.0,,no,-121.0,90.36048820787546,2.961790149460815,no
146152.0,27.0,admin.,married,secondary,yes,no,call,5.0,feb,Night,1.0,1.0,0.0,,no,73.0,105.4698809296804,5.6148226771842324,no
144162.0,48.0,management,married,primary,no,no,call,29.0,jan,Evening,2.0,2.0,0.0,,no,1513.0,97.29898685296453,2.692394435661055,no
153250.0,38.0,services,married,secondary,yes,No,call,,may,Night,1.0,1.0,5.0,failure,no,780.0,89.28311110005497,5.051199488212329,no
144352.0,28.0,admin.,single,secondary,no,no,call,29.0,jan,Night ,1.0,1.0,0.0,,no,1823.0,104.64704578642063,4.494954161534395,no
119647.0,43.0,admin.,single,secondary,no,No,,16.0,may,Morning,1.0,1.0,0.0,,no,6.0,84.7771422018163,4.547218354490438,no
125144.0,39.0,technician,single,secondary,no,No,,5.0,jun,Night,2.0,2.0,0.0,,no,1820.0,85.93323805528377,2.3444997447169103,no
136162.0,32.0,technician,single,tertiary,no,no,call,11.0,aug,Morning,2.0,2.0,0.0,,no,300.0,104.00929603808584,5.490544601982045,no
123093.0,42.0,blue-collar,married,secondary,yes,No,,29.0,may,Morning,2.0,2.0,0.0,,no,790.0,109.55989286458872,5.032701562147588,no
137025.0,32.0,technician,single,tertiary,no,no,call,14.0,aug,morning,8.0,8.0,0.0,,no,6284.0,90.33460278822626,4.495931288738729,no
147515.0,35.0,blue-collar,married,secondary,yes,yes,call,6.0,apr,Night ,2.0,2.0,1.0,failure,no,270.0,91.11044092393928,3.650775295358393,no
139706.0,,,single,secondary,yes,no,call,29.0,aug,Morning,2.0,2.0,0.0,,no,,129.75771363377373,,no
151436.0,32.0,admin.,married,secondary,yes,yes,call,7.0,may,Morning,2.0,2.0,0.0,,no,203.0,93.75029163465067,5.388618228760938,no
149896.0,32.0,technician,single,tertiary,no,yes,call,30.0,apr,eve,2.0,2.0,2.0,failure,no,696.0,111.22968696083962,6.707630914539426,no
126432.0,48.0,management,married,tertiary,no,no,,16.0,jun,Night,1.0,1.0,0.0,,no,342.0,102.14326909490534,6.694702932719784,no
147160.0,48.0,unemployed,married,primary,no,no,call,5.0,mar,morning,1.0,1.0,0.0,,no,1296.0,93.22631637959245,4.899349861184156,no
126090.0,36.0,management,married,tertiary,no,no,,11.0,jun,Morning,7.0,7.0,0.0,,no,336.0,87.91993581179119,4.36672610563434,no
135255.0,48.0,technician,married,secondary,yes,yes,call,6.0,aug,morning,2.0,2.0,0.0,,no,1939.0,99.34663653893568,5.217369297593942,no
147182.0,37.0,unemployed,single,tertiary,yes,no,call,10.0,mar,Afternoon,2.0,2.0,3.0,failure,no,1316.0,90.66629119049408,2.607101429941603,yes
145219.0,48.0,blue-collar,single,primary,yes,no,call,2.0,feb,Afternoon,2.0,2.0,0.0,,no,623.0,94.01068240200236,5.008964656017023,yes
121489.0,31.0,blue-collar,single,tertiary,yes,no,,23.0,may,Night,3.0,3.0,0.0,,no,2197.0,110.20081809650611,4.599301983702647,no
159381.0,35.0,management,divorced,tertiary,no,no,call,16.0,apr,Afternoon,1.0,1.0,0.0,,no,649.0,81.55969196366317,3.6441501053410055,no
154790.0,43.0,entrepreneur,married,secondary,yes,yes,call,18.0,may,Morning,1.0,1.0,6.0,failure,no,-480.0,92.62914184061192,4.385791724098127,no
130874.0,32.0,admin.,married,secondary,yes,no,call,16.0,jul,Night,4.0,4.0,0.0,,no,0.0,90.64572177696398,6.20479479909781,no
131616.0,26.0,admin.,single,tertiary,yes,No,call,21.0,jul,Morning,1.0,1.0,0.0,,no,1100.0,95.3969795091222,7.239805746168223,no
152372.0,31.0,unemployed,single,secondary,yes,no,call,12.0,may,Afternoon,2.0,2.0,3.0,other,no,-15.0,106.10904817709606,4.365480115265173,no
146813.0,56.0,management,divorced,tertiary,no,no,call,9.0,feb,morning,2.0,2.0,3.0,other,no,505.0,116.17375069492455,6.775810348561155,no
119354.0,43.0,management,married,tertiary,yes,no,,15.0,may,Night ,3.0,3.0,0.0,,no,8016.0,94.90689134643917,3.9283589133234815,no
149282.0,32.0,management,single,tertiary,yes,no,call,20.0,apr,Morning,1.0,1.0,0.0,,no,914.0,92.2554493294626,6.6453822800505815,no
138621.0,58.0,blue-collar,married,primary,no,no,SMS,25.0,aug,Morning,5.0,5.0,0.0,,no,0.0,98.8260461158202,1.7331109068843649,no
138647.0,54.0,blue-collar,married,secondary,yes,no,call,25.0,aug,Night,4.0,4.0,0.0,,no,497.0,97.77079514468083,6.179582305771187,no
160477.0,61.0,blue-collar,married,secondary,yes,no,SMS,19.0,aug,eve,6.0,6.0,2.0,failure,no,681.0,94.95108090245297,3.7775415371665915,no
135169.0,47.0,technician,married,secondary,no,no,call,6.0,aug,Afternoon,2.0,2.0,0.0,,,2480.0,102.7922047724958,5.803388522190438,yes
118816.0,57.0,admin.,divorced,primary,yes,yes,,14.0,may,morning,1.0,1.0,0.0,,no,628.0,103.1897165176599,4.491087817285512,no
149766.0,29.0,management,married,tertiary,yes,no,call,30.0,apr,Night ,1.0,1.0,2.0,success,no,1441.0,105.56922043145455,2.822251239913245,no
116694.0,36.0,services,married,secondary,yes,no,,7.0,may,Night ,3.0,3.0,0.0,,no,184.0,103.93068036545542,3.7361889702005633,no
120227.0,49.0,blue-collar,married,secondary,yes,No,,19.0,may,eve,5.0,5.0,0.0,,no,1854.0,95.73526755070814,5.7337432781145115,no
143360.0,53.0,management,married,secondary,no,no,call,21.0,nov,Afternoon,1.0,1.0,0.0,,no,2693.0,113.93022392179438,6.135888436116107,no
134576.0,34.0,management,single,tertiary,no,no,call,31.0,jul,Night ,6.0,6.0,0.0,,no,1.0,109.84683837048668,4.952635906007402,no
116511.0,40.0,technician,single,,yes,no,,6.0,may,Evening,2.0,2.0,0.0,,no,-5.0,109.72725956084788,5.835879963980439,no
124513.0,41.0,management,married,tertiary,yes,no,,3.0,jun,Night ,21.0,21.0,0.0,,no,437.0,88.24382719960519,4.738182867612931,no
139015.0,45.0,blue-collar,married,primary,no,,call,26.0,aug,Night ,2.0,2.0,0.0,,no,0.0,101.13442645911243,6.421606816229071,no
145919.0,52.0,technician,married,secondary,yes,No,call,4.0,feb,Night ,6.0,6.0,5.0,failure,no,463.0,102.4148374526183,5.80185636126054,no
142571.0,37.0,services,married,secondary,yes,no,call,20.0,nov,morning,2.0,2.0,0.0,,no,4760.0,101.80328247167104,7.251020582099079,no
143410.0,38.0,management,married,tertiary,no,no,call,21.0,nov,Night ,4.0,4.0,0.0,,no,3436.0,109.6978731387824,6.064681096828485,yes
138610.0,37.0,technician,married,secondary,no,no,call,25.0,aug,Night,6.0,6.0,0.0,,no,5380.0,96.12472638037585,5.662219773587049,no
141673.0,48.0,blue-collar,married,secondary,yes,yes,call,19.0,nov,Morning,1.0,1.0,4.0,failure,no,-202.0,87.40772013079005,5.778596078911091,no
146027.0,52.0,admin.,married,secondary,no,no,call,4.0,feb,eve,2.0,2.0,0.0,,,941.0,90.90888043401327,5.808790297283885,no
155978.0,31.0,unemployed,married,secondary,no,no,call,4.0,jun,Afternoon,4.0,4.0,0.0,,no,6.0,100.52433848306028,5.7067891727489615,yes
136458.0,31.0,technician,married,tertiary,,No,call,12.0,aug,morning,3.0,3.0,0.0,,no,4089.0,100.58192570467318,6.6535764107069415,no
146032.0,38.0,technician,married,tertiary,no,no,call,4.0,feb,morning,4.0,4.0,0.0,,no,4383.0,102.89596405087596,5.055577732770925,yes
159326.0,36.0,management,single,tertiary,no,no,,12.0,apr,Afternoon,1.0,1.0,0.0,,no,579.0,105.99394128785616,4.478575439121184,yes
122213.0,33.0,entrepreneur,married,secondary,yes,yes,,27.0,may,eve,3.0,3.0,0.0,,no,-118.0,101.23844953051238,5.627287991510549,no
123515.0,45.0,blue-collar,married,secondary,yes,no,,30.0,may,Night ,1.0,1.0,0.0,,no,130.0,,6.837927072218422,no
145888.0,39.0,services,divorced,secondary,yes,no,call,4.0,feb,Afternoon,1.0,1.0,0.0,,no,229.0,93.19933598160914,4.072193217825556,no
130894.0,37.0,services,single,secondary,yes,no,call,17.0,jul,morning,2.0,2.0,0.0,,no,43.0,107.99182301057674,7.943063623272743,no
126179.0,38.0,technician,married,tertiary,no,no,,12.0,jun,eve,2.0,2.0,0.0,,no,0.0,90.44055197244164,6.993136243948519,no
152364.0,26.0,student,single,tertiary,yes,no,call,11.0,may,morning,2.0,2.0,1.0,other,no,249.0,105.22301463965965,4.732192161233145,no
151932.0,45.0,blue-collar,married,primary,yes,no,SMS,11.0,may,Evening,1.0,1.0,7.0,failure,no,0.0,97.79829267124005,3.9002761212809727,no
158944.0,77.0,retired,married,primary,no,no,email,15.0,feb,Night,5.0,5.0,15.0,success,no,2590.0,90.77384721943679,5.22235938246842,no
158983.0,64.0,retired,married,secondary,no,no,call,22.0,feb,Night,1.0,1.0,1.0,failure,no,243.0,111.00800862770197,3.49447014468465,no
157672.0,48.0,technician,single,secondary,no,no,call,13.0,oct,Evening,1.0,1.0,1.0,other,no,1245.0,100.3992780832118,4.612780001852369,no
139169.0,43.0,technician,divorced,secondary,no,no,call,27.0,aug,morning,4.0,4.0,0.0,,no,-414.0,93.44247562104192,4.730694358352643,no
119801.0,44.0,self-employed,married,secondary,yes,no,,16.0,may,Night,1.0,1.0,0.0,,no,1310.0,98.18919215669757,5.459146267133323,no
133262.0,51.0,management,divorced,tertiary,yes,No,call,28.0,jul,Night ,4.0,4.0,0.0,,no,0.0,100.26529349432674,7.2378255595295,no
144921.0,43.0,entrepreneur,married,primary,yes,no,call,2.0,feb,Afternoon,3.0,3.0,4.0,other,no,629.0,98.98177177907779,3.6239968012785284,no
121768.0,52.0,blue-collar,married,primary,yes,no,,26.0,may,Morning,2.0,2.0,0.0,,no,241.0,108.86274687873967,5.105151691150356,no
139887.0,36.0,technician,single,secondary,no,no,call,29.0,aug,Evening,2.0,2.0,0.0,,no,35.0,89.44223432901192,4.293392723075754,no
158466.0,89.0,retired,divorced,primary,no,no,SMS,29.0,dec,morning,4.0,4.0,1.0,other,no,1323.0,108.17797502970394,5.204781635293221,no
141829.0,56.0,services,married,primary,yes,no,call,19.0,nov,morning,1.0,1.0,1.0,failure,no,444.0,100.50564576697077,4.014546646466886,no
137428.0,49.0,management,married,secondary,no,no,call,19.0,aug,Afternoon,2.0,2.0,0.0,,no,0.0,103.16546413413722,5.587948343444075,no
126287.0,,student,single,,no,No,,12.0,jun,Night,1.0,1.0,0.0,,no,172.0,114.39856993352336,4.0685325930278315,no
132061.0,26.0,management,single,tertiary,yes,no,call,22.0,jul,Night,1.0,1.0,0.0,,no,97.0,108.61382706937792,7.4201300503100756,no
133594.0,27.0,admin.,single,secondary,no,yes,call,29.0,jul,Afternoon,21.0,21.0,0.0,,no,-242.0,108.77953320321629,6.598544106635847,no
128029.0,45.0,services,married,secondary,yes,no,,20.0,jun,morning,9.0,9.0,0.0,,no,4.0,82.82222517922278,5.414171282665319,no
118800.0,42.0,self-employed,married,primary,yes,no,,14.0,may,Afternoon,1.0,1.0,0.0,,no,3641.0,108.668530063085,7.2657371124314745,no
122098.0,28.0,management,single,tertiary,yes,no,,27.0,may,Afternoon,1.0,1.0,0.0,,no,0.0,88.06735314597125,4.4923707188738575,no
138534.0,38.0,technician,married,secondary,no,no,call,,aug,Afternoon,1.0,1.0,0.0,,no,299.0,98.21704206919547,7.971632791919831,no
160125.0,44.0,management,single,tertiary,no,no,call,19.0,jul,Night ,4.0,4.0,2.0,other,no,1090.0,98.71301444325235,4.696810180245566,yes
121783.0,45.0,blue-collar,divorced,secondary,yes,,,26.0,may,Night ,3.0,3.0,0.0,,no,77.0,78.83501924878003,8.131928941595719,no
116435.0,34.0,admin.,single,secondary,yes,no,,6.0,may,morning,1.0,1.0,0.0,,no,0.0,106.64156166146134,3.4247685148679583,no
137322.0,35.0,technician,married,secondary,no,No,call,18.0,aug,Night,11.0,11.0,0.0,,no,548.0,100.90678596966397,2.0017921894156077,no
157215.0,34.0,technician,single,secondary,no,no,call,28.0,aug,Afternoon,1.0,1.0,2.0,failure,no,2583.0,96.38140978364385,4.401143713860855,no
127740.0,60.0,entrepreneur,married,secondary,no,No,,20.0,jun,Morning,6.0,6.0,0.0,,no,1393.0,105.3788915987275,7.369268525437609,no
135855.0,35.0,technician,married,secondary,no,no,call,8.0,aug,Night ,4.0,4.0,0.0,,no,46.0,105.26513911394639,5.451942898846135,no
156903.0,45.0,technician,married,secondary,no,no,email,13.0,aug,Night,1.0,1.0,0.0,,no,0.0,118.62480137705859,8.658271710105966,no
137168.0,54.0,admin.,married,secondary,yes,no,SMS,18.0,aug,Evening,4.0,4.0,0.0,,no,3398.0,105.21807128227488,5.736821876540795,no
139593.0,38.0,management,single,tertiary,no,no,call,28.0,aug,Night ,12.0,12.0,0.0,,no,,95.605313046681,3.875005280976861,no
120058.0,31.0,blue-collar,married,secondary,yes,no,,19.0,may,eve,1.0,1.0,0.0,,no,41.0,100.45670955842651,7.07528203795642,no
135441.0,47.0,admin.,married,secondary,no,no,call,7.0,aug,Morning,2.0,2.0,0.0,,no,1265.0,96.10807448716788,7.441590316194321,no
136204.0,31.0,management,married,tertiary,no,no,call,11.0,aug,morning,1.0,1.0,0.0,,no,4945.0,103.78268845826072,6.739149094536838,no
151783.0,56.0,blue-collar,married,secondary,yes,no,call,8.0,may,Morning,5.0,5.0,0.0,,no,68.0,111.41277951178915,5.067711062351663,no
134527.0,27.0,management,single,tertiary,yes,No,call,31.0,jul,Evening,18.0,18.0,0.0,,no,148.0,,7.378786312526074,no
142265.0,30.0,technician,single,secondary,no,no,SMS,20.0,nov,Evening,1.0,1.0,0.0,,no,2153.0,109.40898723685123,4.479088069214469,no
159778.0,49.0,management,divorced,tertiary,no,no,,8.0,jun,Night,1.0,1.0,0.0,,no,1405.0,92.07073623940074,4.705988341803478,no
146889.0,41.0,unemployed,married,primary,no,no,call,9.0,feb,Evening,3.0,3.0,0.0,,no,819.0,106.54540329397895,4.690456585092569,no
143006.0,49.0,technician,married,secondary,no,No,call,21.0,nov,eve,1.0,1.0,0.0,,no,8689.0,87.13671292051684,3.4131346128358,no
132334.0,46.0,technician,married,secondary,yes,yes,call,23.0,jul,Night ,3.0,3.0,0.0,,no,416.0,94.34355296745575,6.089350489319428,no
128911.0,49.0,blue-collar,married,primary,no,no,call,7.0,jul,Morning,4.0,4.0,0.0,,no,4140.0,109.84676155507395,3.326842647832683,no
126381.0,40.0,services,married,secondary,no,no,,16.0,jun,Night ,3.0,3.0,0.0,,no,2346.0,88.72523883873407,6.4022359160679745,no
124259.0,28.0,services,married,secondary,yes,yes,,3.0,jun,Night,1.0,1.0,0.0,,no,468.0,98.72448359847611,4.718137590072008,no
153593.0,50.0,blue-collar,married,secondary,yes,no,call,14.0,may,Afternoon,2.0,2.0,5.0,failure,no,-581.0,90.46930740913888,6.817884670020497,no
125099.0,53.0,management,married,tertiary,no,no,,5.0,jun,Night ,1.0,1.0,0.0,,no,652.0,126.25181451748219,2.9824261141455866,no
125063.0,58.0,blue-collar,married,secondary,no,no,,5.0,jun,morning,2.0,2.0,0.0,,no,0.0,89.32240885589039,4.76159608788139,no
141665.0,43.0,unemployed,divorced,secondary,yes,,call,19.0,nov,eve,1.0,1.0,0.0,,no,1577.0,86.57737126095194,6.538077687220666,no
133802.0,36.0,technician,married,secondary,no,no,call,30.0,jul,Morning,2.0,2.0,0.0,,no,318.0,109.30785954218067,1.0131730064072078,no
138937.0,51.0,technician,divorced,secondary,no,no,call,26.0,aug,Afternoon,2.0,2.0,0.0,,no,-471.0,112.48273969428566,5.114475824287985,no
118624.0,46.0,blue-collar,single,secondary,yes,no,,14.0,may,eve,4.0,4.0,0.0,,no,57.0,112.07540490408354,2.581019067391746,no
156896.0,48.0,self-employed,married,secondary,no,no,call,13.0,aug,eve,1.0,1.0,2.0,failure,no,1559.0,98.7607127681701,5.156141704162421,no
140330.0,43.0,admin.,married,tertiary,yes,no,call,,nov,Morning,1.0,1.0,0.0,,no,279.0,106.08705287411568,4.927852041282239,no
159684.0,31.0,technician,single,secondary,no,no,call,26.0,may,Night ,3.0,3.0,2.0,failure,,846.0,,4.994352326563314,yes
157777.0,76.0,housemaid,divorced,primary,no,no,email,19.0,oct,Morning,2.0,2.0,3.0,success,no,1411.0,98.53766582874673,4.387611250156475,yes
151388.0,54.0,blue-collar,divorced,secondary,yes,no,call,7.0,may,eve,3.0,3.0,0.0,,no,1145.0,79.8991843559609,5.0936661015046765,no
143372.0,31.0,management,single,tertiary,no,no,call,21.0,nov,Afternoon,1.0,1.0,0.0,,no,3283.0,77.83302333353252,4.902412186515147,no
125452.0,48.0,management,married,primary,yes,no,,6.0,jun,Night ,24.0,24.0,0.0,,no,2803.0,93.72126749254012,3.555353401925365,no
120018.0,43.0,blue-collar,married,primary,yes,No,,19.0,may,Evening,1.0,1.0,0.0,,no,953.0,108.32023375205671,4.786326598561466,no
136144.0,40.0,housemaid,married,secondary,no,no,call,11.0,aug,eve,4.0,4.0,0.0,,no,116.0,111.12390471611563,2.7676273911391784,no
134243.0,27.0,technician,single,secondary,no,yes,call,31.0,jul,Evening,13.0,13.0,0.0,,no,3267.0,94.73542822158421,6.681424352879411,no
125826.0,60.0,blue-collar,married,primary,no,yes,,9.0,jun,Night,1.0,1.0,0.0,,no,4903.0,102.83270404527309,4.052808767669462,no
158253.0,38.0,management,married,,no,no,call,25.0,nov,eve,2.0,2.0,1.0,success,no,3576.0,105.06575376415,6.701594578880977,yes
142039.0,52.0,management,single,tertiary,yes,yes,call,20.0,nov,Afternoon,2.0,2.0,0.0,,no,638.0,93.92899734699576,4.13396637097421,no
147710.0,61.0,housemaid,married,tertiary,no,no,call,8.0,apr,Night,1.0,1.0,0.0,,no,1389.0,91.69070823930558,6.8950261985414425,no
133719.0,39.0,admin.,married,tertiary,no,no,call,29.0,jul,morning,2.0,2.0,0.0,,no,9143.0,101.9990166999386,6.840872080114074,no
151722.0,41.0,services,married,secondary,yes,no,call,8.0,may,morning,2.0,2.0,3.0,other,no,1717.0,104.77124083282426,3.106682303338346,no
121753.0,39.0,blue-collar,single,secondary,yes,no,,26.0,may,Afternoon,3.0,3.0,0.0,,no,116.0,115.31491322889951,2.919614582137824,no
154124.0,35.0,unemployed,married,tertiary,yes,no,call,15.0,may,Night ,1.0,1.0,0.0,,no,1849.0,100.12051033478792,6.233790699107413,no
117656.0,37.0,technician,divorced,secondary,yes,no,,9.0,may,Afternoon,1.0,1.0,0.0,,no,1981.0,105.18208720944797,6.260367437667019,no
122148.0,27.0,self-employed,single,tertiary,yes,no,,27.0,may,eve,2.0,2.0,0.0,,no,270.0,89.10284512325813,8.065418811240288,no
128921.0,34.0,entrepreneur,married,tertiary,yes,yes,call,8.0,jul,Night ,1.0,1.0,0.0,,no,412.0,116.37929825517129,3.8392530548045496,no
154607.0,34.0,services,married,secondary,yes,no,call,15.0,may,Afternoon,3.0,3.0,0.0,,no,190.0,112.02478114735217,5.556606358021341,no
147608.0,38.0,services,single,secondary,yes,No,call,7.0,apr,morning,2.0,2.0,0.0,,no,167.0,120.73591970762251,4.803155116077538,no
151336.0,29.0,technician,single,tertiary,yes,No,call,7.0,,Night,2.0,2.0,6.0,failure,no,0.0,105.96225909115729,5.218636850517222,yes
143304.0,40.0,services,single,secondary,yes,yes,call,,nov,Night,6.0,6.0,0.0,,no,5129.0,100.95977949766852,5.69612235414323,no
130349.0,,retired,married,primary,no,no,email,14.0,jul,morning,4.0,4.0,0.0,,no,1987.0,119.77515859284672,2.9658708130100377,no
131647.0,56.0,services,married,primary,no,yes,email,21.0,jul,Night,1.0,1.0,0.0,,no,486.0,96.22062378327578,4.730627735095088,yes
143990.0,51.0,admin.,single,tertiary,no,no,SMS,28.0,jan,eve,2.0,2.0,0.0,,no,394.0,101.23599470122564,5.238914538346001,yes
132620.0,45.0,admin.,divorced,secondary,yes,no,call,24.0,jul,Evening,8.0,8.0,0.0,,no,59.0,106.38028624273217,4.35659375852996,yes
147568.0,38.0,unemployed,married,tertiary,no,no,call,7.0,apr,Morning,3.0,3.0,0.0,,no,2012.0,110.40325884813933,3.2792258743923437,no
155412.0,29.0,technician,single,secondary,no,no,call,25.0,may,Night ,1.0,1.0,0.0,,no,6.0,94.7140225640299,5.394516516106654,yes
118241.0,31.0,blue-collar,married,secondary,yes,no,,13.0,may,morning,2.0,2.0,0.0,,no,2577.0,104.95036638960931,5.445806029549457,no
156738.0,36.0,management,married,tertiary,no,no,call,11.0,aug,Night,1.0,1.0,0.0,,no,539.0,100.84977856831601,7.109903078890801,no
119788.0,33.0,blue-collar,married,secondary,no,no,,16.0,may,Night,3.0,3.0,0.0,,no,64.0,127.08321141636237,3.753273481176416,no
128953.0,42.0,blue-collar,single,primary,yes,yes,call,8.0,jul,Afternoon,1.0,1.0,0.0,,no,1322.0,104.45886500664164,6.768527918672097,no
132646.0,30.0,admin.,divorced,secondary,yes,no,call,24.0,jul,Morning,1.0,1.0,0.0,,no,78.0,102.12110557307777,6.3705786984884485,no
124921.0,44.0,technician,married,secondary,yes,yes,,5.0,jun,Evening,1.0,1.0,0.0,,no,296.0,109.06273418069016,5.972602074691686,no
126000.0,60.0,blue-collar,married,,no,no,,11.0,jun,morning,1.0,1.0,0.0,,no,3538.0,130.200158467255,4.854597593348458,no
143373.0,31.0,management,single,tertiary,no,no,call,21.0,nov,Night,2.0,2.0,0.0,,no,307.0,111.2523903748561,2.917418430874313,no
158798.0,76.0,retired,married,secondary,,no,SMS,5.0,feb,eve,1.0,1.0,2.0,failure,no,2302.0,101.43128596621459,5.17834369250473,no
150007.0,57.0,admin.,married,primary,no,No,call,30.0,apr,eve,2.0,2.0,0.0,,no,1119.0,100.80504568429927,7.119580436848318,no
159327.0,36.0,technician,single,secondary,no,no,call,12.0,apr,Evening,2.0,2.0,0.0,,no,12264.0,106.45725890497906,7.0122785669104495,yes
158487.0,45.0,unemployed,married,secondary,yes,No,,7.0,jan,Afternoon,1.0,1.0,0.0,,no,891.0,84.13386251573627,1.8404532919522545,yes
154801.0,58.0,blue-collar,married,secondary,yes,no,call,18.0,may,Evening,1.0,1.0,0.0,,no,1075.0,95.15475140201985,6.545181052216808,no
118337.0,49.0,self-employed,married,tertiary,yes,no,,13.0,may,Night ,1.0,1.0,0.0,,no,2199.0,99.77665669567551,4.2393394029088665,no
154461.0,38.0,self-employed,single,tertiary,yes,no,call,15.0,may,Evening,4.0,4.0,5.0,other,no,5774.0,89.37704988453957,3.774092527416293,yes
135767.0,58.0,retired,married,primary,yes,yes,call,8.0,aug,Morning,2.0,2.0,0.0,,no,-257.0,90.22109555798437,3.53359370096243,no
134274.0,51.0,unemployed,divorced,tertiary,no,no,call,31.0,jul,eve,2.0,2.0,0.0,,no,0.0,97.18968508709334,3.34608018360046,yes
148956.0,38.0,management,single,tertiary,yes,no,call,17.0,apr,Afternoon,2.0,2.0,0.0,,no,667.0,98.40716372295303,4.093571842602497,no
146307.0,49.0,blue-collar,married,primary,no,yes,call,5.0,feb,Afternoon,1.0,1.0,1.0,other,no,1.0,103.49788974371768,3.1173628210355666,no
154466.0,26.0,admin.,single,secondary,yes,no,call,15.0,may,Afternoon,5.0,5.0,0.0,,no,140.0,117.11136579528997,3.668646823955637,no
159538.0,34.0,blue-collar,married,secondary,yes,no,call,6.0,may,eve,1.0,1.0,8.0,failure,no,1221.0,97.56000271568452,2.174419614989609,no
150925.0,60.0,management,married,tertiary,yes,no,call,6.0,may,eve,3.0,3.0,0.0,,no,5990.0,108.80850112582124,3.903167099785388,yes
133383.0,45.0,entrepreneur,married,primary,yes,no,email,28.0,jul,eve,11.0,11.0,0.0,,no,488.0,85.06307277901499,5.1942780998741025,no
120860.0,34.0,admin.,married,secondary,yes,no,,21.0,may,Night ,2.0,2.0,0.0,,no,1191.0,99.35956472445379,6.245584645001351,no
150103.0,47.0,technician,married,secondary,no,no,call,4.0,may,morning,1.0,1.0,1.0,success,no,335.0,106.77758367190083,1.2880749354568364,yes
150753.0,32.0,management,married,tertiary,yes,no,call,6.0,may,Night ,2.0,2.0,0.0,,no,2218.0,95.63839326012688,6.272943999468356,no
159918.0,23.0,services,single,secondary,no,No,call,29.0,jun,Afternoon,1.0,1.0,3.0,success,no,488.0,106.06479451104214,2.5335398268480755,yes
141135.0,36.0,technician,divorced,tertiary,yes,no,call,18.0,nov,Afternoon,2.0,2.0,0.0,,no,1174.0,93.1329697914278,4.42554111318552,no
147618.0,33.0,blue-collar,married,secondary,yes,no,call,7.0,apr,eve,1.0,1.0,0.0,,no,1130.0,95.16568277919997,,no
159217.0,35.0,admin.,married,secondary,no,no,call,18.0,mar,Night ,1.0,1.0,0.0,,no,304.0,87.93315421636662,6.157583209736114,yes
149855.0,59.0,retired,married,secondary,no,no,call,,apr,Evening,1.0,1.0,0.0,,no,493.0,86.0155063850298,3.6581333385621653,yes
159407.0,29.0,blue-collar,single,tertiary,no,no,SMS,21.0,apr,Morning,1.0,1.0,0.0,,no,455.0,78.10614101927106,5.284774964475993,yes
132423.0,53.0,technician,married,secondary,yes,no,call,23.0,jul,Night,4.0,4.0,0.0,,no,944.0,89.6971021714586,4.749981142468843,no
126407.0,52.0,unemployed,married,secondary,no,no,,16.0,jun,Afternoon,7.0,7.0,0.0,,no,0.0,104.36025663611845,6.412503354059933,no
130344.0,47.0,blue-collar,married,secondary,yes,no,call,14.0,jul,Afternoon,3.0,3.0,0.0,,no,1875.0,89.04388440703305,7.971058749286325,no
133524.0,36.0,management,married,tertiary,no,yes,call,29.0,jul,Night,6.0,6.0,0.0,,no,4.0,114.1463267041376,5.956136915840812,no
138864.0,44.0,management,married,tertiary,no,no,call,26.0,aug,Evening,5.0,5.0,0.0,,yes,-11.0,83.80957463200185,2.642298630962519,no
124466.0,,technician,married,secondary,yes,no,,3.0,jun,Evening,18.0,18.0,0.0,,no,8938.0,100.1344271017973,5.622119295169866,no
138138.0,30.0,management,married,tertiary,no,no,call,21.0,aug,eve,1.0,1.0,0.0,,no,151.0,105.38028684999382,2.4958614936999854,no
144816.0,62.0,technician,married,secondary,no,no,call,2.0,feb,morning,1.0,1.0,0.0,,no,973.0,103.68831812884437,4.580211540140214,yes
127048.0,45.0,housemaid,married,tertiary,no,no,,18.0,jun,morning,1.0,1.0,0.0,,no,143.0,107.5447817592547,4.3564512037948635,no
158826.0,34.0,technician,married,secondary,yes,yes,call,8.0,feb,Afternoon,3.0,3.0,1.0,failure,no,3000.0,95.2207911521625,3.272706860706568,no
151521.0,43.0,management,married,tertiary,yes,no,SMS,8.0,may,Evening,3.0,3.0,3.0,failure,no,9.0,88.78526145025343,4.662373528542959,no
125828.0,56.0,services,married,secondary,yes,no,,9.0,jun,morning,6.0,6.0,0.0,,no,4309.0,82.20251833947697,5.233427824770368,no
121076.0,32.0,management,married,tertiary,no,No,,21.0,may,Night,3.0,3.0,0.0,,no,3696.0,108.06978722702627,3.1565588470831614,no
147069.0,25.0,admin.,single,tertiary,yes,no,call,27.0,feb,Night,2.0,2.0,0.0,,no,760.0,96.68085008340171,4.860112867621211,no
152227.0,36.0,blue-collar,divorced,secondary,yes,yes,call,11.0,may,Evening,1.0,1.0,17.0,other,no,-523.0,91.927726757917,6.516151219525819,no
153726.0,34.0,admin.,married,secondary,yes,yes,call,14.0,may,eve,1.0,1.0,6.0,other,no,774.0,102.95297189785943,5.951726939020565,no
132650.0,29.0,blue-collar,single,secondary,no,No,call,24.0,jul,Night ,1.0,1.0,0.0,,no,223.0,112.77887364641408,2.894580154959542,no
157306.0,27.0,admin.,single,tertiary,no,yes,call,3.0,sep,eve,1.0,1.0,3.0,success,no,313.0,88.92587399520866,3.906072726596704,no
138822.0,52.0,technician,married,secondary,no,yes,call,26.0,aug,Night ,6.0,6.0,0.0,,no,526.0,96.66038952380181,4.413923268692218,no
125625.0,,,married,secondary,no,no,,9.0,jun,Night ,1.0,1.0,0.0,,no,16.0,110.7676414223055,4.446213497691021,no
140111.0,51.0,technician,married,secondary,yes,no,call,17.0,nov,Morning,1.0,1.0,0.0,,no,195.0,97.9289588583126,8.672550320401866,no
123311.0,45.0,blue-collar,married,secondary,yes,no,,29.0,may,Night,6.0,6.0,0.0,,no,90.0,95.18188091431692,5.758243843058976,no
130333.0,55.0,admin.,married,secondary,yes,yes,call,14.0,jul,eve,3.0,3.0,0.0,,,541.0,90.62627937335897,4.3959762241106235,no
131231.0,59.0,technician,married,tertiary,no,no,call,18.0,jul,Morning,5.0,5.0,0.0,,no,0.0,103.97773721301044,,no
158601.0,76.0,retired,married,tertiary,no,no,call,25.0,jan,Morning,1.0,1.0,2.0,success,no,2991.0,98.70060138532516,4.329972373610614,no
127588.0,56.0,blue-collar,married,primary,yes,No,,20.0,,Evening,3.0,3.0,0.0,,no,770.0,90.57466569938614,3.711000547275815,no
152531.0,43.0,blue-collar,married,primary,yes,no,call,12.0,may,Evening,3.0,3.0,5.0,failure,no,188.0,114.47163852506117,6.023491611355219,no
142479.0,30.0,services,married,secondary,no,no,call,20.0,nov,Morning,1.0,1.0,0.0,,no,10667.0,104.37347631036509,7.301659984705275,no
128729.0,59.0,blue-collar,married,secondary,no,no,email,7.0,jul,eve,6.0,6.0,0.0,,no,13718.0,103.46528190941862,7.242380335841812,no
121846.0,37.0,services,married,secondary,yes,No,,26.0,may,eve,4.0,4.0,0.0,,no,1785.0,94.76358918135458,4.8881275251090965,no
147979.0,58.0,blue-collar,married,secondary,no,yes,call,14.0,apr,Night ,5.0,5.0,0.0,,no,0.0,104.29752639365238,3.9004889133044625,no
148949.0,59.0,management,married,tertiary,yes,no,call,17.0,apr,Evening,4.0,4.0,0.0,,no,82.0,100.52438624887832,3.7411571000296155,no
130340.0,53.0,blue-collar,married,secondary,yes,no,call,14.0,jul,Night,6.0,6.0,0.0,,no,-162.0,100.76535443532322,4.080198823708068,no
138572.0,55.0,blue-collar,married,secondary,no,no,call,25.0,aug,morning,5.0,5.0,0.0,,no,467.0,105.22863968861796,4.6662134718133474,no
160697.0,24.0,unemployed,single,secondary,no,no,,15.0,sep,eve,1.0,1.0,0.0,,no,119.0,99.03823531699638,9.447567475299804,no
133184.0,55.0,technician,married,secondary,yes,no,SMS,28.0,jul,Night ,4.0,4.0,0.0,,no,3899.0,110.27525310105389,3.775727849240763,yes
156648.0,22.0,student,single,,no,no,call,10.0,aug,Night ,1.0,1.0,0.0,,no,3317.0,89.5894071435305,3.5360262944066436,no
157032.0,35.0,management,divorced,tertiary,yes,no,call,18.0,aug,Afternoon,2.0,2.0,2.0,failure,no,3751.0,94.35567273232184,5.4277565712076115,no
136396.0,47.0,management,single,tertiary,no,no,call,12.0,,Night ,2.0,2.0,0.0,,no,0.0,87.90095272618915,6.382916269805618,no
126818.0,40.0,blue-collar,married,primary,yes,yes,,17.0,jun,morning,1.0,1.0,0.0,,no,-158.0,98.2850327059774,4.295732388115279,no
127873.0,37.0,blue-collar,single,tertiary,no,no,,20.0,jun,Morning,2.0,2.0,0.0,,no,344.0,101.55817863381587,3.5944736258154135,no
137311.0,50.0,management,divorced,secondary,yes,No,call,18.0,aug,Afternoon,5.0,5.0,0.0,,no,-35.0,94.86969545150644,4.907666773002124,no
147805.0,55.0,self-employed,married,secondary,no,no,SMS,9.0,,morning,2.0,2.0,1.0,failure,no,2408.0,117.09936230760971,4.208381368836083,no
128350.0,39.0,blue-collar,divorced,primary,no,yes,,1.0,,Night,1.0,1.0,0.0,,no,3.0,113.91725607133944,6.079113015855828,no
123259.0,41.0,,single,secondary,yes,no,,29.0,may,Night,2.0,2.0,0.0,,no,646.0,101.56005664153435,4.832695791539862,no
122633.0,29.0,self-employed,single,secondary,yes,yes,,28.0,may,eve,1.0,1.0,0.0,,no,3672.0,110.00593214632573,4.696491601414348,no
140507.0,30.0,technician,single,secondary,yes,no,call,17.0,nov,Night ,3.0,3.0,0.0,,no,163.0,105.51971215034675,4.897277468366513,no
129482.0,48.0,services,married,secondary,no,yes,call,9.0,jul,eve,1.0,1.0,0.0,,no,124.0,100.34653400554966,3.353203626363465,no
156067.0,31.0,unemployed,single,secondary,yes,no,call,5.0,jun,Afternoon,2.0,2.0,0.0,,no,582.0,111.99779818483047,6.442999123019887,yes
141991.0,30.0,unemployed,married,secondary,no,no,call,19.0,nov,Night,5.0,5.0,0.0,,yes,19.0,101.09414850587052,7.02415066379067,no
148595.0,36.0,management,single,tertiary,yes,No,call,,apr,Morning,1.0,1.0,0.0,,no,265.0,102.46609526386622,5.91268113233137,no
148478.0,36.0,technician,single,tertiary,yes,no,call,17.0,apr,Evening,1.0,1.0,1.0,failure,no,670.0,,5.470334870439817,no
130572.0,54.0,retired,married,tertiary,no,no,call,15.0,jul,Evening,8.0,8.0,0.0,,no,4104.0,104.80302252423564,5.828462342598905,no
131603.0,58.0,housemaid,married,tertiary,yes,,call,,jul,morning,1.0,1.0,0.0,,no,0.0,118.42059908022117,3.6015087438056135,no
146938.0,31.0,management,married,tertiary,yes,no,call,11.0,feb,Morning,4.0,4.0,0.0,,no,2603.0,101.09596034544329,5.689276211543686,yes
125830.0,40.0,entrepreneur,married,tertiary,no,no,,9.0,jun,Morning,3.0,3.0,0.0,,no,3571.0,116.85829912568263,5.8035386255652,no
145789.0,34.0,services,single,tertiary,yes,no,call,4.0,feb,Night,1.0,1.0,0.0,,no,49.0,98.34282416105555,5.539820080888947,no
125792.0,48.0,blue-collar,divorced,primary,no,no,,9.0,jun,eve,1.0,1.0,0.0,,no,183.0,114.74190291356479,6.0670985749036275,yes
142968.0,41.0,technician,married,secondary,yes,no,call,21.0,nov,Night ,1.0,1.0,1.0,other,no,636.0,96.81147935328026,4.4270090348385445,no
141906.0,30.0,management,married,tertiary,yes,no,call,19.0,nov,Night,2.0,2.0,1.0,failure,no,2451.0,93.13717625251878,4.555994943320585,no
139988.0,39.0,admin.,married,secondary,no,no,SMS,28.0,oct,morning,1.0,1.0,0.0,,no,1757.0,96.25103268662085,5.117843707154897,yes
133406.0,32.0,blue-collar,married,secondary,yes,no,call,29.0,jul,Night ,7.0,7.0,0.0,,no,129.0,103.10173606738027,6.752659578174402,no
128370.0,41.0,entrepreneur,single,primary,no,yes,,1.0,jul,Evening,3.0,3.0,0.0,,no,7264.0,92.12357618303176,4.816103813386078,no
157204.0,25.0,admin.,single,tertiary,no,yes,call,27.0,aug,morning,3.0,3.0,0.0,,no,11.0,117.23051614975486,6.01201586737438,no
155815.0,40.0,technician,married,secondary,no,no,call,2.0,jun,eve,1.0,1.0,0.0,,no,4298.0,114.76974570394648,6.715752199387366,no
142194.0,55.0,management,married,tertiary,yes,no,call,20.0,nov,morning,6.0,6.0,0.0,,no,1161.0,94.27368637452842,4.5269400121427275,no
128951.0,26.0,management,single,tertiary,no,yes,call,8.0,jul,Afternoon,1.0,1.0,0.0,,no,122.0,102.70321571705733,4.930234660885643,no
144862.0,37.0,services,single,secondary,yes,no,call,2.0,feb,Evening,1.0,1.0,2.0,other,no,21.0,107.81543009584797,3.5619020520897267,no
143902.0,42.0,management,married,tertiary,yes,yes,call,28.0,jan,Night ,1.0,1.0,0.0,,no,157.0,107.35478246888442,2.430017668412043,no
156553.0,30.0,admin.,single,secondary,yes,no,call,6.0,aug,eve,6.0,6.0,3.0,other,no,81.0,96.26185747525591,5.080088437678927,no
148579.0,,blue-collar,married,secondary,yes,no,call,17.0,apr,Morning,1.0,1.0,1.0,failure,no,225.0,105.70268924939023,5.829007025477029,yes
138687.0,55.0,self-employed,married,secondary,no,no,call,25.0,aug,Night,6.0,6.0,0.0,,no,198.0,117.39464289987288,5.800915776927765,no
130785.0,26.0,management,single,tertiary,no,yes,call,16.0,jul,morning,5.0,5.0,0.0,,no,55.0,76.599881456797,4.621036292440584,no
147873.0,49.0,admin.,divorced,secondary,yes,No,call,13.0,apr,Night ,1.0,1.0,0.0,,no,190.0,109.21278325985234,5.488324797426724,no
120099.0,22.0,blue-collar,single,secondary,yes,no,,19.0,may,eve,1.0,1.0,0.0,,no,0.0,119.04402916385322,3.043552821553007,no
146351.0,33.0,management,divorced,tertiary,yes,no,call,5.0,feb,Night ,8.0,8.0,1.0,other,no,1.0,99.854956217018,7.074878372998004,no
121503.0,33.0,blue-collar,married,secondary,no,no,,23.0,may,eve,4.0,4.0,0.0,,yes,2.0,89.20202796062618,7.1569491258472855,no
133189.0,58.0,technician,divorced,secondary,yes,no,call,28.0,jul,Night,2.0,2.0,0.0,,no,553.0,100.64597618601813,3.7228113163340963,no
115984.0,60.0,admin.,married,secondary,yes,no,,5.0,may,Afternoon,1.0,1.0,0.0,,no,290.0,86.81218123945972,4.049536927471664,no
135229.0,57.0,management,married,tertiary,no,no,call,6.0,aug,morning,6.0,6.0,0.0,,no,0.0,83.42150269329684,6.436551316136548,no
137347.0,43.0,management,married,tertiary,no,no,call,18.0,aug,morning,5.0,5.0,0.0,,no,0.0,99.64027802663226,7.027447474893094,no
128397.0,30.0,services,single,secondary,no,yes,,2.0,jul,Evening,3.0,3.0,0.0,,yes,0.0,86.41242275891138,5.402076730547838,no
136393.0,35.0,management,married,tertiary,no,No,call,12.0,aug,Afternoon,4.0,4.0,0.0,,no,77.0,93.17266618377461,6.190976661994286,no
138472.0,34.0,technician,single,tertiary,no,no,call,22.0,aug,morning,10.0,10.0,0.0,,no,632.0,85.32518913779725,3.8257138279251457,no
116698.0,47.0,services,married,primary,yes,no,,7.0,may,Night,1.0,1.0,0.0,,no,222.0,,5.176932496389202,no
154709.0,23.0,blue-collar,single,secondary,yes,no,call,18.0,may,Evening,1.0,1.0,0.0,,no,39.0,110.2340743471544,5.412097882025365,no
136042.0,32.0,management,single,secondary,no,no,call,11.0,aug,Morning,2.0,2.0,0.0,,no,67.0,91.83467705921669,4.631188447039188,no
126401.0,36.0,blue-collar,married,primary,yes,No,,16.0,jun,Morning,6.0,6.0,0.0,,no,,85.43992919793729,4.317807103715031,no
144701.0,41.0,admin.,married,secondary,no,yes,call,30.0,jan,Afternoon,2.0,2.0,0.0,,no,3204.0,112.77358323723078,6.031610713643253,no
127934.0,56.0,blue-collar,married,secondary,no,no,,20.0,jun,morning,13.0,13.0,0.0,,no,277.0,102.36088465883779,5.270533936604195,no
138956.0,35.0,management,married,tertiary,,no,call,26.0,aug,Morning,8.0,8.0,0.0,,no,38.0,93.65565041251968,3.443449380176487,no
146579.0,28.0,blue-collar,single,secondary,no,yes,call,6.0,feb,morning,3.0,3.0,1.0,success,no,517.0,118.21672338169603,6.612064120541753,no
135685.0,47.0,unemployed,married,secondary,no,no,call,8.0,aug,eve,2.0,2.0,0.0,,no,1108.0,83.68586462994293,6.5544870469253365,no
150452.0,39.0,housemaid,married,secondary,yes,yes,call,5.0,may,Morning,1.0,1.0,1.0,failure,no,1372.0,111.95700089198174,4.61599900486965,no
128130.0,57.0,retired,married,secondary,no,no,,20.0,jun,Morning,11.0,11.0,0.0,,no,573.0,102.57777809315314,5.978029618566558,no
125813.0,38.0,housemaid,divorced,primary,no,no,,9.0,jun,Evening,4.0,4.0,0.0,,no,359.0,96.84729706030242,5.842962268760283,no
132304.0,49.0,technician,married,secondary,yes,yes,call,23.0,jul,Night ,4.0,4.0,0.0,,no,-142.0,106.37721765452923,3.865544695327128,no
148177.0,47.0,blue-collar,married,secondary,yes,no,call,16.0,apr,Night,1.0,1.0,0.0,,no,327.0,102.16379144341626,2.7563435616928254,no
157056.0,35.0,technician,single,tertiary,yes,no,call,19.0,aug,Afternoon,2.0,2.0,3.0,failure,no,2658.0,98.71228514542061,4.474598131281302,yes
159055.0,37.0,management,married,tertiary,no,no,call,26.0,feb,morning,1.0,1.0,2.0,other,no,3654.0,111.69264975721931,3.0962683368482615,no
140216.0,46.0,technician,single,tertiary,no,no,call,17.0,nov,eve,1.0,1.0,0.0,,no,1448.0,91.80069017473191,3.8420061993281682,no
158933.0,,admin.,married,secondary,no,no,call,15.0,feb,Morning,1.0,1.0,4.0,success,no,169.0,92.15268481939253,5.772334317248368,yes
160497.0,23.0,management,single,tertiary,no,no,,28.0,aug,Night ,1.0,1.0,0.0,,no,377.0,97.42897394545118,6.896492513957509,no
145988.0,60.0,retired,married,secondary,yes,yes,call,4.0,feb,eve,3.0,3.0,1.0,failure,no,2516.0,101.75792050361837,4.605605762399482,no
143772.0,55.0,unemployed,married,secondary,no,no,call,28.0,jan,eve,1.0,1.0,0.0,,no,512.0,111.56230101197318,5.935742784342754,no
140809.0,42.0,blue-collar,married,primary,yes,no,call,18.0,nov,Night,1.0,1.0,2.0,failure,no,2273.0,111.93490282900022,2.8286811067741424,no
122988.0,35.0,technician,single,tertiary,yes,no,,29.0,may,Morning,5.0,5.0,0.0,,no,485.0,101.44530242180596,4.054337761873337,no
152435.0,54.0,self-employed,married,tertiary,yes,No,SMS,12.0,may,Morning,2.0,2.0,0.0,,no,66.0,102.73026741976977,2.3859609736791714,no
117131.0,41.0,technician,married,,yes,no,,8.0,may,morning,1.0,1.0,0.0,,no,254.0,93.55351185336717,5.353143235382723,no
143415.0,36.0,self-employed,married,tertiary,yes,no,call,21.0,nov,Night ,2.0,2.0,0.0,,no,634.0,100.22543442005653,3.6847942981497126,no
118888.0,42.0,blue-collar,married,secondary,yes,no,,14.0,may,Night,1.0,1.0,0.0,,no,3743.0,102.55544212006981,3.833770889200447,no
142072.0,46.0,blue-collar,married,primary,yes,no,call,20.0,nov,Night,2.0,2.0,0.0,,no,5393.0,100.90157854178015,4.152395624235501,no
126346.0,24.0,blue-collar,single,secondary,yes,no,,12.0,jun,morning,3.0,3.0,0.0,,yes,-203.0,109.11990540113554,3.837963305907183,yes
154303.0,34.0,admin.,single,secondary,yes,no,call,15.0,may,Night,5.0,5.0,0.0,,no,6979.0,90.41053701205526,4.638006405778138,no
127183.0,50.0,blue-collar,married,primary,yes,no,,18.0,jun,Afternoon,23.0,23.0,0.0,,no,280.0,94.04240262796067,3.850787198237242,no
155631.0,24.0,student,,secondary,no,No,call,28.0,may,Night ,6.0,6.0,0.0,,no,501.0,101.48471410387752,4.095457394074797,no
117638.0,31.0,management,single,secondary,yes,No,,9.0,may,Morning,2.0,2.0,0.0,,no,453.0,102.93672761117723,7.131427750910889,no
130734.0,36.0,management,single,tertiary,yes,no,call,,jul,Morning,2.0,2.0,0.0,,no,0.0,96.79722075318662,5.452157428234565,no
130783.0,25.0,admin.,single,secondary,no,yes,call,16.0,jul,Evening,1.0,1.0,0.0,,no,-213.0,110.77796524898226,5.288420048796675,no
115961.0,35.0,blue-collar,single,secondary,yes,yes,,5.0,may,Morning,1.0,1.0,0.0,,no,12223.0,92.56380525245787,4.474570936055438,no
121626.0,38.0,services,married,secondary,yes,yes,,26.0,may,Evening,3.0,3.0,0.0,,no,25.0,101.74756590074246,2.3480675641621978,no
127257.0,41.0,technician,married,secondary,no,no,,19.0,jun,Afternoon,1.0,1.0,0.0,,no,1278.0,89.21022292602447,5.465831655160066,no
144505.0,57.0,technician,married,secondary,no,no,call,29.0,jan,Night ,2.0,2.0,0.0,,no,2550.0,101.89978271676422,5.825739052375177,no
136511.0,40.0,unemployed,divorced,secondary,no,no,call,12.0,aug,Night ,6.0,6.0,0.0,,no,1694.0,102.96012391125498,5.1662762234823605,yes
126790.0,44.0,blue-collar,married,secondary,yes,no,,17.0,jun,Night ,1.0,1.0,0.0,,no,1678.0,105.47440529125493,5.933739838147794,no
140599.0,38.0,management,married,tertiary,yes,No,call,17.0,nov,eve,2.0,2.0,0.0,,no,1680.0,98.7189050552381,3.2281900780052646,no
123268.0,51.0,blue-collar,married,primary,yes,no,,29.0,may,eve,3.0,3.0,0.0,,no,1491.0,100.56005968195697,3.6687146740392613,no
159353.0,62.0,management,married,tertiary,no,no,call,13.0,apr,morning,3.0,3.0,3.0,failure,no,0.0,95.89145205800537,3.2074198951870225,no
125499.0,45.0,admin.,divorced,secondary,no,no,,,jun,Morning,1.0,1.0,0.0,,no,246.0,100.85725498586048,6.771831701682826,no
155777.0,60.0,housemaid,married,secondary,no,no,call,2.0,jun,Evening,1.0,1.0,0.0,,no,283.0,92.56480419628896,5.261400142333629,no
140727.0,42.0,entrepreneur,married,tertiary,no,yes,call,18.0,nov,Night ,2.0,2.0,0.0,,no,257.0,112.79187209639257,4.9252582344173215,no
127035.0,29.0,management,married,tertiary,yes,no,,18.0,jun,Morning,3.0,3.0,0.0,,no,620.0,107.31690738477629,2.559338998530975,no
133758.0,51.0,retired,married,secondary,no,no,call,30.0,jul,morning,6.0,6.0,0.0,,no,1017.0,128.65415854990871,3.453426404997626,no
122209.0,30.0,blue-collar,married,secondary,no,No,,27.0,may,Morning,1.0,1.0,0.0,,no,1196.0,98.58407049182885,,no
146591.0,29.0,blue-collar,married,secondary,yes,no,call,6.0,feb,eve,3.0,3.0,0.0,,no,76.0,93.85718334502405,4.001475833095737,no
126293.0,35.0,admin.,single,secondary,yes,no,,12.0,jun,Night,1.0,1.0,0.0,,no,163.0,98.89239265098283,5.555122328941518,no
156806.0,49.0,entrepreneur,single,secondary,no,no,call,12.0,aug,morning,3.0,3.0,2.0,success,no,5802.0,117.4421730673997,5.898243086360371,no
130559.0,37.0,management,divorced,tertiary,no,no,call,15.0,jul,Night,5.0,5.0,0.0,,no,1775.0,102.69077572057829,2.1410013231011096,yes
137718.0,32.0,technician,single,secondary,yes,no,call,20.0,aug,Afternoon,2.0,2.0,0.0,,no,0.0,96.7565152828018,5.206049468653957,no
127685.0,55.0,services,divorced,secondary,no,no,,,jun,morning,2.0,2.0,0.0,,no,1735.0,95.80223669284169,1.7147960978551735,no
137029.0,44.0,technician,divorced,secondary,yes,yes,call,14.0,aug,eve,2.0,2.0,0.0,,no,0.0,112.69368399603013,4.64504451547059,no
137215.0,49.0,admin.,married,,no,no,call,18.0,aug,morning,3.0,3.0,0.0,,no,1101.0,109.51732704465361,4.900736006598944,no
136649.0,34.0,technician,single,secondary,,no,call,13.0,aug,Evening,2.0,2.0,0.0,,no,,109.06304456892339,3.1371248545743216,no
118035.0,54.0,retired,,primary,no,no,,12.0,may,Night ,1.0,1.0,0.0,,no,208.0,104.18944183369905,4.5678971806415065,no
134086.0,46.0,management,married,tertiary,yes,no,call,30.0,jul,Night ,4.0,4.0,0.0,,no,37.0,102.28541594921109,6.049262159388268,no
145498.0,39.0,unemployed,single,secondary,yes,no,call,3.0,feb,Night ,1.0,1.0,0.0,,no,-114.0,114.8438027194925,2.879251123501492,yes
141837.0,40.0,admin.,married,secondary,no,yes,call,19.0,nov,Night,2.0,2.0,5.0,failure,no,67.0,72.56143108893909,3.382655858307342,no
125049.0,40.0,blue-collar,married,primary,no,no,,5.0,jun,Morning,2.0,2.0,0.0,,no,743.0,92.09592088159451,5.616836491457266,no
147926.0,31.0,blue-collar,single,secondary,yes,no,call,14.0,apr,Afternoon,1.0,1.0,1.0,failure,no,609.0,97.44001814671863,5.468709493774486,no
156216.0,26.0,blue-collar,single,primary,no,yes,call,16.0,jun,eve,2.0,2.0,0.0,,no,2363.0,107.41154983495205,1.2574228868017672,no
137609.0,42.0,technician,single,secondary,no,no,call,19.0,aug,eve,1.0,1.0,0.0,,no,3.0,94.88464752238909,5.044755089981616,no
119838.0,25.0,admin.,single,secondary,no,no,,16.0,may,eve,3.0,3.0,0.0,,no,304.0,113.86995397311983,3.9983778752025474,no
150807.0,41.0,admin.,married,primary,yes,,call,6.0,may,Night,2.0,2.0,1.0,failure,no,0.0,97.17947566418076,4.270599969245848,no
123060.0,40.0,admin.,married,secondary,yes,yes,,29.0,may,Evening,1.0,1.0,0.0,,no,451.0,107.04976087590876,3.3891679715548566,no
138514.0,31.0,management,single,tertiary,no,no,call,22.0,aug,Morning,1.0,1.0,0.0,,no,34.0,84.81751825540056,3.622029604078866,no
139241.0,42.0,technician,divorced,tertiary,no,no,call,27.0,aug,Night,17.0,17.0,0.0,,no,2517.0,108.6706738899362,4.401391981305743,no
138296.0,33.0,management,married,tertiary,no,no,call,22.0,aug,Evening,2.0,2.0,0.0,,no,4570.0,108.36715620877241,5.176369125634894,yes
122395.0,37.0,technician,married,secondary,yes,yes,,27.0,may,Morning,3.0,3.0,0.0,,no,427.0,105.85818815376089,7.77823353262019,no
157458.0,41.0,admin.,divorced,secondary,yes,yes,SMS,14.0,sep,Evening,2.0,2.0,0.0,,no,6046.0,93.87702511667531,7.1676354068940284,yes
117699.0,35.0,management,divorced,tertiary,yes,no,,9.0,may,Evening,1.0,1.0,0.0,,no,321.0,89.9237861429099,1.194194247757172,no
156704.0,48.0,unemployed,divorced,secondary,no,no,call,11.0,aug,Afternoon,1.0,1.0,0.0,,no,201.0,84.87840647347726,6.589146906232232,yes
152131.0,34.0,services,single,secondary,yes,no,call,11.0,may,Afternoon,2.0,2.0,0.0,,no,-701.0,127.9568286783129,7.527060542021131,yes
131045.0,49.0,blue-collar,married,secondary,yes,no,call,17.0,jul,Night,1.0,1.0,0.0,,no,825.0,97.89299399535811,1.2131171339591762,no
146278.0,27.0,technician,single,secondary,yes,no,call,5.0,feb,Night,7.0,7.0,0.0,,no,299.0,90.42462484357739,2.834295350731795,no
147698.0,57.0,management,married,tertiary,yes,no,call,8.0,apr,morning,2.0,2.0,0.0,,no,1287.0,95.40183724986542,6.397126600194102,no
116865.0,58.0,retired,married,secondary,yes,no,,7.0,may,eve,1.0,1.0,0.0,,no,268.0,87.91012240855595,6.21062480912393,no
135945.0,33.0,management,married,tertiary,yes,,call,8.0,aug,Night,3.0,3.0,0.0,,no,862.0,107.67966784708483,5.179560279985637,no
146174.0,32.0,blue-collar,married,secondary,no,no,call,5.0,feb,Night ,1.0,1.0,0.0,,no,150.0,106.0499349042023,4.088511054195261,no
125071.0,44.0,management,married,tertiary,yes,no,,5.0,jun,Evening,2.0,2.0,0.0,,no,588.0,124.61044386777871,6.3147766887954315,no
122037.0,45.0,technician,married,,yes,no,,27.0,may,Night,1.0,1.0,0.0,,no,473.0,103.14059341440579,5.137588661422437,no
153316.0,45.0,blue-collar,married,secondary,yes,no,call,13.0,may,Evening,2.0,2.0,3.0,failure,no,577.0,103.3496451806092,9.008373423708742,no
117839.0,59.0,blue-collar,married,secondary,no,yes,,9.0,may,morning,4.0,4.0,0.0,,no,1376.0,95.86307634248976,8.088152195922717,no
134767.0,40.0,management,married,tertiary,no,no,call,4.0,aug,Afternoon,1.0,1.0,0.0,,no,9221.0,95.3785807640257,7.4077344249829284,no
158416.0,31.0,student,single,,no,no,call,18.0,dec,Evening,2.0,2.0,0.0,,no,2347.0,110.31191687513045,5.535736135344892,no
142258.0,30.0,blue-collar,married,secondary,yes,yes,call,20.0,nov,Night ,1.0,1.0,1.0,failure,no,501.0,97.14738080846769,5.278508383072358,yes
124427.0,27.0,services,single,secondary,yes,no,,3.0,jun,Afternoon,2.0,2.0,0.0,,no,3110.0,96.2273314559427,3.1583092276722384,no
135270.0,57.0,management,married,tertiary,no,no,call,6.0,aug,Night,3.0,3.0,0.0,,no,163.0,97.97042620508111,7.149303138741465,no
119089.0,43.0,admin.,single,secondary,no,no,,15.0,may,Afternoon,1.0,1.0,0.0,,no,56831.0,115.19088167677543,7.607739667985633,no
143840.0,34.0,unemployed,single,secondary,no,no,call,28.0,jan,eve,1.0,1.0,0.0,,no,371.0,98.83275482495488,6.124182540256328,no
156029.0,34.0,services,single,tertiary,no,No,call,5.0,jun,Evening,1.0,1.0,1.0,failure,no,88.0,91.2566812926938,3.5391803392119288,no
126598.0,54.0,technician,single,,no,no,,16.0,jun,eve,1.0,1.0,0.0,,no,1695.0,119.22402714429438,5.808903355276251,no
135603.0,36.0,management,single,tertiary,no,yes,call,7.0,aug,morning,4.0,4.0,0.0,,no,227.0,95.78174615910231,3.1197073621046285,no
132717.0,59.0,blue-collar,married,secondary,no,no,email,24.0,jul,Morning,3.0,3.0,0.0,,no,0.0,89.80354758618044,7.743693736614237,no
129792.0,56.0,retired,married,tertiary,no,no,email,10.0,jul,Morning,1.0,1.0,0.0,,no,89.0,94.99317686424895,2.6675839217373585,no
127177.0,38.0,services,married,secondary,yes,yes,,18.0,jun,morning,3.0,3.0,0.0,,no,611.0,81.68822833840609,5.239706574574097,no
130203.0,55.0,blue-collar,married,secondary,yes,yes,call,14.0,,Afternoon,3.0,3.0,0.0,,no,34.0,104.33620607816857,6.5973245834125125,no
158680.0,63.0,technician,married,secondary,yes,no,call,28.0,jan,Night,3.0,3.0,4.0,other,no,896.0,113.44922380967807,,no
122582.0,33.0,blue-collar,single,secondary,no,no,,28.0,may,Afternoon,5.0,5.0,0.0,,no,855.0,101.20174714582865,2.9352863089979455,no
135369.0,31.0,technician,single,secondary,no,no,call,7.0,aug,morning,2.0,2.0,0.0,,no,40.0,107.51104189506333,2.432771769076375,no
124660.0,26.0,admin.,single,secondary,yes,no,,4.0,jun,Afternoon,1.0,1.0,0.0,,no,-12.0,,5.024375588128019,no
120113.0,41.0,technician,single,secondary,yes,yes,,19.0,,Night,1.0,1.0,0.0,,no,0.0,105.71416661280055,7.580862428920183,no
117885.0,56.0,admin.,divorced,secondary,yes,yes,,9.0,may,Morning,2.0,2.0,0.0,,yes,-435.0,96.54242758398318,2.8399745944734933,no
145474.0,60.0,services,divorced,secondary,no,no,call,3.0,feb,Morning,1.0,1.0,0.0,,no,758.0,90.68961042564784,2.6994095274175396,no
116969.0,27.0,blue-collar,single,secondary,yes,no,,7.0,may,Night,4.0,4.0,0.0,,no,0.0,107.88206326883127,4.363433438652555,no
149127.0,30.0,management,single,tertiary,yes,no,call,20.0,apr,Evening,1.0,1.0,1.0,other,no,63.0,98.86406627609675,3.773336507957281,no
140966.0,39.0,management,married,secondary,yes,no,call,18.0,nov,Night ,1.0,1.0,0.0,,no,1007.0,106.73651806060614,4.435296193155189,no
148298.0,32.0,services,married,secondary,yes,yes,email,16.0,apr,morning,3.0,3.0,1.0,failure,no,1167.0,91.36659015268924,3.8215795346551955,no
116041.0,54.0,blue-collar,married,primary,yes,No,,5.0,may,Afternoon,2.0,2.0,0.0,,no,348.0,105.79493492091393,2.7274945936814667,no
126854.0,46.0,entrepreneur,married,tertiary,no,no,,17.0,jun,morning,4.0,4.0,0.0,,no,120.0,99.76238307297956,3.436986063982749,no
141744.0,44.0,management,single,tertiary,yes,No,call,19.0,nov,eve,2.0,2.0,0.0,,yes,12.0,100.56975517773877,3.2077193283952257,no
152909.0,50.0,blue-collar,married,primary,yes,no,call,13.0,may,Night ,3.0,3.0,0.0,,,-522.0,,2.0654254502074227,yes
134859.0,44.0,technician,married,secondary,yes,no,call,4.0,,Morning,1.0,1.0,0.0,,no,945.0,78.09919927338072,4.977412806428774,no
156928.0,74.0,retired,married,tertiary,no,no,call,14.0,aug,Night ,2.0,2.0,0.0,,no,6027.0,99.52258241805202,1.2096286615436211,no
137809.0,45.0,management,married,tertiary,no,No,call,20.0,aug,Afternoon,2.0,2.0,0.0,,no,0.0,89.09668242467964,4.56741075678578,no
117973.0,43.0,technician,single,tertiary,yes,no,,12.0,may,Morning,4.0,4.0,0.0,,no,16.0,95.11637200431002,3.0882639507349734,no
130079.0,44.0,self-employed,married,tertiary,yes,no,call,11.0,jul,Evening,2.0,2.0,0.0,,no,430.0,97.0733332455424,6.4789354802633765,no
122022.0,49.0,technician,married,secondary,yes,yes,,27.0,may,morning,1.0,1.0,0.0,,no,-849.0,82.54399087841388,3.1478001186552067,no
143129.0,40.0,admin.,married,secondary,no,no,call,21.0,nov,Afternoon,2.0,2.0,0.0,,no,1831.0,92.92757507331419,2.990523754935227,no
137256.0,35.0,technician,married,secondary,no,no,call,18.0,aug,Night,2.0,2.0,0.0,,no,23876.0,112.19043986855378,3.862276785223374,no
155257.0,45.0,admin.,divorced,secondary,yes,yes,call,22.0,may,Night ,1.0,1.0,2.0,success,no,397.0,82.82065385919582,5.4549073968829624,yes
126542.0,39.0,housemaid,married,primary,no,no,,16.0,jun,Night,1.0,1.0,0.0,,no,15352.0,91.72411593398817,6.790941106583311,no
133282.0,31.0,unemployed,married,secondary,no,no,call,28.0,jul,Afternoon,2.0,2.0,0.0,,no,90.0,100.27192375995949,4.734703563252867,no
141750.0,47.0,unemployed,married,secondary,yes,yes,call,19.0,nov,Morning,1.0,1.0,1.0,failure,no,351.0,112.30699794077208,4.794291428648425,no
159758.0,27.0,blue-collar,single,primary,no,no,,4.0,jun,Evening,1.0,1.0,0.0,,no,268.0,99.80386213839161,3.8082713959619463,no
123599.0,41.0,services,married,secondary,yes,no,,30.0,may,Night ,2.0,2.0,0.0,,no,96.0,96.58257381415196,7.887083801645299,no
122726.0,41.0,blue-collar,single,,yes,no,,28.0,may,Evening,1.0,1.0,0.0,,no,2835.0,91.19129553611118,3.968098689991589,no
128513.0,27.0,services,single,secondary,,yes,,4.0,jul,Night ,1.0,1.0,0.0,,no,243.0,87.53905760409988,4.541703577935301,no
136859.0,33.0,technician,married,secondary,no,no,call,14.0,aug,morning,2.0,2.0,0.0,,no,620.0,110.37067135858756,5.784136230462302,no
133151.0,26.0,blue-collar,single,primary,no,yes,call,28.0,jul,Morning,3.0,3.0,0.0,,no,1538.0,100.10191745201026,5.53417636971702,no
160990.0,44.0,technician,single,,no,no,call,25.0,oct,Afternoon,1.0,1.0,4.0,success,,11115.0,115.47796171285997,6.167182418749863,no
125525.0,39.0,blue-collar,married,primary,no,no,,6.0,jun,Night,2.0,2.0,0.0,,no,1005.0,98.80977227565964,2.445678957718185,no
157106.0,39.0,management,married,secondary,yes,no,call,21.0,aug,Night,1.0,1.0,1.0,failure,no,18.0,107.46430847858,3.4055791242072235,no
160257.0,25.0,technician,single,secondary,no,no,call,2.0,aug,Afternoon,3.0,3.0,0.0,,no,31.0,90.09917210533293,5.052894216717445,no
118074.0,33.0,technician,single,secondary,yes,no,,12.0,may,Night,1.0,1.0,0.0,,no,14.0,110.21349972153084,3.505963973248522,no
148291.0,33.0,blue-collar,single,secondary,yes,yes,call,16.0,apr,Afternoon,2.0,2.0,2.0,failure,no,1036.0,116.22537833347006,8.60744081548889,no
125572.0,53.0,retired,married,primary,no,yes,,6.0,jun,Evening,2.0,2.0,0.0,,no,17.0,92.92567860548688,5.340477353060402,no
117143.0,58.0,retired,married,tertiary,yes,no,,8.0,may,Night,2.0,2.0,0.0,,no,44.0,98.26888672983176,4.184405902412753,no
132505.0,25.0,technician,single,secondary,yes,no,call,24.0,jul,Night,4.0,4.0,0.0,,no,945.0,103.09530425708968,5.566190727852414,no
148755.0,47.0,admin.,married,secondary,yes,No,call,17.0,apr,Night ,1.0,1.0,0.0,,no,-245.0,91.81376832171803,3.853995074453559,no
155334.0,29.0,admin.,single,secondary,yes,no,call,25.0,may,Night,1.0,1.0,0.0,,no,265.0,98.44011847491366,3.4809659933291415,no
117947.0,51.0,blue-collar,married,tertiary,yes,no,,12.0,may,Evening,2.0,2.0,0.0,,no,7816.0,90.85347843276162,4.88179682110324,no
148766.0,45.0,blue-collar,married,secondary,yes,no,call,17.0,apr,Night ,1.0,1.0,0.0,,no,1577.0,101.28828954769916,5.254862002070195,no
154149.0,38.0,blue-collar,married,secondary,yes,no,call,15.0,may,eve,5.0,5.0,0.0,,no,1027.0,78.11732536506773,1.8040341095681662,no
131322.0,51.0,housemaid,divorced,secondary,no,no,call,18.0,jul,Morning,4.0,4.0,0.0,,no,9228.0,100.49612138528606,5.898442331709894,yes
152655.0,36.0,blue-collar,married,primary,yes,no,call,12.0,may,Evening,1.0,1.0,1.0,failure,no,300.0,97.21190345406006,,no
140457.0,41.0,self-employed,married,secondary,yes,no,call,17.0,nov,Afternoon,1.0,1.0,0.0,,yes,0.0,91.39306672754587,6.437693435289045,yes
130546.0,45.0,services,married,secondary,yes,no,call,15.0,jul,Morning,3.0,3.0,0.0,,no,24.0,106.72818819019584,6.8416929199423,no
136548.0,32.0,management,single,tertiary,no,no,call,12.0,aug,morning,3.0,3.0,0.0,,no,1310.0,98.01688708803016,5.9960192035152655,no
131695.0,25.0,management,married,tertiary,yes,yes,call,21.0,jul,morning,3.0,3.0,0.0,,no,3.0,102.73067232203293,5.3269364862641755,no
146319.0,46.0,management,married,tertiary,no,no,call,5.0,feb,eve,1.0,1.0,0.0,,no,222.0,117.5374747707875,7.135566714543192,no
161082.0,32.0,blue-collar,married,secondary,no,no,call,16.0,nov,Night,1.0,1.0,3.0,success,no,136.0,84.26098794805995,5.117599395711222,yes
136571.0,55.0,management,married,tertiary,no,no,call,12.0,aug,morning,10.0,10.0,0.0,,no,568.0,91.42310320294045,2.9318829233431725,yes
140348.0,32.0,blue-collar,single,primary,yes,no,call,17.0,nov,eve,1.0,1.0,0.0,,no,1918.0,121.16419666881711,5.768166960388672,no
152648.0,35.0,blue-collar,single,secondary,yes,no,call,12.0,may,Morning,1.0,1.0,1.0,success,no,855.0,95.59833422397881,4.883395157109255,yes
139821.0,40.0,self-employed,single,tertiary,no,no,email,29.0,aug,morning,2.0,2.0,0.0,,no,41.0,110.54866993359926,8.478527219697792,no
134519.0,45.0,blue-collar,single,primary,no,no,call,31.0,jul,Morning,3.0,3.0,0.0,,no,847.0,98.76592693539429,6.18216411446153,no
149512.0,32.0,technician,single,tertiary,yes,no,call,20.0,apr,morning,4.0,4.0,0.0,,no,705.0,86.86370862794071,5.108029832539352,no
139122.0,35.0,technician,married,tertiary,no,no,call,27.0,aug,Night,2.0,2.0,0.0,,no,25.0,102.12991287730928,5.329736161000135,no
160135.0,41.0,blue-collar,married,primary,yes,no,,20.0,jul,Evening,1.0,1.0,1.0,failure,no,178.0,111.19099676177098,6.714411110919309,no
144144.0,35.0,management,single,tertiary,yes,yes,call,29.0,jan,Evening,1.0,1.0,0.0,,no,474.0,96.14752001127742,,no
144322.0,38.0,management,single,tertiary,yes,no,email,29.0,jan,Night,1.0,1.0,2.0,failure,no,16957.0,103.9298494384182,6.114318237632836,no
138701.0,30.0,management,single,tertiary,no,No,call,25.0,aug,Morning,6.0,6.0,0.0,,no,73.0,92.92119443227612,5.682629221206644,no
148450.0,38.0,blue-collar,married,primary,yes,no,call,17.0,apr,morning,5.0,5.0,1.0,failure,no,3242.0,112.50480233106029,6.759826425909647,no
122194.0,43.0,unemployed,divorced,secondary,yes,no,,27.0,may,morning,1.0,1.0,0.0,,no,700.0,86.83636080624275,7.827183570882691,no
140660.0,37.0,self-employed,single,secondary,yes,no,call,18.0,nov,morning,1.0,1.0,0.0,,no,133.0,93.45367732740637,4.877205556488243,no
158464.0,44.0,management,married,,no,no,call,28.0,dec,morning,1.0,1.0,0.0,,no,2724.0,104.62769438990776,5.7635373873051305,yes
121364.0,39.0,entrepreneur,divorced,secondary,yes,no,,23.0,may,Night ,2.0,2.0,0.0,,no,1202.0,95.68144538765218,2.729617568294614,no
116449.0,56.0,admin.,divorced,secondary,yes,no,,6.0,may,morning,2.0,2.0,0.0,,no,778.0,87.35916219415252,3.782838747243094,no
133499.0,41.0,technician,married,secondary,no,No,call,29.0,jul,eve,2.0,2.0,0.0,,no,978.0,92.95846703332003,5.975481502378378,no
117705.0,30.0,entrepreneur,single,secondary,yes,no,,9.0,may,Night,4.0,4.0,0.0,,no,491.0,102.96471562848706,2.6546302513418,no
149735.0,47.0,management,divorced,tertiary,no,no,call,28.0,apr,Afternoon,2.0,2.0,0.0,,no,0.0,108.03169348513696,4.348536515421982,no
123350.0,25.0,unemployed,married,secondary,yes,no,,29.0,may,eve,2.0,2.0,0.0,,no,285.0,95.33367675966798,5.437036436924009,no
137103.0,48.0,admin.,married,secondary,no,no,call,18.0,aug,morning,5.0,5.0,0.0,,no,112.0,91.90204139476778,3.4943169587221634,no
147345.0,30.0,admin.,single,tertiary,no,no,call,31.0,mar,eve,2.0,2.0,0.0,,no,311.0,119.35198217709788,4.735187268590611,yes
118474.0,33.0,blue-collar,married,secondary,yes,no,,13.0,may,eve,2.0,2.0,0.0,,no,304.0,88.84732061130458,7.343911686032865,no
139637.0,60.0,retired,married,tertiary,no,no,SMS,28.0,aug,Night ,5.0,5.0,0.0,,no,872.0,114.84029446154834,5.756828673510425,no
137005.0,43.0,self-employed,married,tertiary,no,no,call,14.0,aug,Evening,2.0,2.0,0.0,,no,423.0,94.1516039045932,2.9162189879015328,no
117721.0,34.0,blue-collar,single,secondary,yes,no,,9.0,may,Night,3.0,3.0,0.0,,no,610.0,94.19757255931898,4.292255211428791,no
139086.0,54.0,management,married,tertiary,yes,yes,call,27.0,aug,morning,6.0,6.0,0.0,,no,656.0,97.77964013054462,6.187683192020412,no
159951.0,37.0,blue-collar,married,secondary,yes,no,,1.0,jul,Afternoon,1.0,1.0,0.0,,no,195.0,73.0151198379766,6.314487775338199,no
160409.0,60.0,technician,married,secondary,no,no,call,11.0,aug,eve,2.0,2.0,8.0,success,no,116.0,111.1218050861818,2.7987960703244354,yes
153350.0,31.0,services,single,secondary,yes,no,call,13.0,may,Night,2.0,2.0,0.0,,no,222.0,94.818103384391,6.386183390834622,no
159142.0,73.0,retired,married,primary,no,no,call,9.0,mar,Evening,1.0,1.0,0.0,,no,508.0,101.6047218710218,3.9006016700647193,yes
158298.0,28.0,services,single,secondary,no,no,call,3.0,dec,Afternoon,1.0,1.0,1.0,success,no,339.0,89.51342888012334,2.334525820915422,yes
148430.0,37.0,blue-collar,single,secondary,yes,no,call,17.0,apr,Night ,1.0,1.0,5.0,failure,no,90.0,109.93838589907968,5.47240506183274,no
142639.0,35.0,technician,married,secondary,yes,no,call,20.0,nov,Evening,4.0,4.0,0.0,,no,1546.0,105.4790785834383,4.2295044511136535,no
144941.0,46.0,admin.,divorced,secondary,yes,No,call,2.0,feb,Evening,1.0,1.0,0.0,,no,0.0,106.63651918447007,5.441474543278193,no
153232.0,30.0,blue-collar,married,primary,yes,no,call,13.0,may,Night,1.0,1.0,1.0,failure,no,236.0,96.09692087795344,5.645011600239064,no
148738.0,45.0,technician,married,secondary,yes,no,call,17.0,apr,eve,4.0,4.0,0.0,,no,396.0,97.97993726948323,5.857304963973122,no
152530.0,,technician,single,secondary,yes,no,call,12.0,may,Night ,1.0,1.0,0.0,,no,449.0,105.55516160389217,1.8745605715360325,no
119011.0,44.0,blue-collar,married,primary,yes,no,,14.0,may,Afternoon,4.0,4.0,0.0,,no,-295.0,101.17840472417272,5.216907560725283,no
141271.0,34.0,self-employed,divorced,secondary,yes,No,call,18.0,nov,Afternoon,1.0,1.0,0.0,,no,172.0,80.88751398402535,6.60238063494579,no
156137.0,50.0,management,married,tertiary,no,no,call,15.0,jun,Night,2.0,2.0,2.0,other,no,1612.0,94.5679222430503,,yes
155218.0,24.0,blue-collar,single,secondary,yes,no,call,18.0,may,Morning,2.0,2.0,0.0,,no,1421.0,96.62419384317859,3.9881901904814936,no
138817.0,53.0,blue-collar,married,secondary,no,No,call,26.0,aug,eve,6.0,6.0,0.0,,no,392.0,96.71087300830044,1.8232503102892679,no
153280.0,,blue-collar,married,tertiary,yes,no,call,13.0,may,eve,3.0,3.0,0.0,,no,,86.0236923152201,4.418111828788726,no
122172.0,30.0,management,married,tertiary,yes,no,,27.0,may,Evening,1.0,1.0,0.0,,no,0.0,95.85002559191008,7.004822372689905,no
148835.0,42.0,housemaid,single,secondary,yes,no,call,17.0,apr,Night ,3.0,3.0,0.0,,no,284.0,100.09267893595536,3.0864812608835823,no
153151.0,37.0,management,married,tertiary,yes,no,call,13.0,may,Evening,1.0,1.0,0.0,,no,2019.0,98.19295571594743,6.868547393057025,no
116084.0,55.0,management,married,tertiary,yes,no,,5.0,may,Night ,2.0,2.0,0.0,,no,73.0,105.14125266080994,3.2788155889147363,no
124628.0,52.0,admin.,divorced,secondary,no,no,,4.0,jun,Morning,4.0,4.0,0.0,,no,2002.0,118.46336543003397,1.8723104879247092,no
129662.0,57.0,retired,married,tertiary,no,no,call,10.0,jul,Night,1.0,1.0,0.0,,no,-5.0,84.70631525877542,2.77091214461902,no
132142.0,49.0,entrepreneur,married,secondary,no,no,call,23.0,jul,Night,1.0,1.0,0.0,,no,273.0,88.76156729981871,3.870441363410576,no
142847.0,45.0,management,divorced,tertiary,no,no,call,21.0,nov,Evening,1.0,1.0,2.0,failure,no,2096.0,88.29172121764073,5.448364697606821,no
132987.0,36.0,management,married,tertiary,yes,yes,call,25.0,jul,Night,3.0,3.0,0.0,,no,909.0,84.85831896542986,4.42281055789306,no
149734.0,60.0,technician,married,primary,no,no,call,28.0,apr,Night ,2.0,2.0,0.0,,no,2301.0,97.66169828085378,6.519743553824489,no
140607.0,46.0,self-employed,married,tertiary,,yes,call,17.0,nov,Evening,1.0,1.0,0.0,,no,0.0,94.3959927407497,2.283411547183778,no
140424.0,44.0,management,married,tertiary,yes,No,call,,nov,Night,3.0,3.0,0.0,,no,226.0,80.68548562247085,5.653815968998277,no
117665.0,32.0,unemployed,single,secondary,yes,no,,9.0,may,Evening,2.0,2.0,0.0,,no,331.0,127.67483472605255,5.941267550324513,no
132479.0,29.0,admin.,married,secondary,no,yes,call,24.0,jul,eve,2.0,2.0,0.0,,no,544.0,83.7956946572614,3.4560418973947216,no
124141.0,53.0,management,married,tertiary,yes,no,,2.0,jun,Evening,3.0,3.0,0.0,,no,6525.0,104.8974437713326,6.027903705370893,no
118628.0,39.0,entrepreneur,married,secondary,yes,No,,14.0,may,Morning,4.0,4.0,0.0,,no,580.0,98.39405056439338,6.781409218867544,no
153521.0,31.0,blue-collar,married,primary,yes,no,call,14.0,may,eve,1.0,1.0,5.0,failure,no,554.0,84.09489408011615,3.8180508145386085,no
160327.0,34.0,admin.,married,tertiary,yes,No,call,5.0,aug,eve,1.0,1.0,5.0,success,no,79.0,86.9218882584783,2.100476704133013,yes
159141.0,31.0,management,single,tertiary,no,no,call,9.0,mar,Night ,1.0,1.0,2.0,success,no,147.0,97.70665526196687,5.202313513705726,yes
141350.0,36.0,management,married,tertiary,yes,No,call,19.0,nov,eve,3.0,3.0,0.0,,no,481.0,106.45741616691988,8.628639521431282,no
136585.0,50.0,blue-collar,married,,no,no,call,12.0,aug,morning,2.0,2.0,0.0,,no,2065.0,119.9681324779483,6.411455217561217,no
124570.0,57.0,services,single,secondary,yes,no,,3.0,jun,Afternoon,5.0,5.0,0.0,,no,,114.41660210453308,3.263219039589486,no
157959.0,30.0,technician,single,secondary,no,no,call,29.0,oct,Night ,1.0,1.0,1.0,failure,no,853.0,106.63673803763656,3.0862998219890283,yes
156298.0,45.0,technician,divorced,,no,no,call,2.0,jul,Morning,1.0,1.0,2.0,failure,no,1823.0,105.7150967612173,3.5464946345239374,no
119849.0,31.0,admin.,single,secondary,,no,,16.0,may,Morning,17.0,17.0,0.0,,no,-48.0,84.11948599759397,2.7878667316993524,no
131800.0,50.0,management,married,tertiary,yes,no,call,22.0,jul,Night,11.0,11.0,0.0,,no,4315.0,101.7440792000726,4.136890298433937,no
127301.0,42.0,blue-collar,married,primary,no,yes,,19.0,jun,Night,1.0,1.0,0.0,,no,692.0,106.73117838346681,5.271048856507583,no
141800.0,33.0,housemaid,married,primary,yes,no,call,19.0,nov,Morning,2.0,2.0,0.0,,no,2293.0,101.73334024599052,6.746319379323237,no
147383.0,38.0,blue-collar,single,secondary,yes,no,call,1.0,apr,Afternoon,2.0,2.0,0.0,,no,2422.0,113.46845363500309,2.7923794167547276,no
136361.0,30.0,technician,single,secondary,yes,no,call,12.0,aug,Night ,2.0,2.0,0.0,,no,,113.18538192828744,6.873170462667149,no
145918.0,41.0,admin.,married,secondary,yes,no,call,4.0,feb,Afternoon,2.0,2.0,0.0,,no,546.0,134.8224147163748,9.633092843330688,no
148992.0,32.0,entrepreneur,married,secondary,yes,no,call,20.0,apr,eve,3.0,3.0,0.0,,no,-242.0,88.77562353177012,5.959906508086004,yes
119307.0,54.0,admin.,married,,yes,no,,15.0,may,eve,2.0,2.0,0.0,,no,3965.0,108.41651427325404,6.51915107446467,no
143803.0,48.0,technician,married,secondary,no,no,call,28.0,jan,morning,1.0,1.0,0.0,,no,220.0,94.11541903520464,4.9411774401758555,no
151920.0,36.0,services,divorced,secondary,yes,yes,call,11.0,may,Afternoon,1.0,1.0,0.0,,no,223.0,79.16101431534427,3.970490579541247,no
138060.0,36.0,management,,tertiary,yes,No,call,21.0,aug,eve,8.0,8.0,0.0,,no,0.0,82.10129652341527,3.13178699557844,no
148144.0,30.0,management,single,tertiary,yes,no,call,16.0,apr,Afternoon,1.0,1.0,3.0,failure,no,726.0,80.0079692636756,5.111324671921977,no
131473.0,29.0,technician,,tertiary,no,no,call,21.0,jul,Afternoon,2.0,2.0,0.0,,no,-14.0,74.90395554815947,3.822465112185819,no
155788.0,27.0,technician,single,tertiary,no,no,call,2.0,jun,eve,1.0,1.0,1.0,success,no,15161.0,97.65079547079053,4.966071313993548,yes
139782.0,37.0,management,married,tertiary,no,no,call,29.0,aug,Morning,2.0,2.0,0.0,,no,-9.0,99.36031646640936,2.801288082411772,no
121029.0,31.0,blue-collar,married,secondary,yes,yes,,21.0,may,Afternoon,3.0,3.0,0.0,,,664.0,114.53386603558725,5.650204228946473,no
153274.0,52.0,blue-collar,married,secondary,yes,no,SMS,13.0,may,morning,2.0,2.0,0.0,,no,5828.0,116.02884377964368,5.59847232977882,no
158441.0,32.0,technician,married,tertiary,no,no,call,23.0,dec,Night,2.0,2.0,2.0,other,no,593.0,115.31999860903855,6.403258040440308,no
129763.0,34.0,blue-collar,single,secondary,yes,no,call,10.0,jul,Evening,1.0,1.0,0.0,,no,0.0,98.93797405972428,2.8789044040845897,no
132348.0,28.0,self-employed,married,tertiary,yes,no,call,23.0,jul,Night,4.0,4.0,0.0,,no,0.0,87.17932295464428,4.393420596201545,no
147588.0,36.0,management,single,tertiary,yes,no,call,7.0,apr,Night ,1.0,1.0,0.0,,no,11767.0,97.80921657324924,6.524688360492243,no
153144.0,38.0,blue-collar,single,secondary,no,no,call,13.0,may,eve,1.0,1.0,0.0,,no,1137.0,110.3636851326822,4.124269808583459,no
131928.0,33.0,blue-collar,married,secondary,yes,yes,call,22.0,jul,eve,1.0,1.0,0.0,,no,1924.0,85.97897077070094,7.756484107409684,no
119209.0,54.0,entrepreneur,married,secondary,yes,no,,15.0,may,morning,1.0,1.0,0.0,,no,653.0,105.94663501984147,3.8690219310761664,no
129843.0,41.0,entrepreneur,divorced,tertiary,no,no,call,10.0,jul,Night,1.0,1.0,0.0,,no,958.0,92.10991531588449,3.197032940809805,no
125081.0,41.0,blue-collar,married,secondary,no,no,,5.0,jun,Afternoon,1.0,1.0,0.0,,no,1459.0,98.06510638313117,7.339582511176117,no
157258.0,37.0,unemployed,married,tertiary,no,no,email,31.0,aug,morning,3.0,3.0,3.0,failure,no,7620.0,96.14244735264433,4.030413873438242,no
158832.0,53.0,retired,married,secondary,no,no,call,8.0,feb,eve,1.0,1.0,1.0,other,no,4968.0,102.20946407579913,4.078481998365547,no
133943.0,52.0,self-employed,married,secondary,yes,no,call,30.0,jul,Night ,11.0,11.0,0.0,,no,1498.0,102.07164847927267,6.533113959099124,no
156446.0,26.0,student,single,tertiary,no,no,call,8.0,jul,Night ,3.0,3.0,2.0,success,no,10086.0,93.30456861138997,6.419840492378485,no
151455.0,27.0,technician,married,secondary,yes,no,call,7.0,may,Afternoon,3.0,3.0,0.0,,no,130.0,110.54471457951401,7.777763447744796,no
138454.0,41.0,technician,married,secondary,no,no,call,22.0,aug,Evening,1.0,1.0,0.0,,no,65.0,99.0164242996898,2.6562033137971515,no
124187.0,30.0,unemployed,single,secondary,yes,no,,2.0,jun,Evening,2.0,2.0,0.0,,no,500.0,96.92316661524136,6.9767707040926155,no
133236.0,40.0,services,married,secondary,yes,no,call,28.0,jul,Morning,3.0,3.0,0.0,,no,473.0,113.66018482629386,6.9869773810575815,yes
136844.0,51.0,housemaid,married,primary,no,no,call,14.0,aug,eve,2.0,2.0,0.0,,no,137.0,94.52032960300555,3.2138804805145442,no
122695.0,27.0,technician,married,,yes,no,,28.0,may,Morning,2.0,2.0,0.0,,no,811.0,111.39713074098984,2.976255927255247,no
141593.0,53.0,unemployed,divorced,secondary,no,no,call,19.0,nov,Morning,1.0,1.0,0.0,,no,587.0,100.93348124204486,4.512629177029462,yes
133869.0,36.0,management,married,tertiary,no,no,call,30.0,jul,Evening,4.0,4.0,0.0,,no,6641.0,109.00521253748389,3.4936061800254237,no
131981.0,48.0,services,single,primary,yes,,call,22.0,jul,Morning,1.0,1.0,0.0,,no,204.0,100.46756716306744,4.938032182229608,no
145002.0,38.0,services,single,secondary,yes,no,call,2.0,feb,eve,2.0,2.0,0.0,,no,4317.0,95.78226548466729,6.970967436749212,no
145396.0,31.0,student,single,,no,no,call,3.0,feb,Afternoon,1.0,1.0,0.0,,no,640.0,94.77164321404875,8.081081865141059,no
133358.0,30.0,management,single,tertiary,no,yes,call,28.0,jul,Morning,7.0,7.0,0.0,,no,199.0,99.1221979400975,3.8321188398802724,no
133066.0,27.0,services,married,secondary,yes,no,call,28.0,jul,eve,8.0,8.0,0.0,,no,0.0,105.2630096320751,2.97869864359716,no
148372.0,32.0,management,,tertiary,yes,no,call,17.0,apr,Night ,1.0,1.0,2.0,failure,no,8436.0,85.83771364048077,5.07691119274708,no
144469.0,27.0,blue-collar,single,secondary,no,yes,call,29.0,jan,eve,2.0,2.0,2.0,success,yes,81.0,103.64287125254714,4.345785046630539,no
131877.0,37.0,blue-collar,single,primary,yes,yes,call,22.0,jul,Night ,1.0,1.0,0.0,,no,0.0,111.94545737788232,2.0834423452682893,no
122304.0,24.0,technician,single,secondary,yes,no,,27.0,may,morning,1.0,1.0,0.0,,no,84.0,95.7104073517557,4.675872725277975,no
147415.0,45.0,housemaid,married,primary,no,no,call,2.0,apr,Evening,1.0,1.0,0.0,,no,403.0,91.19239449097797,3.1107486273610396,no
156357.0,31.0,management,single,tertiary,no,no,call,3.0,jul,Night ,2.0,2.0,0.0,,no,9629.0,115.87757998253606,4.65427579206381,no
160061.0,23.0,student,single,secondary,no,no,call,14.0,jul,Night ,1.0,1.0,0.0,,no,1298.0,83.30391405405712,4.87861018015053,yes
155537.0,25.0,technician,single,secondary,no,No,call,26.0,may,Morning,2.0,2.0,0.0,,no,1847.0,105.84483859451326,5.967230549120449,no
124073.0,26.0,technician,married,secondary,yes,no,,2.0,jun,Night ,3.0,3.0,0.0,,no,351.0,112.33375234500225,4.082011819535215,no
155441.0,43.0,management,married,tertiary,no,no,call,26.0,may,Night,1.0,1.0,0.0,,no,79.0,75.36959623596275,4.68717767005197,yes
158511.0,85.0,retired,married,,no,no,email,12.0,jan,Afternoon,1.0,1.0,0.0,,no,1934.0,107.3988889915188,4.3263007732053484,no
152183.0,38.0,management,married,tertiary,yes,no,call,11.0,may,Afternoon,1.0,1.0,2.0,failure,no,-120.0,117.60543025171955,3.361374950669739,no
149478.0,35.0,services,single,secondary,yes,no,call,20.0,apr,morning,5.0,5.0,2.0,other,no,414.0,96.52490759562806,3.332365399093632,no
153600.0,31.0,blue-collar,single,secondary,yes,no,call,14.0,may,Night,1.0,1.0,1.0,success,no,183.0,101.21536184090665,3.3831464033226464,no
116658.0,44.0,admin.,divorced,secondary,yes,no,,7.0,may,Night,2.0,2.0,0.0,,no,161.0,109.9468519322982,3.6288944976377464,no
121028.0,31.0,technician,married,secondary,yes,yes,,21.0,may,eve,1.0,1.0,0.0,,no,589.0,108.43056096195293,6.377207155528775,no
137559.0,55.0,management,married,tertiary,no,No,call,19.0,aug,Afternoon,9.0,9.0,0.0,,no,-408.0,93.85773157947719,4.573010113817924,no
136335.0,30.0,management,single,tertiary,no,yes,call,12.0,aug,eve,2.0,2.0,0.0,,no,220.0,103.60079729021996,5.3394259414341745,no
155370.0,28.0,management,single,tertiary,no,no,call,,may,eve,2.0,2.0,0.0,,no,957.0,96.42283282121329,3.340415150559439,yes
156203.0,53.0,services,married,,no,no,call,16.0,jun,Night,1.0,1.0,0.0,,no,2009.0,106.07768904236471,6.666130311446705,no
160851.0,36.0,technician,single,secondary,no,no,call,8.0,oct,Evening,2.0,2.0,13.0,failure,no,966.0,77.38766875444172,5.02804218257081,no
141119.0,59.0,retired,married,tertiary,no,no,call,18.0,nov,morning,2.0,2.0,0.0,,no,4589.0,101.56574285233694,1.5646212403948532,no
144063.0,27.0,self-employed,single,secondary,no,no,call,29.0,jan,Evening,1.0,1.0,0.0,,no,50.0,98.80457144013788,5.30659994005879,no
145372.0,29.0,technician,single,tertiary,no,no,call,3.0,feb,Afternoon,1.0,1.0,0.0,,no,323.0,96.67682811613305,2.874770192548329,no
152347.0,41.0,blue-collar,married,secondary,yes,no,call,11.0,may,Morning,4.0,4.0,4.0,failure,no,2067.0,122.11333188340073,4.208598890165376,no
140540.0,45.0,self-employed,married,secondary,no,no,,17.0,nov,Evening,2.0,2.0,0.0,,no,2278.0,108.04504887384738,4.468718064784008,no
159625.0,27.0,student,single,tertiary,no,no,call,17.0,may,morning,1.0,1.0,10.0,other,no,39.0,102.55834123480541,5.912711077717533,yes
141684.0,35.0,management,married,tertiary,no,no,call,19.0,nov,Night ,1.0,1.0,0.0,,no,2583.0,104.3392090370139,3.8210386898861337,no
151863.0,50.0,services,divorced,secondary,no,no,call,8.0,may,Evening,2.0,2.0,0.0,,no,81.0,97.94239553689556,3.7230988155682745,no
136487.0,59.0,retired,married,,no,no,call,12.0,aug,Night ,6.0,6.0,0.0,,no,7586.0,95.50610470203014,3.6119478026229004,no
145042.0,38.0,self-employed,married,secondary,yes,no,call,2.0,feb,eve,1.0,1.0,1.0,failure,no,290.0,124.60104174278119,4.264072833992049,no
119875.0,34.0,management,divorced,tertiary,yes,no,,16.0,may,Morning,2.0,2.0,0.0,,no,488.0,83.02308537306274,6.596348023997001,no
159985.0,52.0,services,married,secondary,no,no,email,7.0,jul,eve,2.0,2.0,2.0,failure,no,657.0,110.65136250792204,4.951627579632632,yes
117755.0,33.0,blue-collar,divorced,primary,yes,no,,9.0,may,Night ,2.0,2.0,0.0,,no,390.0,100.57578289604531,8.173591348322088,yes
155330.0,35.0,admin.,single,secondary,yes,no,call,25.0,may,Evening,2.0,2.0,0.0,,no,1810.0,97.80635576777391,3.046129134322735,no
125538.0,33.0,management,married,tertiary,yes,no,,6.0,jun,Evening,3.0,3.0,0.0,,no,806.0,86.19041466802135,4.7756465392244865,no
120960.0,24.0,blue-collar,single,secondary,yes,no,,21.0,may,Morning,2.0,2.0,0.0,,no,171.0,87.12215992389208,3.95900993209068,no
144031.0,35.0,technician,married,secondary,yes,no,call,29.0,jan,Night ,1.0,1.0,2.0,failure,no,-259.0,101.0217188497788,6.538325231471439,no
136431.0,31.0,management,married,secondary,yes,no,call,12.0,aug,Night,4.0,4.0,0.0,,,1368.0,112.32291007427463,4.899407059570793,no
124653.0,34.0,services,married,secondary,yes,no,,4.0,jun,Night,8.0,8.0,0.0,,no,-211.0,92.679524326742,2.854008877374035,no
123164.0,33.0,services,married,secondary,yes,no,,29.0,,Morning,3.0,3.0,0.0,,no,931.0,98.08172127420823,2.9017478412632856,no
141674.0,59.0,retired,married,secondary,no,no,call,19.0,nov,Evening,1.0,1.0,2.0,failure,no,32948.0,108.29181054362157,3.75335496948082,no
142266.0,45.0,admin.,divorced,secondary,no,,call,20.0,nov,morning,1.0,1.0,0.0,,no,8032.0,90.29722058772106,8.746546183475374,no
146314.0,33.0,blue-collar,married,primary,no,yes,call,5.0,feb,Evening,2.0,2.0,0.0,,no,28.0,125.6480231709697,4.115475615562293,no
141420.0,51.0,unemployed,married,secondary,no,yes,call,19.0,nov,eve,1.0,1.0,0.0,,no,1760.0,87.59946012829505,6.669858214163975,no
149194.0,34.0,blue-collar,married,secondary,yes,no,call,20.0,apr,Night,2.0,2.0,2.0,other,no,965.0,126.94013174179489,,no
118048.0,48.0,services,married,secondary,yes,yes,,12.0,may,morning,6.0,6.0,0.0,,no,194.0,121.56121070738621,7.398420431157903,no
128377.0,26.0,technician,divorced,tertiary,no,yes,,1.0,jul,Morning,2.0,2.0,0.0,,no,-70.0,90.21526997571996,6.627608337290894,no
145710.0,56.0,technician,married,primary,no,no,call,4.0,feb,Evening,1.0,1.0,9.0,failure,no,284.0,100.55771620500632,5.353219220358792,no
134782.0,46.0,,married,,no,no,call,4.0,aug,Night ,1.0,1.0,0.0,,no,0.0,99.52863086839304,6.829418267659976,no
133376.0,31.0,services,single,secondary,no,no,call,28.0,jul,Night ,2.0,2.0,0.0,,no,0.0,103.03560107424902,,no
138891.0,48.0,technician,married,secondary,no,yes,call,26.0,aug,Morning,2.0,2.0,0.0,,no,2688.0,106.93998669932174,4.273526169760051,no
154074.0,35.0,blue-collar,,primary,no,no,call,15.0,may,Morning,1.0,1.0,1.0,failure,no,85.0,96.96907749196683,7.048281341863612,no
149468.0,45.0,services,single,secondary,yes,no,call,20.0,apr,eve,3.0,3.0,0.0,,no,303.0,97.24621584378482,2.500909488989203,no
141823.0,59.0,management,married,primary,yes,no,call,19.0,nov,eve,1.0,1.0,2.0,failure,no,2769.0,94.89081387016901,7.380427534865179,no
159855.0,52.0,management,married,,no,no,SMS,23.0,jun,eve,1.0,1.0,3.0,failure,no,1708.0,99.87666641875418,4.068898965810303,no
122662.0,51.0,technician,single,secondary,yes,yes,,28.0,may,Afternoon,2.0,2.0,0.0,,no,511.0,115.08321907652908,6.186048261885128,no
143164.0,43.0,management,married,tertiary,yes,no,call,21.0,nov,morning,1.0,1.0,0.0,,no,13015.0,84.69726667820498,5.6599833907504,no
147190.0,70.0,retired,married,secondary,no,no,call,10.0,mar,morning,1.0,1.0,0.0,,no,6422.0,106.4677058774231,4.868139289764319,yes
141334.0,30.0,technician,married,secondary,yes,yes,call,18.0,nov,Afternoon,1.0,1.0,1.0,failure,no,-306.0,93.05893577644908,6.291624373237542,no
116666.0,55.0,technician,single,tertiary,yes,No,,7.0,may,Afternoon,3.0,3.0,0.0,,no,92.0,109.43564579938138,5.802181920981194,no
118435.0,43.0,technician,married,secondary,yes,no,,13.0,may,Night ,2.0,2.0,0.0,,no,1916.0,110.28723486286532,5.364826049721593,no
148611.0,42.0,services,married,secondary,yes,yes,call,17.0,,Evening,1.0,1.0,2.0,failure,no,115.0,107.40317989165322,5.018546956849677,no
152085.0,49.0,blue-collar,married,,yes,no,call,11.0,may,eve,2.0,2.0,1.0,failure,no,100.0,114.84994674389168,4.507007838120025,no
120037.0,25.0,blue-collar,married,secondary,yes,no,,19.0,may,Morning,1.0,1.0,0.0,,no,77.0,108.54634688721785,1.1516565227606574,no
151311.0,51.0,services,married,tertiary,yes,no,call,7.0,may,morning,3.0,3.0,2.0,failure,no,218.0,124.19835864927403,7.145656952537302,no
143502.0,43.0,management,married,tertiary,yes,yes,call,21.0,nov,Morning,2.0,2.0,0.0,,no,15423.0,104.30459807199212,4.850672700136263,no
132703.0,28.0,services,single,secondary,yes,no,call,24.0,jul,Evening,2.0,2.0,0.0,,no,340.0,101.25076803094962,0.8037526192680122,yes
158421.0,50.0,services,married,secondary,no,no,SMS,21.0,dec,Afternoon,3.0,3.0,4.0,success,no,320.0,117.6556001518797,6.551176250272066,yes
136371.0,37.0,technician,single,secondary,yes,No,call,12.0,aug,morning,2.0,2.0,0.0,,no,353.0,102.68145522303772,7.711575839897939,no
139748.0,31.0,services,single,secondary,no,No,call,29.0,aug,morning,2.0,2.0,0.0,,no,2070.0,92.61006281037069,4.970046953478129,no
145510.0,28.0,student,single,tertiary,no,no,call,3.0,feb,eve,1.0,1.0,0.0,,no,3026.0,107.69609316280446,4.797895296013528,no
122311.0,31.0,blue-collar,married,secondary,yes,yes,,27.0,may,Night ,2.0,2.0,0.0,,no,-325.0,101.05610445606276,6.261910520660848,no
151006.0,35.0,blue-collar,married,primary,yes,no,SMS,6.0,may,eve,2.0,2.0,0.0,,no,2953.0,89.11374436641749,5.164763026091197,no
152357.0,41.0,blue-collar,married,secondary,yes,no,call,11.0,may,Night,3.0,3.0,0.0,,no,1236.0,100.97064493190197,5.986636273636089,yes
123038.0,36.0,entrepreneur,married,tertiary,,No,,29.0,may,Night ,1.0,1.0,0.0,,no,1423.0,100.58384460794714,5.496331664035877,no
159813.0,31.0,management,single,tertiary,no,no,call,14.0,jun,Afternoon,3.0,3.0,3.0,other,no,4533.0,,3.9395571570500856,no
118368.0,45.0,technician,,secondary,yes,no,,13.0,may,morning,1.0,1.0,0.0,,no,639.0,117.65751014380197,3.847897887595722,no
158592.0,37.0,management,married,tertiary,no,no,call,18.0,jan,Evening,2.0,2.0,3.0,failure,no,539.0,113.48210375355065,6.163516178922204,no
143127.0,34.0,technician,married,secondary,yes,,call,21.0,nov,Night ,2.0,2.0,5.0,failure,no,5553.0,102.30403463772903,6.9719045080004785,no
151608.0,48.0,management,divorced,tertiary,yes,No,call,8.0,may,Night,5.0,5.0,5.0,failure,no,84.0,94.773136685637,5.1082077430289825,no
151945.0,38.0,services,married,secondary,yes,no,call,11.0,may,Afternoon,1.0,1.0,2.0,failure,no,741.0,76.26393905095493,3.8673683501440888,no
158549.0,62.0,blue-collar,married,secondary,no,no,call,14.0,jan,Morning,1.0,1.0,4.0,other,no,180.0,99.99500478694067,5.1270561835605335,yes
152102.0,43.0,services,single,tertiary,no,no,call,11.0,may,Night ,1.0,1.0,0.0,,no,553.0,97.16432916433203,4.192231526225612,no
150651.0,23.0,admin.,single,secondary,yes,no,call,6.0,may,Night ,1.0,1.0,0.0,,no,589.0,103.69758603564163,6.762877060955715,no
158407.0,66.0,housemaid,married,primary,no,No,call,17.0,dec,morning,3.0,3.0,0.0,,no,1230.0,95.11391982534838,6.315177716960626,yes
146195.0,33.0,unemployed,single,secondary,no,no,call,5.0,feb,Morning,1.0,1.0,0.0,,no,682.0,99.25885517902616,2.599180313537411,no
142264.0,34.0,entrepreneur,married,tertiary,yes,no,call,20.0,nov,eve,2.0,2.0,0.0,,no,7962.0,99.1240506373047,3.6068926284703275,no
158359.0,,services,married,secondary,no,no,call,9.0,dec,Evening,3.0,3.0,0.0,,no,4721.0,104.34758214630267,4.140004353303317,yes
121448.0,42.0,blue-collar,married,secondary,yes,no,,23.0,may,Afternoon,2.0,2.0,0.0,,no,165.0,86.96888421423535,,no
149213.0,41.0,blue-collar,,primary,yes,no,call,20.0,apr,eve,1.0,1.0,1.0,failure,no,241.0,91.3014112371933,4.706857646582489,no
142460.0,51.0,technician,married,secondary,no,no,call,20.0,nov,Morning,2.0,2.0,4.0,failure,no,-153.0,119.68943799983967,2.7858073954525127,no
143010.0,43.0,management,married,tertiary,yes,no,call,21.0,nov,morning,1.0,1.0,0.0,,no,2100.0,89.16048125913338,3.7743515583854172,no
152173.0,50.0,admin.,divorced,secondary,yes,no,call,11.0,may,morning,2.0,2.0,0.0,,no,-458.0,96.31197857791061,3.08204846610471,no
129961.0,51.0,technician,married,secondary,yes,no,call,11.0,jul,eve,2.0,2.0,0.0,,no,58.0,73.5453160860495,6.676897832481194,no
119817.0,32.0,housemaid,divorced,secondary,yes,yes,,16.0,may,Morning,15.0,15.0,0.0,,no,715.0,102.42513219421467,7.246714602205102,no
139601.0,39.0,management,divorced,tertiary,no,no,call,28.0,aug,Night ,2.0,2.0,0.0,,no,295.0,97.15708308646431,3.7785852232197006,no
126423.0,44.0,self-employed,married,secondary,no,No,,16.0,jun,Night ,2.0,2.0,0.0,,no,6553.0,101.8287238688011,5.145063597977249,no
155549.0,44.0,technician,single,tertiary,no,no,call,27.0,may,morning,1.0,1.0,0.0,,no,2033.0,99.51503970770264,6.54805841894834,no
156470.0,61.0,,single,primary,no,no,SMS,21.0,jul,morning,6.0,6.0,0.0,,no,50.0,113.53345822197342,6.512540773931529,no
145189.0,67.0,retired,married,tertiary,no,no,call,2.0,feb,Evening,1.0,1.0,0.0,,no,2841.0,129.37156284318382,4.377337848387771,no
150682.0,36.0,management,single,secondary,yes,no,call,6.0,may,Morning,1.0,1.0,0.0,,no,532.0,102.51399449986913,5.159252620926529,no
152971.0,33.0,blue-collar,married,secondary,yes,no,call,13.0,may,Morning,1.0,1.0,2.0,success,no,1905.0,95.11979187879189,5.316044922779205,no
139786.0,55.0,admin.,married,secondary,no,no,call,29.0,aug,Night ,2.0,2.0,0.0,,no,0.0,88.26634404934606,,no
122020.0,58.0,admin.,married,secondary,yes,no,,27.0,may,Night ,1.0,1.0,0.0,,no,92.0,90.33382758696085,4.674769370323391,no
152654.0,31.0,blue-collar,married,secondary,yes,no,call,12.0,may,Night ,2.0,2.0,0.0,,no,439.0,102.38615506099087,6.8585292526446775,no
154651.0,29.0,blue-collar,married,secondary,yes,no,call,18.0,may,morning,2.0,2.0,4.0,failure,no,-493.0,80.08473186984354,4.575018618166698,yes
159379.0,22.0,services,single,secondary,no,no,call,15.0,apr,Night ,2.0,2.0,1.0,success,no,129.0,99.92091402895944,6.080886938214057,yes
146950.0,46.0,admin.,divorced,secondary,no,no,call,13.0,feb,Morning,1.0,1.0,0.0,,no,2232.0,108.6279770146967,4.782707431368961,yes
137231.0,55.0,management,single,tertiary,no,no,SMS,18.0,aug,Morning,2.0,2.0,0.0,,,1097.0,94.56532447609605,5.357372501360374,no
116743.0,29.0,technician,single,tertiary,yes,no,,7.0,may,Morning,1.0,1.0,0.0,,no,3.0,,6.485179612729194,no
148208.0,41.0,blue-collar,married,primary,yes,yes,call,16.0,apr,Evening,1.0,1.0,0.0,,no,795.0,110.32363296892281,3.686658635591428,no
157873.0,82.0,housemaid,divorced,primary,no,no,call,27.0,oct,Night,1.0,1.0,0.0,,no,1381.0,91.53504736287925,3.8444946214953113,no
120760.0,36.0,admin.,single,secondary,yes,,,21.0,may,Night,1.0,1.0,0.0,,no,98.0,101.69572142722296,6.337251961147426,no
118511.0,44.0,services,married,secondary,no,no,,13.0,may,eve,1.0,1.0,0.0,,no,29312.0,84.27921046651329,7.554340237019879,no
156115.0,37.0,services,married,secondary,yes,no,call,12.0,jun,Evening,4.0,4.0,6.0,failure,no,3.0,104.00621816590106,5.280194951107319,no
133081.0,46.0,services,married,secondary,no,yes,call,28.0,jul,Afternoon,3.0,3.0,0.0,,no,53.0,107.17935325413075,5.970171092196298,no
138747.0,39.0,management,divorced,tertiary,yes,no,call,25.0,aug,Afternoon,5.0,5.0,0.0,,no,355.0,80.70137263791517,6.451928352557711,no
147670.0,35.0,technician,single,tertiary,yes,no,call,8.0,apr,Afternoon,1.0,1.0,3.0,failure,no,458.0,92.60179544816363,4.011637894383707,no
151676.0,46.0,management,married,secondary,no,no,call,8.0,may,Evening,3.0,3.0,3.0,other,no,1098.0,101.70981334307085,3.8702671160544453,no
122296.0,29.0,technician,single,secondary,yes,yes,,27.0,may,morning,1.0,1.0,0.0,,no,316.0,97.88587118573122,6.382872952171878,no
150226.0,32.0,management,single,tertiary,no,no,call,4.0,may,Evening,2.0,2.0,0.0,,no,0.0,117.30802564548361,4.674996260718657,no
118919.0,36.0,admin.,married,secondary,yes,,,14.0,may,eve,2.0,2.0,0.0,,no,998.0,101.76941911706488,4.675326598346929,no
130708.0,,management,single,tertiary,no,no,call,16.0,jul,Afternoon,2.0,2.0,0.0,,no,38279.0,98.88858128983274,3.2825471808358837,no
143613.0,39.0,technician,married,secondary,no,no,SMS,8.0,dec,Afternoon,1.0,1.0,0.0,,no,616.0,93.75192042566624,1.835850818991827,no
132621.0,50.0,management,divorced,tertiary,yes,no,call,24.0,jul,Afternoon,1.0,1.0,0.0,,no,201.0,96.45382093512822,1.9298563158962834,no
158360.0,49.0,management,married,tertiary,no,no,call,10.0,dec,Morning,5.0,5.0,0.0,,no,395.0,99.14217528124975,4.25535713786155,yes
132528.0,55.0,retired,divorced,secondary,no,yes,call,24.0,jul,Morning,1.0,1.0,0.0,,no,-268.0,103.54876972993272,5.112288993563806,yes
127221.0,59.0,retired,married,primary,no,No,,18.0,jun,eve,2.0,2.0,0.0,,no,1427.0,91.87450369002971,5.15031222544643,no
117892.0,,management,married,primary,yes,no,,9.0,may,Afternoon,4.0,4.0,0.0,,no,226.0,100.5389165213701,6.692777070890509,no
149123.0,31.0,management,single,tertiary,yes,no,call,20.0,apr,Night ,1.0,1.0,2.0,failure,no,635.0,90.32475779611593,5.211297743913701,no
143960.0,54.0,housemaid,married,secondary,no,no,email,28.0,jan,Night,2.0,2.0,0.0,,no,922.0,110.31991435295318,3.542367872690222,no
140003.0,34.0,housemaid,married,secondary,yes,No,,30.0,oct,Morning,1.0,1.0,0.0,,no,0.0,104.93897611673589,5.733304625464062,yes
134598.0,45.0,technician,single,,yes,,email,31.0,jul,Morning,2.0,2.0,0.0,,no,1077.0,99.17320133106574,5.294393917502274,no
158498.0,29.0,services,single,secondary,no,no,call,11.0,jan,Evening,1.0,1.0,4.0,failure,no,102.0,93.82007101834226,5.939284249805726,no
146534.0,59.0,retired,married,primary,no,yes,call,6.0,feb,eve,1.0,1.0,0.0,,no,3000.0,109.14133690162086,2.829539909163723,no
156758.0,24.0,student,single,primary,no,no,call,12.0,aug,Afternoon,1.0,1.0,1.0,success,no,474.0,103.69149273652506,4.2319985192162095,no
141470.0,37.0,self-employed,married,tertiary,yes,no,call,19.0,nov,Night ,1.0,1.0,1.0,other,no,804.0,104.3361531151358,3.3746820767324355,no
148367.0,44.0,self-employed,single,secondary,yes,no,SMS,17.0,apr,Morning,3.0,3.0,0.0,,no,125.0,93.22332399140856,5.440596629801654,no
123834.0,26.0,housemaid,single,secondary,yes,no,,30.0,may,morning,16.0,16.0,0.0,,no,229.0,104.807893195173,4.230187728855402,no
116237.0,53.0,services,married,,no,no,,5.0,may,morning,2.0,2.0,0.0,,no,18.0,109.6520077944744,3.8394789356252037,no
161042.0,65.0,management,married,,no,no,call,8.0,nov,eve,3.0,3.0,13.0,success,no,2352.0,93.6362162044792,3.3342577937809317,no
131943.0,26.0,technician,single,secondary,yes,yes,call,22.0,jul,eve,1.0,1.0,0.0,,no,1842.0,103.88301132685004,5.334671161893249,no
117663.0,31.0,services,divorced,secondary,yes,no,,9.0,may,Morning,3.0,3.0,0.0,,no,1656.0,123.75622530709131,6.040941837107582,no
117267.0,34.0,technician,single,tertiary,yes,no,,8.0,may,Evening,1.0,1.0,0.0,,no,301.0,110.42140938993074,5.328690656942205,no
128580.0,38.0,blue-collar,married,secondary,yes,yes,call,7.0,jul,eve,5.0,5.0,0.0,,no,222.0,106.79883739371385,3.5284066597113704,no
123240.0,30.0,admin.,married,secondary,yes,no,,29.0,may,morning,3.0,3.0,0.0,,no,873.0,98.29239624428456,1.3146242590233115,yes
146481.0,38.0,admin.,single,secondary,yes,no,call,6.0,feb,eve,2.0,2.0,0.0,,no,648.0,101.90802995448372,3.6378157430660165,no
160372.0,79.0,retired,divorced,secondary,no,no,SMS,9.0,aug,Night ,5.0,5.0,3.0,failure,no,631.0,85.28201639846644,4.425917202450627,no
136779.0,30.0,entrepreneur,married,tertiary,no,No,call,13.0,aug,Night ,6.0,6.0,0.0,,no,366.0,109.69047666060813,1.7240094306566887,no
158765.0,62.0,retired,married,secondary,no,no,call,4.0,feb,Night ,5.0,5.0,1.0,success,no,569.0,89.45673313883293,4.031417570999278,yes
135605.0,54.0,services,married,primary,no,no,call,7.0,aug,Morning,3.0,3.0,0.0,,no,,108.43339550571169,6.172702824912725,no
131080.0,35.0,technician,married,secondary,yes,No,call,17.0,jul,eve,6.0,6.0,0.0,,no,-67.0,111.73705509064544,8.23054407887535,no
159659.0,51.0,management,married,tertiary,no,no,call,21.0,may,Afternoon,3.0,3.0,5.0,failure,no,2635.0,99.3947176065556,7.347947578201639,yes
157455.0,37.0,management,married,tertiary,no,no,call,14.0,sep,Evening,1.0,1.0,0.0,,no,0.0,103.12943043258379,5.3146664005179,no
126590.0,42.0,blue-collar,married,primary,yes,no,,16.0,jun,Evening,21.0,21.0,0.0,,no,1752.0,87.53093304912964,7.999115514381664,no
154572.0,38.0,management,married,secondary,no,no,call,15.0,may,Evening,3.0,3.0,2.0,failure,no,341.0,109.31212407069603,4.256236318245855,no
128236.0,45.0,blue-collar,married,primary,no,no,,26.0,jun,Evening,2.0,2.0,0.0,,no,71.0,96.54533418653965,3.8361337522301295,no
148881.0,36.0,admin.,married,tertiary,yes,no,call,17.0,apr,Night ,2.0,2.0,0.0,,no,157.0,106.14919533379074,6.288345693452832,no
146040.0,48.0,management,married,tertiary,no,no,email,4.0,feb,morning,6.0,6.0,0.0,,no,4803.0,84.57143455988896,6.160492789830332,no
148415.0,55.0,admin.,married,secondary,yes,no,call,17.0,apr,Night ,1.0,1.0,1.0,failure,no,865.0,106.83454514270541,4.865370092522873,no
134536.0,49.0,unemployed,married,primary,,no,email,31.0,jul,morning,8.0,8.0,0.0,,yes,11.0,100.62674486976547,1.4600539245913158,no
119035.0,34.0,management,married,tertiary,no,no,,14.0,may,eve,6.0,6.0,0.0,,no,82.0,101.65135051860865,4.303288533649363,no
133659.0,29.0,technician,single,tertiary,yes,yes,call,29.0,jul,eve,9.0,9.0,0.0,,no,262.0,94.8166967287653,5.424192623003147,no
146679.0,32.0,blue-collar,married,secondary,no,No,call,6.0,feb,Night ,8.0,8.0,0.0,,no,1879.0,99.96202067458431,3.6272300764685457,yes
157813.0,33.0,management,single,tertiary,no,no,call,21.0,oct,Evening,2.0,2.0,1.0,success,no,6807.0,96.61157043750657,6.329060217924693,yes
117643.0,31.0,unemployed,married,primary,yes,no,,9.0,may,eve,2.0,2.0,0.0,,no,213.0,81.09380672499833,6.117761834074027,no
129305.0,50.0,management,married,,no,no,call,9.0,jul,Morning,2.0,2.0,0.0,,no,0.0,106.42299075313835,3.759815835815345,no
126304.0,56.0,retired,married,primary,no,yes,,12.0,jun,Night,2.0,2.0,0.0,,no,133.0,115.34318102783166,6.985975490649901,no
131441.0,27.0,blue-collar,married,primary,no,yes,call,21.0,jul,Evening,4.0,4.0,0.0,,no,-443.0,106.1185638498099,7.356732465617019,no
117950.0,30.0,blue-collar,married,primary,no,no,,12.0,may,morning,2.0,2.0,0.0,,no,2581.0,96.28499844747203,8.982854112428406,no
120032.0,48.0,blue-collar,married,primary,yes,no,,19.0,may,Morning,3.0,3.0,0.0,,no,281.0,91.17033987617681,4.385569508315592,no
121195.0,30.0,blue-collar,married,primary,yes,no,,23.0,may,Night,1.0,1.0,0.0,,no,595.0,92.01855847317941,5.565733441632583,no
160895.0,62.0,self-employed,divorced,tertiary,yes,no,call,13.0,oct,Morning,1.0,1.0,4.0,success,no,6.0,104.32180083637937,4.014290905589164,yes
129089.0,29.0,blue-collar,married,secondary,no,yes,call,8.0,jul,Night ,2.0,2.0,0.0,,no,-478.0,107.76930412105276,8.800011641012002,no
121590.0,54.0,blue-collar,married,,yes,no,,26.0,may,Afternoon,1.0,1.0,0.0,,no,-361.0,100.94430003307743,2.718342067364746,no
153714.0,42.0,housemaid,single,primary,yes,no,call,14.0,may,Evening,1.0,1.0,4.0,failure,no,1179.0,113.03728177675427,6.161284799351913,no
131540.0,33.0,entrepreneur,married,secondary,yes,no,call,21.0,jul,Evening,6.0,6.0,0.0,,no,1034.0,94.03222317339629,5.07016799333117,no
122577.0,31.0,blue-collar,married,secondary,yes,no,,28.0,may,Morning,3.0,3.0,0.0,,no,298.0,91.6176249561662,5.1138216258703855,no
143037.0,49.0,technician,married,secondary,yes,yes,call,21.0,nov,Night ,1.0,1.0,0.0,,no,175.0,96.30132081549988,5.610477697695373,no
139057.0,32.0,technician,married,secondary,no,No,call,26.0,aug,Morning,14.0,14.0,0.0,,no,485.0,114.23131545417002,4.950712532787302,no
145434.0,28.0,unemployed,single,secondary,no,no,call,3.0,feb,eve,1.0,1.0,0.0,,no,3463.0,108.01319802272582,6.158849982646361,no
155260.0,58.0,management,divorced,tertiary,no,no,call,22.0,may,morning,1.0,1.0,0.0,,no,4256.0,90.75638721492129,5.671713468734764,no
147180.0,29.0,technician,married,tertiary,no,no,call,9.0,mar,Evening,2.0,2.0,4.0,failure,no,676.0,100.77209080827049,4.335341729966036,no
122601.0,38.0,technician,divorced,secondary,yes,no,,28.0,may,morning,1.0,1.0,0.0,,no,-478.0,99.1636714325691,5.039695751772135,no
134650.0,39.0,housemaid,married,secondary,yes,no,call,31.0,jul,Night,13.0,13.0,0.0,,no,315.0,100.41266827924386,4.743814317227157,no
160706.0,61.0,housemaid,married,primary,no,no,call,16.0,sep,eve,3.0,3.0,7.0,other,no,2580.0,78.00141403371516,7.0141796023406116,yes
144094.0,37.0,services,single,secondary,yes,no,call,29.0,jan,Night ,1.0,1.0,0.0,,no,594.0,89.32719182489096,6.216686061379403,no
159700.0,47.0,services,divorced,,no,no,call,27.0,may,Afternoon,1.0,1.0,1.0,failure,no,973.0,83.99390471463312,2.3433680781572614,yes
126096.0,41.0,management,married,tertiary,no,yes,,11.0,jun,Night ,2.0,2.0,0.0,,no,6204.0,110.3550560276604,4.170176131915436,no
127391.0,36.0,services,married,secondary,yes,yes,,19.0,jun,morning,1.0,1.0,0.0,,no,3972.0,94.85477095858933,4.461081702993057,no
122153.0,30.0,technician,single,secondary,yes,no,,27.0,may,morning,1.0,1.0,0.0,,no,1534.0,105.77143034601482,4.0342088429154,no
147400.0,33.0,management,single,tertiary,yes,No,call,2.0,apr,Evening,3.0,3.0,0.0,,no,3161.0,93.998458438801,2.002683968901639,yes
147028.0,28.0,student,single,secondary,no,no,call,18.0,feb,Night ,20.0,20.0,0.0,,no,0.0,102.80333271035542,6.268242732413925,yes
137134.0,31.0,management,single,tertiary,no,no,call,18.0,aug,Night ,7.0,7.0,0.0,,no,63.0,114.08395115568692,2.8601538658541106,no
,41.0,blue-collar,married,secondary,yes,yes,call,10.0,jul,Afternoon,1.0,1.0,0.0,,no,,,1.3409338152458528,no
116328.0,45.0,blue-collar,married,secondary,no,no,,6.0,may,Night,1.0,1.0,0.0,,no,39.0,89.66001350381296,2.712212897939049,no
135606.0,42.0,technician,married,secondary,yes,yes,call,7.0,aug,Evening,3.0,3.0,0.0,,no,219.0,103.39277056370616,2.7506962278193465,no
160753.0,55.0,management,divorced,tertiary,yes,no,call,23.0,sep,Evening,1.0,1.0,4.0,failure,no,26306.0,93.92974260677767,6.040483937952477,no
128096.0,35.0,blue-collar,married,secondary,yes,no,,20.0,jun,Evening,18.0,18.0,0.0,,no,344.0,86.49848855579292,7.1385052074599376,no
145218.0,29.0,management,married,secondary,yes,no,call,2.0,feb,eve,3.0,3.0,0.0,,no,-420.0,93.2026864605539,4.827113969307604,no
137956.0,46.0,management,married,tertiary,no,no,call,20.0,aug,Evening,3.0,3.0,0.0,,no,0.0,96.24745952137255,6.989633684264867,no
149149.0,66.0,retired,married,primary,no,no,SMS,20.0,apr,Evening,5.0,5.0,0.0,,no,711.0,96.63631074724891,4.915803678334842,no
144853.0,50.0,admin.,married,secondary,no,no,call,2.0,feb,Evening,1.0,1.0,0.0,,no,-185.0,100.96376414964404,4.047710612471976,no
124273.0,42.0,management,married,tertiary,yes,yes,,3.0,jun,Morning,2.0,2.0,0.0,,no,255.0,105.04362749607024,6.195974754314676,no
143719.0,50.0,blue-collar,married,secondary,yes,no,call,28.0,jan,Afternoon,1.0,1.0,0.0,,no,378.0,93.64112446973328,4.566561372953789,no
140043.0,33.0,unemployed,divorced,secondary,yes,no,email,10.0,nov,Night ,1.0,1.0,2.0,failure,no,1005.0,94.74285689207329,5.422960468628374,no
160305.0,33.0,technician,married,secondary,no,no,call,4.0,aug,morning,1.0,1.0,5.0,failure,no,1026.0,78.11134760189293,2.9878290246294914,no
159867.0,37.0,self-employed,single,tertiary,no,no,call,24.0,jun,Morning,1.0,1.0,0.0,,no,1188.0,93.26459884320577,4.386057481688241,yes
120237.0,48.0,services,divorced,secondary,yes,no,,19.0,may,Night,4.0,4.0,0.0,,no,858.0,118.03074325835044,6.04456219557478,no
127331.0,38.0,management,married,,no,no,,19.0,jun,Morning,1.0,1.0,0.0,,no,3053.0,96.66493315220212,4.335382815831325,no
138165.0,55.0,blue-collar,married,secondary,no,no,call,21.0,aug,Evening,3.0,3.0,0.0,,no,644.0,87.72095758695858,5.5184130307505574,no
131979.0,43.0,services,married,secondary,no,no,call,22.0,jul,Morning,1.0,1.0,0.0,,no,87.0,93.00725840740225,4.545995299098763,no
159781.0,,management,married,tertiary,no,no,call,9.0,jun,Evening,1.0,1.0,9.0,success,no,158.0,105.3015083784228,5.952123207962958,yes
140719.0,49.0,management,married,tertiary,no,No,call,18.0,nov,Evening,1.0,1.0,0.0,,no,470.0,114.92419556091089,2.5688066539515297,no
144726.0,36.0,blue-collar,married,secondary,yes,no,call,30.0,jan,Morning,2.0,2.0,0.0,,no,-477.0,92.07493688650958,3.1024313658015954,no
134348.0,44.0,management,married,tertiary,no,no,email,31.0,jul,Morning,2.0,2.0,0.0,,no,4460.0,95.77062449388163,4.282954559575224,no
133916.0,44.0,services,married,secondary,yes,no,call,30.0,jul,Night,5.0,5.0,0.0,,no,1335.0,98.79037140192628,6.474543411482502,no
122614.0,61.0,retired,divorced,secondary,yes,No,,28.0,may,Night,4.0,4.0,0.0,,no,1857.0,104.49658996085938,4.2923972709289835,no
140707.0,45.0,technician,married,secondary,yes,no,call,18.0,nov,Night ,1.0,1.0,0.0,,no,3944.0,109.62565678007279,7.043299244673823,no
122648.0,28.0,blue-collar,single,secondary,yes,no,,28.0,may,morning,1.0,1.0,0.0,,no,6307.0,90.70145692003727,4.2154801027684705,no
143575.0,50.0,self-employed,married,tertiary,no,no,call,21.0,nov,Afternoon,2.0,2.0,0.0,,no,0.0,99.05524564249566,6.050715223860284,no
159366.0,,retired,married,secondary,no,no,call,14.0,,morning,1.0,1.0,1.0,failure,no,1310.0,92.49398972145741,5.540259347763037,no
127348.0,37.0,blue-collar,married,primary,yes,no,,19.0,jun,Morning,2.0,2.0,0.0,,no,253.0,116.75314617085637,3.1448777510626584,no
159992.0,70.0,retired,divorced,secondary,no,no,call,8.0,jul,Night ,11.0,11.0,5.0,failure,no,4572.0,103.26988087375324,5.907194245831952,no
145663.0,36.0,blue-collar,married,tertiary,yes,no,call,4.0,feb,Afternoon,1.0,1.0,0.0,,no,-534.0,87.29668298181912,3.99483372552248,no
149990.0,49.0,entrepreneur,single,secondary,no,no,call,30.0,apr,Evening,2.0,2.0,0.0,,no,5802.0,109.50503176138689,3.6065605897338138,yes
130923.0,35.0,admin.,married,secondary,no,no,call,17.0,jul,Night,5.0,5.0,0.0,,no,0.0,98.78564052305492,6.0445519215910295,no
123551.0,38.0,admin.,divorced,secondary,yes,no,,30.0,,eve,2.0,2.0,0.0,,no,19.0,96.52712969073885,6.051749141734432,yes
129357.0,36.0,technician,married,tertiary,yes,no,call,9.0,jul,morning,1.0,1.0,0.0,,no,3043.0,111.08791870434904,6.523485500697146,no
143079.0,41.0,blue-collar,married,primary,yes,no,call,21.0,nov,eve,1.0,1.0,0.0,,no,241.0,107.18788252424785,4.442352262222905,no
155596.0,56.0,admin.,single,secondary,no,no,email,27.0,may,Night ,1.0,1.0,0.0,,no,4118.0,83.08925546493911,5.562612978640328,yes
120491.0,30.0,management,single,tertiary,no,no,,20.0,may,Morning,11.0,11.0,0.0,,no,18.0,98.30284230503027,4.883813518130592,no
153927.0,41.0,admin.,single,secondary,yes,no,call,14.0,may,Night,3.0,3.0,11.0,other,no,3895.0,111.63536512155316,2.8426096797724325,no
148923.0,42.0,blue-collar,married,primary,yes,No,call,17.0,apr,Morning,3.0,3.0,0.0,,no,2003.0,108.77939775866037,5.44000742119823,no
145740.0,33.0,blue-collar,married,secondary,yes,no,call,4.0,feb,Afternoon,1.0,1.0,1.0,other,no,19.0,96.0728165963855,3.1540093568943828,no
146859.0,27.0,unemployed,single,secondary,no,no,call,9.0,feb,Afternoon,5.0,5.0,0.0,,no,1301.0,96.94696298828521,5.642454200575956,no
146454.0,26.0,technician,single,secondary,no,no,call,5.0,feb,Evening,2.0,2.0,0.0,,no,430.0,107.67650348455905,6.216310409801649,no
129829.0,28.0,technician,married,tertiary,no,yes,call,10.0,jul,Night,3.0,3.0,0.0,,no,1198.0,102.05479005665863,,no
141867.0,41.0,services,married,primary,,no,call,19.0,nov,morning,2.0,2.0,0.0,,no,4903.0,100.70219659597339,2.8184967047127016,no
127205.0,48.0,housemaid,divorced,primary,no,no,,18.0,,eve,4.0,4.0,0.0,,no,2582.0,89.23555407469922,6.262399750967519,no
117886.0,27.0,technician,single,secondary,yes,no,,9.0,may,morning,2.0,2.0,0.0,,no,769.0,90.70083175672838,5.888314853681647,no
155286.0,36.0,blue-collar,single,secondary,yes,no,call,22.0,may,morning,1.0,1.0,0.0,,no,507.0,94.46258420083238,3.02447764297238,no
119324.0,58.0,management,divorced,tertiary,no,no,,15.0,may,Evening,1.0,1.0,0.0,,no,347.0,96.46618323221196,6.095666872863478,no
156080.0,50.0,management,married,secondary,no,no,email,5.0,jun,eve,1.0,1.0,0.0,,no,309.0,98.40722830660602,5.549313872777708,no
149363.0,36.0,entrepreneur,married,tertiary,yes,yes,call,20.0,apr,Evening,3.0,3.0,0.0,,no,99.0,121.59130676002128,6.239949063824913,no
122768.0,29.0,technician,single,secondary,yes,no,,28.0,may,eve,2.0,2.0,0.0,,no,22008.0,110.44549241422794,3.82565397800753,no
158064.0,33.0,student,married,secondary,no,no,call,9.0,nov,Night ,1.0,1.0,2.0,success,no,1536.0,114.573094117711,6.067789448036482,yes
138052.0,34.0,management,single,tertiary,no,no,call,21.0,aug,Afternoon,2.0,2.0,0.0,,no,0.0,93.88692802753222,4.712244123205461,no
116947.0,46.0,blue-collar,married,primary,yes,No,,7.0,may,Morning,6.0,6.0,0.0,,no,323.0,92.92312826044984,7.5447854701748245,no
145015.0,26.0,management,single,tertiary,no,no,call,,feb,Evening,1.0,1.0,0.0,,no,761.0,88.436732096039,4.414826801506725,no
137661.0,49.0,management,single,tertiary,no,no,call,19.0,aug,Night ,3.0,3.0,0.0,,no,370.0,83.05238672744628,6.902564345474283,no
132602.0,39.0,blue-collar,married,,no,no,call,24.0,jul,morning,3.0,3.0,0.0,,no,0.0,90.87052169967522,4.313980658234026,no
129820.0,35.0,blue-collar,married,secondary,yes,no,SMS,10.0,jul,Night,1.0,1.0,0.0,,no,609.0,109.84207008955818,3.921100120172449,no
121096.0,46.0,blue-collar,married,primary,yes,no,,21.0,may,Night,8.0,8.0,0.0,,no,328.0,98.67469823835916,4.701751350027142,no
133817.0,54.0,entrepreneur,married,tertiary,no,no,call,30.0,jul,Afternoon,5.0,5.0,0.0,,no,0.0,113.24779788223937,6.129094747371045,no
129441.0,42.0,blue-collar,married,secondary,yes,no,email,9.0,jul,Afternoon,1.0,1.0,0.0,,no,704.0,99.28279445172058,6.577726929886392,no
161037.0,28.0,services,single,tertiary,no,no,call,8.0,nov,Morning,1.0,1.0,0.0,,no,441.0,120.09181567012996,1.8051656634614424,no
127694.0,44.0,management,married,tertiary,no,no,,20.0,jun,Night ,1.0,1.0,0.0,,no,2400.0,100.45438255468625,4.851246440871711,no
118540.0,60.0,retired,married,secondary,no,yes,,13.0,may,Night ,2.0,2.0,0.0,,no,1390.0,104.59353855781382,6.349292420821206,no
137578.0,60.0,retired,married,primary,no,no,call,19.0,aug,Evening,2.0,2.0,0.0,,no,420.0,119.5763331807479,5.048500427660646,no
124567.0,28.0,blue-collar,married,secondary,yes,no,,3.0,,Evening,9.0,9.0,0.0,,no,228.0,106.00679504092145,2.8753797299386026,no
129636.0,49.0,blue-collar,married,secondary,no,no,call,10.0,jul,Evening,1.0,1.0,0.0,,no,360.0,109.95407948121681,5.138346645447301,no
134766.0,45.0,blue-collar,married,primary,no,no,call,4.0,aug,Morning,2.0,2.0,0.0,,no,15515.0,100.21089680441197,5.362862552574643,no
126694.0,47.0,unemployed,married,secondary,yes,yes,,17.0,jun,Night ,1.0,1.0,0.0,,no,3287.0,88.47943577679325,4.978728814959407,no
157374.0,50.0,admin.,married,tertiary,no,no,call,8.0,sep,Night ,1.0,1.0,3.0,success,no,6574.0,107.3347082008436,3.682008666046909,yes
143023.0,53.0,technician,single,,no,no,call,21.0,nov,eve,1.0,1.0,0.0,,no,5331.0,102.85472117143564,6.140612829864486,no
144346.0,27.0,self-employed,single,tertiary,no,no,call,29.0,jan,Night,1.0,1.0,0.0,,no,1000.0,106.456942097968,4.549207099022273,no
140860.0,32.0,entrepreneur,divorced,secondary,yes,no,call,18.0,nov,Morning,1.0,1.0,0.0,,no,-934.0,101.6446927168266,4.813663520914991,no
134682.0,41.0,unemployed,divorced,secondary,no,no,call,31.0,jul,Morning,3.0,3.0,0.0,,no,1281.0,106.78777445731833,6.811091435999824,no
122120.0,41.0,self-employed,married,primary,yes,no,,27.0,may,Night ,2.0,2.0,0.0,,no,-8.0,84.8035149291253,6.666159011828975,no
118994.0,41.0,blue-collar,married,secondary,yes,No,,14.0,may,eve,7.0,7.0,0.0,,no,343.0,100.05674053963614,5.190489489330312,no
140859.0,52.0,entrepreneur,married,tertiary,yes,yes,email,18.0,nov,Afternoon,1.0,1.0,0.0,,no,54.0,90.61433736279943,1.6512479580584793,no
134717.0,56.0,services,married,tertiary,no,no,call,4.0,aug,Night,1.0,1.0,0.0,,no,3480.0,104.0616485206327,3.8749309492387667,no
154967.0,33.0,management,married,secondary,yes,No,call,18.0,may,Night,2.0,2.0,0.0,,no,180.0,74.57240579179671,7.585192784606048,no
136934.0,33.0,management,single,tertiary,no,No,call,14.0,aug,morning,2.0,2.0,0.0,,no,336.0,111.35499143647266,3.0464107154643,no
117514.0,32.0,blue-collar,married,secondary,yes,no,,9.0,may,Afternoon,2.0,2.0,0.0,,no,536.0,98.84422234357136,4.026717496146416,no
117367.0,42.0,blue-collar,married,secondary,yes,No,,8.0,may,Evening,1.0,1.0,0.0,,no,376.0,,7.838099255708499,no
126310.0,37.0,services,married,secondary,yes,no,,12.0,jun,Morning,2.0,2.0,0.0,,no,1627.0,92.17024585472211,4.59639388214886,no
116835.0,53.0,blue-collar,single,secondary,yes,yes,,7.0,may,Afternoon,4.0,4.0,0.0,,no,156.0,102.98290401318049,3.4667425214136998,no
134987.0,45.0,blue-collar,,primary,no,no,call,5.0,aug,morning,3.0,3.0,0.0,,no,678.0,109.16389040401982,6.691211657314676,no
141869.0,32.0,management,married,tertiary,yes,no,call,19.0,nov,Afternoon,3.0,3.0,0.0,,no,913.0,110.37011744390266,5.969881888677069,no
153693.0,,services,single,secondary,yes,no,call,14.0,may,Night ,1.0,1.0,0.0,,no,-107.0,120.54100078392585,4.630597715628678,no
132021.0,44.0,services,married,primary,no,yes,email,22.0,jul,Night,21.0,21.0,0.0,,no,440.0,111.28942276588577,6.086554032118768,no
127692.0,57.0,retired,married,primary,no,no,,20.0,jun,Evening,1.0,1.0,0.0,,no,1466.0,114.6685610156448,5.0462706836282285,no
117050.0,59.0,retired,married,,no,no,,8.0,may,Afternoon,6.0,6.0,0.0,,no,0.0,100.1267948159548,4.402234551550693,no
124724.0,30.0,self-employed,married,tertiary,yes,yes,,4.0,jun,Morning,6.0,6.0,0.0,,no,543.0,85.46664215578362,5.916974941047153,yes
129053.0,40.0,blue-collar,married,primary,no,yes,call,8.0,jul,Afternoon,2.0,2.0,0.0,,no,143.0,120.46974715388305,4.510354879132012,no
121845.0,43.0,management,married,tertiary,yes,no,,26.0,may,Morning,2.0,2.0,0.0,,no,-69.0,105.567456026326,4.789677879847023,no
118824.0,42.0,admin.,married,secondary,no,no,,14.0,may,Afternoon,1.0,1.0,0.0,,yes,-1300.0,103.18258917305965,4.233505705630991,no
160896.0,29.0,self-employed,single,tertiary,no,no,call,13.0,oct,eve,1.0,1.0,5.0,success,no,,87.72960522876636,6.425500294852887,yes
158348.0,34.0,technician,married,secondary,yes,no,call,9.0,dec,morning,1.0,1.0,3.0,success,no,294.0,96.77417191787843,5.784967796499953,yes
144634.0,38.0,admin.,divorced,secondary,no,yes,call,30.0,jan,morning,1.0,1.0,0.0,,no,,103.23242528143105,5.513905503444432,no
149438.0,48.0,services,married,secondary,yes,no,email,20.0,apr,eve,4.0,4.0,0.0,,no,116.0,99.0465231749827,6.906661758805609,no
136230.0,37.0,management,married,tertiary,,No,call,11.0,aug,Night,5.0,5.0,0.0,,no,825.0,99.10364085452986,3.8800041527948466,no
141213.0,47.0,admin.,divorced,primary,yes,no,call,18.0,nov,Night,1.0,1.0,2.0,other,no,1095.0,114.28761785523541,4.768362056101413,no
151218.0,48.0,blue-collar,married,secondary,yes,yes,call,7.0,may,Night,1.0,1.0,0.0,,yes,0.0,113.20013897653487,4.2642706719820165,no
124531.0,52.0,admin.,married,secondary,yes,no,,3.0,jun,eve,2.0,2.0,0.0,,no,70.0,100.15582240049454,4.810818883217743,no
131067.0,33.0,self-employed,divorced,secondary,yes,no,call,17.0,jul,Morning,2.0,2.0,0.0,,no,1904.0,92.46551305584754,3.591537895117324,yes
137164.0,46.0,blue-collar,married,secondary,no,no,call,18.0,aug,Afternoon,7.0,7.0,0.0,,no,689.0,103.65795160024834,5.184770166583367,no
125526.0,58.0,retired,married,secondary,,no,,6.0,jun,eve,1.0,1.0,0.0,,no,610.0,124.24788478940175,5.367522990864287,no
127995.0,36.0,housemaid,married,primary,no,,,20.0,jun,Afternoon,5.0,5.0,0.0,,no,622.0,104.86422350474635,6.684902634955309,no
142841.0,,unemployed,married,primary,no,no,call,21.0,nov,Morning,1.0,1.0,0.0,,no,3723.0,98.3852160754616,4.871791297288372,no
131533.0,33.0,management,married,tertiary,yes,no,call,21.0,jul,eve,1.0,1.0,0.0,,no,78.0,102.98998605275062,6.656945807008657,no
145698.0,38.0,unemployed,single,secondary,yes,no,call,4.0,feb,Morning,1.0,1.0,1.0,other,no,2470.0,110.36859292454027,3.802650129901063,no
,32.0,admin.,single,secondary,,,,26.0,may,Night,3.0,3.0,0.0,,no,620.0,96.5087640653131,6.249544845627137,yes
157434.0,38.0,,single,tertiary,no,no,call,11.0,sep,Evening,3.0,3.0,3.0,success,no,0.0,89.45356655775483,4.420642042625308,yes
141930.0,,blue-collar,married,secondary,yes,yes,call,19.0,nov,morning,2.0,2.0,1.0,other,no,747.0,101.9398179647502,4.347480345590586,no
123967.0,38.0,blue-collar,,primary,yes,no,,2.0,jun,Evening,1.0,1.0,0.0,,no,522.0,97.90486732156783,3.4860352002241792,no
147738.0,27.0,admin.,married,secondary,yes,no,call,8.0,apr,Afternoon,3.0,3.0,0.0,,no,1293.0,118.66864538401781,5.4111573827880175,yes
148378.0,38.0,blue-collar,single,secondary,yes,no,call,17.0,apr,Night ,1.0,1.0,0.0,,no,397.0,101.43153987839423,3.3700029943594063,no
123270.0,30.0,blue-collar,married,primary,,no,,29.0,may,Afternoon,2.0,2.0,0.0,,no,179.0,97.32649144282628,5.019380801566225,no
118342.0,59.0,retired,married,secondary,yes,no,,13.0,may,Night ,1.0,1.0,0.0,,no,1875.0,102.96516949409158,2.791472514318048,no
122629.0,50.0,blue-collar,married,primary,yes,no,,,may,morning,3.0,3.0,0.0,,no,490.0,104.71087858126047,4.853811337412342,no
157544.0,45.0,housemaid,married,secondary,no,no,call,30.0,sep,Evening,1.0,1.0,1.0,success,no,4068.0,104.69077701669579,5.4812090866682865,no
128102.0,51.0,management,single,tertiary,yes,no,,20.0,jun,Afternoon,19.0,19.0,0.0,,no,1348.0,108.66784863879975,3.14475394977391,no
140175.0,33.0,admin.,married,secondary,yes,no,call,17.0,nov,Morning,1.0,1.0,0.0,,no,0.0,106.18767043536796,6.100624098540598,no
156844.0,38.0,blue-collar,married,secondary,yes,no,call,13.0,aug,Evening,3.0,3.0,10.0,failure,no,1165.0,109.20271899213914,4.416452922375621,yes
128676.0,40.0,admin.,single,secondary,no,no,call,7.0,jul,Night,1.0,1.0,0.0,,no,-1.0,74.29790436297057,5.519536178476665,no
126221.0,39.0,self-employed,married,tertiary,no,no,,12.0,jun,Night,5.0,5.0,0.0,,no,2630.0,91.44711170283409,5.312691233674036,yes
137543.0,44.0,technician,married,secondary,yes,no,call,19.0,aug,Morning,8.0,8.0,0.0,,no,1127.0,95.25919997861993,6.6021548598256805,no
140049.0,33.0,unemployed,married,secondary,no,no,SMS,11.0,nov,Morning,1.0,1.0,0.0,,no,456.0,82.98378072813125,5.759102818719844,no
131411.0,36.0,admin.,married,tertiary,yes,No,call,18.0,jul,Morning,8.0,8.0,0.0,,no,0.0,104.8215869493909,4.343612491310678,no
147729.0,27.0,student,single,secondary,no,No,call,8.0,apr,Afternoon,2.0,2.0,0.0,,no,2614.0,81.19747379647649,5.275160270893914,yes
124680.0,22.0,student,single,secondary,yes,no,,4.0,jun,Evening,1.0,1.0,0.0,,no,111.0,102.61637478135412,4.65750860568599,no
155200.0,24.0,services,married,secondary,yes,no,call,18.0,may,eve,4.0,4.0,0.0,,no,183.0,101.55906453313331,4.362776442260206,no
152043.0,49.0,blue-collar,married,primary,yes,yes,call,11.0,may,Night ,1.0,1.0,2.0,other,no,3652.0,101.43239516543439,5.297443822996849,no
149477.0,36.0,management,married,tertiary,yes,no,call,20.0,,eve,3.0,3.0,3.0,failure,no,0.0,122.0265446930486,7.729765662111785,no
141220.0,32.0,self-employed,single,tertiary,yes,no,call,18.0,nov,Morning,1.0,1.0,0.0,,no,386.0,95.63326676320273,4.615045214758543,yes
128037.0,40.0,blue-collar,married,secondary,yes,yes,,20.0,jun,Morning,5.0,5.0,0.0,,no,1009.0,92.24123082226225,5.306075400660077,yes
141757.0,,management,married,tertiary,no,no,call,19.0,nov,Morning,1.0,1.0,0.0,,no,16.0,83.79843924217622,3.7754205260745146,no
126839.0,56.0,management,divorced,tertiary,yes,no,,17.0,jun,morning,4.0,4.0,0.0,,no,4266.0,85.8937386768137,7.347685108502487,yes
157362.0,86.0,retired,divorced,,no,no,SMS,7.0,sep,Evening,1.0,1.0,0.0,,no,157.0,112.57402840860398,6.123984627425716,no
119927.0,34.0,blue-collar,married,primary,yes,yes,,16.0,may,morning,4.0,4.0,0.0,,no,695.0,75.414826278688,6.008150954935699,yes
133855.0,30.0,housemaid,married,primary,no,yes,call,30.0,jul,Morning,3.0,3.0,0.0,,no,462.0,87.74172730278693,2.7456161638992973,no
131901.0,34.0,admin.,married,secondary,no,yes,call,22.0,jul,Night,2.0,2.0,0.0,,no,0.0,100.7342690866264,1.4126801255007413,no
124128.0,31.0,blue-collar,married,secondary,yes,yes,,2.0,jun,Afternoon,1.0,1.0,0.0,,no,-282.0,107.68428604711552,4.125729731156034,no
138005.0,43.0,technician,married,tertiary,no,no,call,21.0,aug,Night ,2.0,2.0,0.0,,no,1485.0,115.4043168275405,5.68832949162841,no
134257.0,27.0,blue-collar,single,secondary,no,yes,SMS,31.0,jul,Afternoon,8.0,8.0,0.0,,no,677.0,106.49114815151366,3.40105613284506,no
122288.0,24.0,services,married,tertiary,yes,no,,27.0,may,eve,1.0,1.0,0.0,,no,0.0,105.70829412045715,5.310334747201732,no
134625.0,35.0,unemployed,single,secondary,no,no,call,31.0,jul,morning,3.0,3.0,0.0,,no,0.0,96.30859181887544,5.96574346619549,no
128934.0,46.0,blue-collar,,primary,yes,yes,call,8.0,jul,Afternoon,1.0,1.0,0.0,,no,-169.0,103.8759372152045,4.057909010952573,no
127771.0,42.0,,married,secondary,no,yes,,20.0,jun,Afternoon,2.0,2.0,,,no,396.0,96.84925320347566,4.779962447017775,no
138570.0,58.0,blue-collar,married,,no,no,call,25.0,aug,Afternoon,23.0,23.0,0.0,,no,9.0,,3.85790412431592,no
151639.0,32.0,admin.,married,secondary,no,no,call,8.0,may,Night,5.0,5.0,0.0,,no,-4.0,106.50290059273648,3.469043372760868,no
129835.0,49.0,retired,married,primary,no,no,call,10.0,jul,Night ,1.0,1.0,0.0,,no,192.0,123.10866569618369,4.088542950858988,no
149120.0,37.0,admin.,married,secondary,yes,no,call,,apr,Morning,2.0,2.0,0.0,,no,756.0,109.86108797513413,5.56869259275003,no
142522.0,59.0,retired,married,secondary,no,no,SMS,20.0,nov,Morning,2.0,2.0,0.0,,no,644.0,101.64784515016268,6.403577778883319,no
121794.0,34.0,blue-collar,divorced,secondary,yes,no,,26.0,may,Morning,2.0,2.0,0.0,,no,-566.0,86.22201867279435,6.448896232889327,no
135478.0,55.0,housemaid,married,tertiary,no,no,call,7.0,aug,Night ,4.0,4.0,0.0,,no,,113.93758727195028,5.282779377055146,no
123755.0,30.0,technician,married,secondary,yes,no,,30.0,may,eve,5.0,5.0,0.0,,no,1.0,100.87948100715357,3.5216078995591107,no
145103.0,34.0,blue-collar,married,secondary,yes,yes,call,2.0,feb,Afternoon,2.0,2.0,2.0,other,no,7.0,99.4934720621438,6.621393408853381,no
155637.0,30.0,management,single,tertiary,no,no,call,28.0,may,Night,2.0,2.0,0.0,,no,1269.0,101.44245246968504,4.492545808797438,no
146990.0,59.0,management,married,tertiary,no,no,call,17.0,feb,eve,1.0,1.0,1.0,failure,no,1831.0,95.72064796449109,5.171533582552387,no
122360.0,34.0,blue-collar,married,secondary,yes,no,,27.0,may,morning,2.0,2.0,0.0,,no,-1725.0,89.7365658313833,5.239370025582832,no
141876.0,34.0,management,married,tertiary,yes,no,call,19.0,nov,Evening,3.0,3.0,2.0,other,no,1006.0,102.37801625564273,7.254835549189446,yes
135951.0,41.0,management,married,tertiary,no,no,call,8.0,aug,morning,7.0,7.0,0.0,,no,2127.0,105.76374201459778,4.8298646252614095,no
141430.0,31.0,technician,single,secondary,yes,no,call,19.0,nov,morning,1.0,1.0,0.0,,no,1188.0,102.82296555679801,6.105049891131827,no
127436.0,55.0,housemaid,married,primary,no,no,,19.0,jun,Night,1.0,1.0,0.0,,,1537.0,112.97030264683472,6.996874956729584,no
130000.0,34.0,blue-collar,married,secondary,no,yes,call,11.0,jul,Afternoon,2.0,2.0,0.0,,no,406.0,93.78475255076968,6.561810223889951,no
159486.0,19.0,student,single,secondary,no,no,call,30.0,apr,Night ,1.0,1.0,2.0,success,no,329.0,105.12318735938085,4.4093088097793744,yes
119327.0,56.0,technician,married,secondary,yes,no,,15.0,may,morning,1.0,1.0,0.0,,no,28.0,122.5266221630285,3.555868751012215,no
126380.0,49.0,housemaid,married,primary,no,no,,16.0,jun,Afternoon,2.0,2.0,0.0,,no,3436.0,98.28733728169118,5.491916622168842,no
149699.0,35.0,technician,single,secondary,no,no,call,24.0,apr,eve,2.0,2.0,0.0,,no,183.0,96.656451219533,7.02303837486109,no
153833.0,33.0,blue-collar,married,secondary,yes,no,call,14.0,may,Morning,2.0,2.0,2.0,failure,no,43.0,91.8234292800719,5.813752901880725,no
142035.0,54.0,admin.,divorced,secondary,no,yes,email,20.0,nov,Afternoon,3.0,3.0,0.0,,no,459.0,107.42756864906295,4.5761109720242,no
130588.0,40.0,management,married,secondary,yes,no,call,15.0,jul,eve,4.0,4.0,0.0,,no,4025.0,104.04572898324112,3.4700371424512593,no
133096.0,44.0,technician,divorced,secondary,yes,no,call,28.0,jul,Night ,2.0,2.0,0.0,,,0.0,105.2157012323611,6.764919801420205,no
157273.0,26.0,management,single,tertiary,no,no,call,1.0,sep,Night ,2.0,2.0,0.0,,no,200.0,110.11765260524587,6.277145268682597,no
120040.0,30.0,blue-collar,married,primary,yes,no,,19.0,may,Evening,1.0,1.0,0.0,,no,392.0,90.09517385852254,3.7966103611822084,no
143032.0,32.0,management,single,tertiary,no,yes,call,21.0,nov,Morning,1.0,1.0,0.0,,no,1344.0,111.67481077796288,7.137472816230738,no
147546.0,31.0,services,married,secondary,yes,yes,call,6.0,apr,Morning,1.0,1.0,0.0,,no,1062.0,94.6865739398366,4.960444221578239,no
119080.0,50.0,management,married,tertiary,yes,No,,15.0,may,eve,2.0,2.0,0.0,,no,-516.0,107.27585948944424,7.36744826229083,no
138938.0,50.0,blue-collar,married,secondary,no,no,call,26.0,aug,Night,4.0,4.0,0.0,,no,579.0,82.1251760635349,3.525627563445057,no
117231.0,43.0,blue-collar,married,primary,yes,no,,8.0,may,Night ,1.0,1.0,0.0,,no,186.0,117.88959882308153,6.6777435219901555,no
158110.0,51.0,management,married,tertiary,no,no,call,11.0,nov,Morning,2.0,2.0,3.0,failure,no,938.0,107.99841772476,5.313654946857693,no
155399.0,37.0,services,married,secondary,yes,yes,call,25.0,may,Morning,1.0,1.0,0.0,,no,466.0,106.54548168962889,4.900288236403291,yes
135760.0,43.0,management,married,tertiary,no,no,call,8.0,aug,Morning,2.0,2.0,0.0,,no,6.0,77.75334402046349,3.600347479176195,no
155780.0,39.0,technician,married,secondary,yes,no,call,2.0,jun,Night,3.0,3.0,0.0,,no,1587.0,102.71173017068526,5.389692111306608,yes
131363.0,34.0,entrepreneur,married,tertiary,yes,yes,call,18.0,jul,Evening,10.0,10.0,0.0,,no,145.0,82.84154740556491,5.846056958948076,no
124188.0,33.0,technician,married,tertiary,yes,no,,2.0,jun,Morning,2.0,2.0,0.0,,no,2364.0,97.40618420741876,4.883255194110029,no
148653.0,49.0,blue-collar,,primary,yes,no,call,17.0,apr,Evening,1.0,1.0,7.0,failure,no,816.0,105.57898650036773,3.9364968554379782,no
139735.0,59.0,retired,married,secondary,no,no,call,,aug,Evening,2.0,2.0,0.0,,no,374.0,107.60475078197331,6.292707535591787,no
151095.0,56.0,blue-collar,married,secondary,yes,No,call,7.0,may,eve,1.0,1.0,2.0,failure,no,471.0,89.89825955438684,2.673345827244088,no
120062.0,31.0,blue-collar,single,secondary,yes,no,,19.0,may,Night ,1.0,1.0,0.0,,no,259.0,103.94192416248505,4.351787510674736,no
133507.0,59.0,retired,married,tertiary,no,no,call,29.0,jul,Night ,4.0,4.0,0.0,,no,2512.0,103.53598027864062,6.0235850251687095,no
136360.0,35.0,management,married,tertiary,no,no,call,12.0,aug,Morning,8.0,8.0,0.0,,no,362.0,98.87523839747242,3.366880491395816,no
122879.0,52.0,blue-collar,married,primary,yes,yes,,28.0,may,Afternoon,2.0,2.0,0.0,,no,-211.0,99.66306190396114,4.088616453567962,no
120571.0,39.0,blue-collar,married,secondary,,no,,20.0,may,Afternoon,2.0,2.0,0.0,,no,0.0,92.83481409382833,4.01864149133281,no
121240.0,33.0,self-employed,married,tertiary,yes,no,,23.0,may,Evening,2.0,2.0,0.0,,no,-355.0,99.98646715749003,3.9728270050033845,no
127796.0,38.0,management,divorced,tertiary,,no,,20.0,jun,Night,26.0,26.0,0.0,,no,155.0,110.44862708771838,3.7582557959682674,no
136566.0,33.0,management,married,tertiary,no,No,call,12.0,aug,Afternoon,5.0,5.0,0.0,,no,621.0,103.98917894227888,4.984187205491026,no
151803.0,41.0,management,married,tertiary,yes,No,call,8.0,may,Evening,2.0,2.0,0.0,,no,-370.0,100.1462555665262,4.9841241921420965,no
137550.0,48.0,technician,divorced,tertiary,no,yes,call,19.0,aug,eve,6.0,6.0,0.0,,no,83.0,85.31808090342783,3.5206061094353256,no
131662.0,59.0,management,married,tertiary,yes,no,call,21.0,jul,Night,1.0,1.0,0.0,,no,5865.0,108.84614296447866,6.924380488220088,no
134271.0,38.0,admin.,married,tertiary,yes,yes,call,31.0,jul,Evening,2.0,2.0,0.0,,no,669.0,95.38982307930188,4.49100897756502,no
154052.0,33.0,blue-collar,single,primary,yes,no,call,15.0,may,Morning,4.0,4.0,0.0,,no,433.0,107.21088548735403,6.089073176133734,no
133370.0,50.0,admin.,married,secondary,,yes,call,28.0,jul,Night ,6.0,6.0,0.0,,no,298.0,92.31168620032139,5.859622447914518,no
123427.0,40.0,blue-collar,divorced,primary,yes,yes,,30.0,may,Afternoon,1.0,1.0,0.0,,no,548.0,95.29952024409445,3.79102495145923,no
117275.0,34.0,management,single,tertiary,no,no,,8.0,may,Morning,1.0,1.0,0.0,,no,163.0,106.17520076708311,5.821758137210615,no
130663.0,57.0,services,married,secondary,no,yes,email,16.0,jul,Afternoon,6.0,6.0,0.0,,no,-37.0,79.10926631809308,7.544468035942442,no
121644.0,30.0,technician,single,secondary,yes,yes,,26.0,may,Afternoon,1.0,1.0,0.0,,no,,110.6229825539329,6.706433124740332,no
150637.0,35.0,management,married,tertiary,yes,yes,call,6.0,may,eve,1.0,1.0,1.0,other,no,0.0,88.63994032875802,7.166004289319414,no
158277.0,45.0,admin.,married,,no,no,call,30.0,nov,Morning,1.0,1.0,4.0,failure,no,2033.0,89.55284176721003,5.748780292017866,no
129966.0,42.0,services,married,secondary,no,no,call,11.0,jul,morning,2.0,2.0,0.0,,no,128.0,92.16148027373688,4.711945905272238,no
160943.0,26.0,technician,single,secondary,no,no,call,19.0,oct,Night ,2.0,2.0,3.0,other,no,4859.0,103.52210341566276,2.0374619433848515,no
139833.0,46.0,blue-collar,married,primary,,no,call,29.0,aug,Morning,6.0,6.0,0.0,,no,201.0,113.30218057551798,4.705900151166921,no
124195.0,40.0,entrepreneur,divorced,,yes,yes,,2.0,jun,eve,16.0,16.0,0.0,,no,2418.0,90.66792244554361,2.804446175506667,no
137189.0,,management,married,tertiary,no,yes,call,18.0,aug,Afternoon,4.0,4.0,0.0,,no,52.0,94.07060770196279,6.562514917300028,no
122303.0,32.0,services,married,secondary,yes,no,,27.0,may,eve,1.0,1.0,0.0,,no,-479.0,112.281961493297,4.490802133613915,no
116081.0,31.0,management,single,tertiary,yes,no,,5.0,may,morning,1.0,1.0,0.0,,no,0.0,108.04879130382191,6.18852600552155,no
117298.0,46.0,admin.,divorced,tertiary,yes,no,,8.0,may,Night,2.0,2.0,0.0,,no,846.0,98.11935704355732,6.577827290406606,no
140792.0,51.0,self-employed,married,tertiary,no,no,call,18.0,nov,Night ,2.0,2.0,3.0,failure,no,146.0,100.53249206851129,4.84270878338081,no
146802.0,30.0,admin.,single,secondary,no,no,call,9.0,feb,Afternoon,1.0,1.0,0.0,,no,270.0,103.68145110523227,3.9785437676504003,yes
117182.0,26.0,blue-collar,single,secondary,yes,no,,8.0,may,Night ,1.0,1.0,0.0,,no,-29.0,101.83811038958139,8.272806267403887,no
161004.0,24.0,student,single,secondary,no,no,SMS,26.0,oct,eve,2.0,2.0,3.0,success,no,1234.0,80.8777901646791,4.6415320331530285,no
159313.0,27.0,student,single,tertiary,yes,no,call,6.0,apr,Morning,1.0,1.0,2.0,failure,no,13107.0,109.31533182228185,5.935987239197766,yes
120692.0,34.0,blue-collar,single,secondary,yes,no,,21.0,may,Evening,1.0,1.0,0.0,,no,558.0,107.6576623221864,6.697873325295554,no
151331.0,44.0,services,married,primary,yes,no,call,7.0,may,Evening,2.0,2.0,0.0,,no,2386.0,90.58066603210689,5.976629894598114,no
154034.0,60.0,retired,divorced,secondary,,no,call,15.0,may,Evening,2.0,2.0,0.0,,no,496.0,90.01257179129499,2.6608194533512046,yes
150038.0,38.0,technician,single,secondary,yes,no,call,30.0,apr,Evening,1.0,1.0,0.0,,no,565.0,117.41119511457026,3.4864232270596163,yes
118378.0,45.0,entrepreneur,divorced,tertiary,yes,no,,13.0,may,Afternoon,1.0,1.0,0.0,,no,-395.0,98.47512116196499,3.456103740344772,yes
141053.0,48.0,blue-collar,married,primary,yes,no,call,18.0,nov,Afternoon,1.0,1.0,0.0,,no,-298.0,116.68064380617672,3.7299326427816695,no
135087.0,51.0,admin.,married,secondary,no,yes,call,6.0,aug,Afternoon,4.0,4.0,0.0,,no,-267.0,105.379925422615,5.339566407360316,no
137056.0,30.0,management,single,tertiary,yes,no,call,14.0,aug,Morning,4.0,4.0,0.0,,no,409.0,93.89084490543905,6.7377579429199494,no
148720.0,31.0,admin.,married,secondary,no,No,call,17.0,apr,Afternoon,2.0,2.0,0.0,,no,62.0,84.65325746468714,5.953952051448418,no
156192.0,34.0,management,married,tertiary,no,no,call,16.0,jun,Night ,3.0,3.0,0.0,,no,180.0,103.06184994448617,5.059932902305844,no
133140.0,56.0,admin.,divorced,secondary,yes,no,call,28.0,jul,Night,2.0,2.0,0.0,,no,1026.0,79.63647150508439,5.195661035352088,no
119672.0,26.0,blue-collar,divorced,secondary,yes,no,,16.0,may,eve,1.0,1.0,0.0,,no,241.0,100.61209201581202,4.378630559111617,no
141109.0,48.0,admin.,married,secondary,,no,email,,nov,Evening,4.0,4.0,0.0,,no,1208.0,101.5590156624743,5.4497861137740315,no
142240.0,49.0,entrepreneur,married,tertiary,no,no,call,20.0,nov,Afternoon,1.0,1.0,0.0,,no,893.0,112.15691946745305,5.49765118114201,no
135849.0,35.0,technician,married,tertiary,no,no,call,8.0,aug,morning,2.0,2.0,0.0,,no,944.0,108.77912930151956,4.584490096411824,no
138988.0,50.0,blue-collar,married,primary,yes,no,SMS,26.0,aug,Night ,6.0,6.0,0.0,,no,370.0,,4.2785825176725,no
136694.0,55.0,retired,married,primary,yes,yes,call,13.0,aug,morning,2.0,2.0,0.0,,no,0.0,135.60894089479436,6.737586478699699,no
153619.0,33.0,blue-collar,married,secondary,yes,no,call,14.0,may,Afternoon,2.0,2.0,1.0,failure,no,687.0,100.23078160535674,4.351905433599216,no
136945.0,35.0,management,single,tertiary,no,no,call,14.0,aug,Night ,2.0,2.0,0.0,,no,331.0,110.80643152544599,3.1058349077946534,yes
149523.0,48.0,admin.,divorced,secondary,yes,no,call,20.0,apr,Evening,5.0,5.0,10.0,other,no,4.0,113.01263783214993,4.007936772276209,no
133157.0,48.0,admin.,married,secondary,no,yes,call,28.0,jul,Morning,3.0,3.0,0.0,,no,-160.0,93.35216778057926,4.1777393320103435,no
136787.0,37.0,management,married,tertiary,no,no,call,13.0,aug,Evening,5.0,5.0,0.0,,no,887.0,94.78370151045489,5.1250141910848726,no
129959.0,50.0,services,married,secondary,yes,No,call,11.0,jul,Afternoon,2.0,2.0,0.0,,no,-682.0,90.5376587373126,5.555571768462801,no
154991.0,29.0,self-employed,single,tertiary,yes,no,call,18.0,may,eve,1.0,1.0,0.0,,no,476.0,90.6589549002424,3.0425203634906635,yes
127104.0,44.0,blue-collar,married,secondary,yes,no,,18.0,jun,Evening,1.0,1.0,0.0,,no,1025.0,90.7197633540759,4.90225743287783,no
151242.0,29.0,blue-collar,single,secondary,,No,call,7.0,may,morning,1.0,1.0,1.0,failure,no,43.0,120.09294672079382,4.158985923083208,no
133229.0,34.0,technician,married,secondary,yes,no,SMS,28.0,jul,morning,2.0,2.0,0.0,,no,0.0,95.33385253738695,8.231379660233117,no
154493.0,40.0,blue-collar,divorced,secondary,yes,no,call,15.0,may,Night ,2.0,2.0,0.0,,no,0.0,82.22040628622223,5.044199471657892,no
157919.0,75.0,self-employed,married,,no,no,email,28.0,oct,Night ,1.0,1.0,0.0,,no,4984.0,92.66186262343318,5.978234320641268,yes
130888.0,39.0,self-employed,married,secondary,yes,yes,call,17.0,jul,Night ,1.0,1.0,0.0,,no,167.0,92.33214808085272,4.81699976979858,no
144434.0,48.0,management,divorced,tertiary,no,yes,call,29.0,jan,morning,2.0,2.0,0.0,,no,657.0,95.1616566800029,4.208634220568822,no
134574.0,33.0,blue-collar,married,,,no,SMS,31.0,jul,Night ,9.0,9.0,0.0,,no,-923.0,81.44830247239204,7.045752620463549,no
159368.0,35.0,self-employed,married,tertiary,yes,yes,call,15.0,apr,Morning,2.0,2.0,5.0,failure,no,1178.0,97.82103284327196,5.941405321489344,no
142061.0,44.0,technician,married,tertiary,yes,yes,call,20.0,nov,Morning,6.0,6.0,2.0,failure,no,0.0,95.55562335095078,3.0973000568270352,no
130318.0,53.0,blue-collar,married,secondary,yes,no,call,,jul,Night ,3.0,3.0,0.0,,no,2231.0,106.9360139860709,6.395838103769412,no
156467.0,31.0,,married,secondary,no,no,call,20.0,jul,Evening,2.0,2.0,0.0,,no,3.0,104.78286159630653,4.914672208691018,no
132900.0,48.0,management,married,tertiary,no,no,call,25.0,jul,Night,4.0,4.0,0.0,,no,4006.0,102.46659110652453,5.818825636536679,no
126993.0,42.0,entrepreneur,divorced,secondary,no,No,,18.0,jun,Night,1.0,1.0,0.0,,no,31.0,86.39120605026172,8.30838850477707,no
119786.0,41.0,management,married,tertiary,yes,no,,16.0,may,Afternoon,1.0,1.0,0.0,,no,223.0,110.25095100563655,6.490985459155434,no
132395.0,53.0,entrepreneur,married,tertiary,no,yes,call,23.0,jul,eve,5.0,5.0,0.0,,no,49.0,122.15811046808115,4.263496584339281,no
160178.0,45.0,blue-collar,single,secondary,yes,no,call,26.0,jul,Night ,2.0,2.0,5.0,success,no,0.0,111.27589027577012,9.078151839763438,no
134620.0,42.0,admin.,married,primary,no,yes,email,31.0,jul,Evening,15.0,15.0,0.0,,no,-466.0,103.0046404428286,4.22019589438253,no
148716.0,33.0,blue-collar,divorced,,yes,yes,call,17.0,apr,Night,2.0,2.0,2.0,failure,yes,-274.0,98.1661282745063,2.835896492217495,yes
130448.0,37.0,management,single,tertiary,no,no,call,15.0,jul,morning,5.0,5.0,0.0,,no,24.0,99.67832374850376,3.4862322729029485,no
148407.0,34.0,services,single,secondary,yes,no,call,17.0,apr,eve,1.0,1.0,3.0,failure,no,0.0,101.58034758587776,5.628601861258413,no
156351.0,24.0,management,single,tertiary,no,no,call,3.0,jul,Evening,1.0,1.0,0.0,,no,507.0,97.37004563293387,5.962775892888849,yes
118443.0,53.0,management,married,secondary,yes,,,13.0,may,morning,1.0,1.0,0.0,,yes,-689.0,114.86550470092425,2.73807558456338,no
153926.0,36.0,blue-collar,married,primary,yes,no,call,14.0,may,Morning,2.0,2.0,8.0,success,no,994.0,90.259991205357,2.557263957748859,no
142765.0,57.0,technician,single,secondary,yes,no,call,20.0,nov,eve,4.0,4.0,3.0,failure,no,3499.0,99.32960484544009,3.7468834400501794,no
151119.0,36.0,management,married,secondary,yes,no,call,7.0,may,Afternoon,4.0,4.0,0.0,,no,396.0,115.7301391925048,6.161124412640472,no
151530.0,50.0,management,married,tertiary,yes,no,call,8.0,may,Evening,1.0,1.0,1.0,failure,no,400.0,115.0901913811633,5.728690361051512,no
122993.0,42.0,technician,divorced,secondary,yes,No,,29.0,may,Morning,1.0,1.0,0.0,,no,-106.0,102.2407487350046,6.841498721315384,no
132045.0,31.0,admin.,married,secondary,yes,no,call,22.0,jul,Night,3.0,3.0,0.0,,no,84.0,91.37440333486853,4.158106520134412,no
136411.0,30.0,management,single,tertiary,no,no,call,12.0,aug,Morning,2.0,2.0,0.0,,no,-672.0,108.83984084192012,7.015964188734451,no
154100.0,24.0,admin.,married,secondary,yes,no,call,15.0,may,Night ,1.0,1.0,0.0,,no,-94.0,112.3056640641144,4.46537892959603,no
121532.0,34.0,student,married,tertiary,yes,no,,26.0,may,eve,3.0,3.0,0.0,,no,387.0,102.1394402798702,5.299706571037928,no
156988.0,25.0,self-employed,single,,no,no,call,17.0,aug,Night ,1.0,1.0,2.0,failure,no,1179.0,95.56118691810957,5.02119076484239,no
157492.0,71.0,retired,married,primary,no,no,call,16.0,sep,eve,3.0,3.0,0.0,,no,0.0,83.36720951010994,6.692094650573988,no
128365.0,52.0,technician,divorced,secondary,no,no,,1.0,jul,Evening,1.0,1.0,0.0,,no,935.0,,8.363037066713943,no
156430.0,79.0,retired,married,,no,no,email,8.0,jul,Night,1.0,1.0,0.0,,no,0.0,100.1106496566558,4.678967061886075,no
129628.0,33.0,services,single,secondary,no,yes,call,10.0,jul,eve,5.0,5.0,0.0,,no,-56.0,99.56432681138861,5.304999850702152,no
148856.0,27.0,unemployed,married,secondary,yes,yes,call,17.0,apr,Night,3.0,3.0,0.0,,no,724.0,113.13869263325421,4.754287612324508,no
137117.0,32.0,technician,single,secondary,no,no,call,18.0,aug,morning,4.0,4.0,0.0,,no,0.0,84.64621793724164,4.732394032680673,yes
118606.0,50.0,blue-collar,married,primary,yes,no,,13.0,may,Night ,4.0,4.0,0.0,,no,419.0,101.51597962083422,6.782498940768184,no
124229.0,31.0,blue-collar,single,secondary,yes,no,,2.0,jun,Morning,9.0,9.0,0.0,,yes,-575.0,94.45671645566189,4.0261815454899965,no
136068.0,58.0,retired,married,,no,no,call,11.0,aug,Night,2.0,2.0,0.0,,no,0.0,110.40965888766068,5.612034011689724,no
133893.0,44.0,unemployed,single,primary,no,yes,call,30.0,,morning,2.0,2.0,0.0,,yes,-4.0,97.04452950123863,5.866030145033665,yes
127296.0,58.0,entrepreneur,married,secondary,no,no,,19.0,jun,Night ,5.0,5.0,0.0,,no,3.0,103.59500201278645,5.670385876648989,no
154562.0,30.0,self-employed,married,secondary,yes,yes,call,15.0,may,Afternoon,3.0,3.0,0.0,,no,220.0,94.4938868137816,5.844229581175651,no
158136.0,82.0,retired,divorced,tertiary,no,no,SMS,12.0,nov,Afternoon,1.0,1.0,0.0,,no,0.0,90.84351994707248,3.256346283344869,yes
122106.0,55.0,technician,married,secondary,yes,yes,,,may,Evening,1.0,1.0,0.0,,,1004.0,100.5940592654162,5.0518294104544506,no
120625.0,30.0,technician,single,secondary,yes,No,,20.0,may,Morning,3.0,3.0,0.0,,no,659.0,96.73944977622017,4.747513772447915,no
147246.0,46.0,admin.,married,secondary,no,no,call,17.0,mar,Evening,1.0,1.0,0.0,,no,974.0,111.2869009575877,3.766699606823817,yes
152586.0,39.0,services,married,secondary,yes,no,SMS,12.0,may,morning,1.0,1.0,0.0,,no,636.0,94.72300295059851,6.74535312666388,no
118259.0,33.0,management,single,tertiary,yes,no,,13.0,may,Evening,1.0,1.0,0.0,,no,168.0,91.6225551482703,6.322684088969371,no
122011.0,43.0,blue-collar,married,primary,yes,no,,,may,Morning,5.0,5.0,0.0,,no,-124.0,106.90277634360305,4.235783599176269,no
123234.0,48.0,blue-collar,married,primary,yes,no,,29.0,may,Morning,4.0,4.0,0.0,,no,219.0,115.89816804567012,4.702914028540654,no
126817.0,42.0,self-employed,married,tertiary,no,no,,17.0,jun,Night,1.0,1.0,0.0,,no,753.0,111.93424665152253,2.349290813353528,no
141987.0,33.0,management,married,tertiary,yes,no,call,19.0,nov,Night ,4.0,4.0,0.0,,no,516.0,93.24139986557994,5.864348028499159,no
147061.0,36.0,admin.,married,secondary,yes,No,call,27.0,feb,eve,3.0,3.0,8.0,failure,no,725.0,92.39434393610428,8.088074729306104,no
133005.0,32.0,services,married,secondary,yes,yes,call,25.0,jul,Night ,4.0,4.0,0.0,,no,252.0,108.2369307941363,3.5895345535669083,no
159759.0,62.0,management,married,tertiary,no,no,SMS,4.0,jun,Night,2.0,2.0,0.0,,no,5008.0,94.82227864753419,4.914045965956918,no
121910.0,54.0,management,single,tertiary,yes,yes,,26.0,may,Morning,4.0,4.0,0.0,,no,1464.0,100.05872391161596,1.3347016319930232,no
125870.0,38.0,blue-collar,single,secondary,no,no,,9.0,jun,Night ,6.0,6.0,0.0,,no,93.0,89.9642503032132,5.864639961916478,no
133604.0,57.0,retired,married,tertiary,no,no,email,29.0,jul,morning,2.0,2.0,0.0,,no,53.0,102.94714919291053,3.310617517987583,no
151646.0,37.0,technician,divorced,secondary,,no,call,8.0,may,Night ,1.0,1.0,4.0,other,no,262.0,89.33927592543331,6.269991315981426,no
160901.0,43.0,technician,married,secondary,yes,no,call,14.0,oct,morning,3.0,3.0,0.0,,no,297.0,115.59350586849722,5.981191373456538,no
156957.0,37.0,student,single,,no,no,call,14.0,aug,Night,1.0,1.0,5.0,success,no,444.0,99.88170261299256,3.823473646224829,yes
133845.0,26.0,blue-collar,married,secondary,yes,yes,SMS,30.0,jul,Evening,20.0,20.0,0.0,,no,0.0,103.24283194817536,5.647918576438274,no
132069.0,29.0,services,married,secondary,no,No,call,22.0,jul,Afternoon,8.0,8.0,0.0,,no,1432.0,112.02560397110288,5.849282870546199,no
129742.0,55.0,retired,married,primary,no,yes,call,10.0,jul,Afternoon,1.0,1.0,0.0,,no,386.0,98.76651892510101,4.602399965139851,no
143703.0,44.0,services,married,secondary,no,no,call,28.0,jan,eve,1.0,1.0,0.0,,no,983.0,96.17819330130766,6.43611565250537,no
157721.0,41.0,management,married,tertiary,no,no,call,15.0,oct,Night,1.0,1.0,0.0,,no,3872.0,102.82855696208306,6.173943781885687,no
137753.0,31.0,services,married,secondary,no,no,call,20.0,aug,Evening,2.0,2.0,0.0,,no,182.0,102.75502361333471,4.3615228498859215,no
116192.0,42.0,blue-collar,married,,yes,no,,5.0,may,Morning,2.0,2.0,0.0,,no,408.0,95.88710315136231,6.282414211026631,no
147726.0,30.0,technician,single,secondary,,no,call,8.0,apr,morning,2.0,2.0,0.0,,no,2544.0,93.86081544355399,6.373413094616178,yes
135411.0,31.0,management,married,tertiary,no,no,call,7.0,aug,Evening,2.0,2.0,0.0,,no,546.0,102.5331534254403,5.235054341681712,no
131951.0,52.0,technician,married,secondary,no,no,email,22.0,jul,eve,3.0,3.0,0.0,,no,83.0,96.39060587045735,4.377989754146741,no
128149.0,55.0,technician,married,secondary,yes,no,,23.0,jun,Morning,2.0,2.0,0.0,,no,77.0,90.86708756178413,9.203745200737137,no
123049.0,35.0,blue-collar,married,secondary,yes,no,,29.0,may,eve,8.0,8.0,0.0,,no,,110.23502723468516,3.0091316781504402,no
124218.0,33.0,student,single,tertiary,yes,no,,2.0,jun,Morning,3.0,3.0,0.0,,no,3404.0,86.42174990693934,6.850403305604658,no
152274.0,34.0,services,married,secondary,yes,no,call,11.0,may,Morning,4.0,4.0,5.0,failure,no,-333.0,121.21236338080267,6.904617562189303,no
141994.0,35.0,management,married,tertiary,yes,yes,call,19.0,nov,Night,2.0,2.0,1.0,failure,no,552.0,79.85578848175017,6.452031838410434,no
134954.0,58.0,,married,,no,,email,5.0,aug,Night,4.0,4.0,0.0,,no,1547.0,80.46825473941657,3.855643005378931,yes
131674.0,33.0,student,married,secondary,no,no,call,21.0,jul,Night ,1.0,1.0,0.0,,no,0.0,102.77315230089478,4.152226082159093,no
124022.0,40.0,services,married,secondary,yes,no,,2.0,jun,morning,1.0,1.0,0.0,,no,-80.0,97.88676268943553,3.82156837885183,no
122581.0,38.0,technician,married,secondary,yes,no,,28.0,may,Evening,1.0,1.0,0.0,,no,133.0,114.30448021591819,2.8004654879536575,no
158514.0,38.0,self-employed,divorced,tertiary,no,No,call,12.0,jan,Night,1.0,1.0,0.0,,no,6447.0,98.12479769208706,5.923127041264895,no
130159.0,37.0,self-employed,married,secondary,yes,No,call,14.0,jul,morning,2.0,2.0,0.0,,no,2575.0,99.64973533327611,6.874312525604929,no
138564.0,52.0,management,married,tertiary,no,no,call,25.0,aug,Morning,10.0,10.0,0.0,,no,967.0,107.64853891829348,5.779551060415096,no
142671.0,59.0,blue-collar,single,secondary,no,no,call,20.0,nov,Morning,2.0,2.0,0.0,,no,12270.0,94.95483645713415,5.1655971825408935,no
148979.0,40.0,technician,married,primary,yes,No,call,20.0,apr,Afternoon,2.0,2.0,0.0,,no,284.0,90.1929832920216,3.8589624167055048,yes
141648.0,36.0,blue-collar,married,primary,no,no,call,19.0,nov,Morning,1.0,1.0,0.0,,no,1503.0,93.03712338234268,4.550264384256086,no
118458.0,41.0,management,married,tertiary,yes,no,,13.0,may,Night,1.0,1.0,0.0,,no,0.0,86.88603724695876,6.967058156408309,no
119462.0,30.0,services,married,secondary,yes,no,,15.0,may,Evening,1.0,1.0,0.0,,no,271.0,94.46653082081676,4.537413246608148,no
152609.0,48.0,admin.,married,secondary,yes,no,call,12.0,may,eve,1.0,1.0,0.0,,no,315.0,81.06214670591638,6.075636233921008,no
148295.0,39.0,blue-collar,married,primary,yes,No,call,16.0,apr,Evening,3.0,3.0,4.0,failure,no,2366.0,72.72398751312143,4.4909130891352795,no
124703.0,27.0,management,single,tertiary,yes,no,,4.0,jun,morning,2.0,2.0,0.0,,no,99.0,92.069850388922,2.849250806419977,yes
147437.0,30.0,blue-collar,single,secondary,no,no,call,2.0,apr,Evening,1.0,1.0,0.0,,no,148.0,88.67170596806503,2.36304438307976,no
152831.0,46.0,blue-collar,married,secondary,yes,no,email,12.0,may,Night ,5.0,5.0,7.0,failure,no,1583.0,107.15819877211571,4.849150753987847,no
150898.0,30.0,admin.,single,secondary,yes,no,call,6.0,may,eve,1.0,1.0,0.0,,no,609.0,98.43056238052445,3.9135592178190777,no
158455.0,38.0,self-employed,married,secondary,yes,yes,call,28.0,dec,eve,2.0,2.0,0.0,,no,854.0,96.90379537023199,5.460554379513522,no
158922.0,29.0,management,single,tertiary,no,no,call,12.0,feb,Morning,2.0,2.0,2.0,success,no,1026.0,103.0555803382489,7.977035767495561,yes
148026.0,32.0,technician,married,secondary,yes,yes,call,15.0,apr,morning,1.0,1.0,1.0,failure,no,-292.0,103.58057219968688,6.450685809182052,no
133539.0,56.0,blue-collar,married,secondary,yes,no,call,29.0,jul,Afternoon,3.0,3.0,0.0,,no,659.0,104.19760610141347,6.120776319309808,no
157091.0,45.0,housemaid,married,secondary,,no,call,20.0,aug,Night ,1.0,1.0,0.0,,no,4068.0,107.14842413439172,6.6635682533662965,yes
122539.0,26.0,blue-collar,married,primary,yes,no,,28.0,may,morning,1.0,1.0,0.0,,no,755.0,84.11745213851,4.892770671387178,no
157983.0,60.0,retired,divorced,secondary,no,No,call,30.0,oct,eve,2.0,2.0,0.0,,no,4243.0,86.20910100799586,5.3210654244296025,yes
122571.0,35.0,services,married,secondary,yes,no,,28.0,may,Night,1.0,1.0,0.0,,no,1453.0,109.84895465614031,1.4649638011747914,no
149259.0,39.0,blue-collar,married,secondary,yes,no,email,20.0,apr,eve,1.0,1.0,0.0,,no,56.0,101.91598380947588,6.327167013884135,no
140946.0,35.0,management,divorced,tertiary,no,no,call,18.0,nov,Evening,3.0,3.0,0.0,,no,2287.0,91.61915613899951,7.777048547929436,no
144402.0,45.0,self-employed,married,tertiary,no,no,call,,jan,eve,2.0,2.0,0.0,,no,125.0,91.55649912427177,6.2940062520741655,no
124382.0,30.0,management,single,tertiary,yes,no,,,jun,Evening,1.0,1.0,0.0,,no,2186.0,102.87789940174487,1.3970390143382803,no
126074.0,45.0,self-employed,married,primary,no,no,,11.0,jun,Afternoon,9.0,9.0,0.0,,no,750.0,112.21704005206975,4.096578398055835,no
116297.0,50.0,management,married,tertiary,no,no,,6.0,may,eve,1.0,1.0,0.0,,no,0.0,103.58215229356385,4.001244955326914,no
130905.0,31.0,technician,single,tertiary,yes,no,call,17.0,jul,eve,1.0,1.0,0.0,,no,0.0,97.36302096510231,1.218668771470477,no
157512.0,32.0,management,divorced,tertiary,yes,no,call,24.0,sep,Evening,1.0,1.0,2.0,failure,no,530.0,106.89279207842924,3.049075152601674,no
139136.0,43.0,management,married,tertiary,no,no,call,27.0,aug,Night ,8.0,8.0,0.0,,no,46.0,99.57923968467281,2.3063326931861785,no
151893.0,29.0,management,single,tertiary,yes,no,email,8.0,may,Morning,6.0,6.0,1.0,success,no,572.0,106.31081630887256,7.086200708135557,no
157183.0,86.0,retired,divorced,primary,no,no,SMS,26.0,aug,eve,1.0,1.0,0.0,,no,0.0,101.62146414115718,5.422833067612301,yes
156323.0,27.0,admin.,married,tertiary,yes,no,call,2.0,jul,eve,1.0,1.0,0.0,,no,565.0,94.91961433657102,3.7515207329840563,no
158625.0,68.0,retired,single,tertiary,no,no,call,26.0,jan,Night ,1.0,1.0,3.0,success,no,2144.0,95.35326443473208,5.145359570317564,yes
156382.0,48.0,management,married,secondary,no,no,call,7.0,jul,Night,1.0,1.0,1.0,success,no,2892.0,94.1316348840298,5.321674879465561,yes
155063.0,23.0,student,single,secondary,yes,,call,18.0,may,Evening,5.0,5.0,7.0,other,no,234.0,112.11740127837115,4.909029788388059,no
137042.0,31.0,technician,single,secondary,no,no,email,14.0,aug,eve,6.0,6.0,0.0,,no,31868.0,87.16715006729761,7.383272332053002,no
134917.0,50.0,technician,married,secondary,no,no,call,5.0,aug,Night ,1.0,1.0,0.0,,no,805.0,103.4396695545665,5.742976249479496,no
120394.0,37.0,management,single,tertiary,yes,no,,20.0,may,Evening,1.0,1.0,0.0,,no,427.0,98.82298235603407,6.219250019715815,no
142103.0,35.0,management,married,primary,no,no,call,20.0,nov,Night ,1.0,1.0,0.0,,no,3369.0,101.2410329582975,2.62342871110078,no
136822.0,30.0,admin.,married,tertiary,no,No,call,13.0,aug,Night ,3.0,3.0,0.0,,no,631.0,112.84160371736522,6.377054022016847,no
122306.0,25.0,services,married,secondary,yes,no,,27.0,may,Night,1.0,1.0,0.0,,no,4063.0,96.51273335471859,5.2283088825061785,no
153172.0,36.0,management,married,tertiary,yes,no,call,13.0,may,Night ,1.0,1.0,3.0,failure,no,481.0,108.2447886603906,4.140887431245744,no
142003.0,30.0,self-employed,single,tertiary,no,no,call,19.0,nov,Afternoon,4.0,4.0,0.0,,no,189.0,106.63083375190374,4.400369081642983,no
134408.0,44.0,technician,married,primary,no,yes,call,31.0,jul,eve,4.0,4.0,0.0,,no,755.0,98.96043902645569,5.5344475581113,yes
130384.0,40.0,admin.,married,secondary,yes,no,call,14.0,jul,Night ,3.0,3.0,0.0,,no,79.0,95.79340826879539,5.6720713006904635,no
160365.0,62.0,management,married,tertiary,no,No,SMS,6.0,aug,Night ,3.0,3.0,0.0,,no,1859.0,93.19474682441181,5.1404626109214,yes
150715.0,24.0,admin.,married,secondary,yes,no,call,6.0,may,morning,1.0,1.0,1.0,failure,no,299.0,105.99587183583884,6.248543369457484,no
119249.0,42.0,blue-collar,married,primary,yes,no,,15.0,may,Morning,3.0,3.0,0.0,,no,-181.0,92.74034221249022,3.931865942718411,no
149592.0,65.0,retired,married,tertiary,no,no,SMS,21.0,apr,Evening,3.0,3.0,0.0,,no,1973.0,103.52239090233579,6.905739643559864,yes
146138.0,30.0,technician,married,secondary,yes,No,call,5.0,feb,morning,1.0,1.0,0.0,,no,1099.0,106.45315443643187,6.409394281762992,no
154995.0,35.0,management,divorced,,yes,yes,call,18.0,may,morning,1.0,1.0,0.0,,no,1043.0,94.0086121424988,3.96204544832514,no
129352.0,56.0,retired,married,tertiary,no,yes,call,9.0,jul,Night ,1.0,1.0,0.0,,no,24.0,116.94793555137981,7.1605446923617855,no
137089.0,32.0,management,single,secondary,no,no,call,14.0,aug,Night,7.0,7.0,0.0,,no,1473.0,113.06846949107472,3.691947123751964,no
143264.0,43.0,management,married,tertiary,no,no,call,21.0,nov,Night ,2.0,2.0,0.0,,no,2083.0,94.78725752781136,5.462468504394964,no
145877.0,29.0,management,single,tertiary,no,No,call,4.0,feb,morning,1.0,1.0,0.0,,no,697.0,120.23153925182717,4.960649574142269,yes
130486.0,42.0,admin.,married,secondary,yes,yes,call,15.0,jul,morning,4.0,4.0,0.0,,no,-1386.0,97.68012843082383,4.0357775219693375,no
150432.0,27.0,entrepreneur,single,secondary,yes,yes,call,5.0,may,Night,1.0,1.0,0.0,,no,77.0,112.45350047431779,4.924312044577877,no
148750.0,30.0,blue-collar,married,secondary,yes,no,call,17.0,apr,Night,2.0,2.0,0.0,,no,393.0,101.79700382767201,5.576265282573817,no
154005.0,50.0,blue-collar,married,primary,yes,no,SMS,15.0,,morning,6.0,6.0,1.0,other,no,111.0,90.10738477004992,5.858107190797289,no
156290.0,33.0,technician,single,tertiary,yes,no,call,1.0,jul,eve,1.0,1.0,4.0,success,no,6281.0,90.39813905540022,4.852853073461616,no
136742.0,43.0,management,married,tertiary,no,no,call,13.0,aug,Night,6.0,6.0,0.0,,no,2383.0,89.12420943309462,1.3494369052691018,yes
127581.0,32.0,blue-collar,married,secondary,yes,yes,,20.0,jun,Night,24.0,24.0,0.0,,no,1873.0,,4.979497353596106,no
117732.0,26.0,management,married,primary,yes,no,,9.0,may,Night,1.0,1.0,0.0,,no,1349.0,92.06865262910262,4.763070876297918,no
145149.0,31.0,services,divorced,secondary,no,No,call,2.0,feb,eve,1.0,1.0,0.0,,no,139.0,102.39348883360445,9.65714913783122,no
137435.0,43.0,management,married,tertiary,no,No,call,19.0,aug,Evening,2.0,2.0,0.0,,no,143.0,101.87134514328328,4.144567975941422,no
124952.0,42.0,services,married,secondary,no,no,,5.0,jun,Night,1.0,1.0,0.0,,no,1007.0,98.72227809263286,4.649300925013904,no
157289.0,63.0,retired,married,secondary,no,no,call,2.0,sep,Morning,2.0,2.0,0.0,,no,4752.0,117.04799435748026,7.785195864481532,yes
116576.0,42.0,management,married,tertiary,yes,no,,6.0,may,Night ,3.0,3.0,0.0,,no,0.0,101.74718152058568,5.8681887644709985,no
118524.0,52.0,admin.,divorced,secondary,,no,,13.0,may,Morning,1.0,1.0,0.0,,no,26.0,86.17314802724216,4.908391392670911,no
124156.0,34.0,management,married,secondary,yes,yes,,2.0,jun,Night ,4.0,4.0,0.0,,no,1105.0,108.41251792774098,4.918073595875975,no
137691.0,52.0,management,married,secondary,no,no,call,20.0,aug,Evening,8.0,8.0,0.0,,no,264.0,94.78049193067237,5.851764387550937,no
159846.0,25.0,blue-collar,single,secondary,no,no,call,18.0,jun,morning,1.0,1.0,1.0,success,no,303.0,95.79957171826345,5.888409258952405,yes
131385.0,37.0,blue-collar,single,secondary,yes,no,call,18.0,jul,eve,3.0,3.0,0.0,,no,2580.0,117.05389914909017,5.590516171599107,no
143107.0,31.0,management,married,tertiary,yes,no,call,21.0,nov,Morning,1.0,1.0,0.0,,no,432.0,109.6253194597659,2.628689066851577,no
116448.0,39.0,services,divorced,primary,yes,No,,,may,eve,2.0,2.0,0.0,,no,,86.45860299018233,3.715976223805729,no
137899.0,33.0,management,single,tertiary,no,no,call,20.0,aug,Afternoon,1.0,1.0,0.0,,no,,115.08220467952572,3.8262152675879335,no
116724.0,37.0,blue-collar,married,secondary,yes,no,,7.0,may,eve,1.0,1.0,0.0,,no,16.0,112.52941245871274,4.016875499815759,no
136170.0,58.0,retired,married,primary,no,no,call,11.0,aug,Morning,2.0,2.0,0.0,,no,0.0,102.26938871413341,3.341332884875802,no
118811.0,40.0,blue-collar,divorced,secondary,yes,no,,14.0,may,Evening,1.0,1.0,0.0,,no,2540.0,99.8017559305042,6.338514592105733,no
133410.0,60.0,retired,married,secondary,yes,yes,call,29.0,jul,Afternoon,8.0,8.0,0.0,,yes,879.0,84.47596401799412,3.718075435866547,no
118111.0,30.0,management,divorced,secondary,no,no,,12.0,may,Afternoon,2.0,2.0,0.0,,no,37.0,100.35887009937889,3.3949956081977466,no
116905.0,39.0,management,single,tertiary,yes,No,,7.0,may,Night ,1.0,1.0,0.0,,no,406.0,92.4086387387631,5.390196957547886,no
152686.0,32.0,admin.,single,secondary,yes,no,call,12.0,may,eve,1.0,1.0,0.0,,no,641.0,94.55980530406781,5.499104731281482,no
140482.0,43.0,housemaid,married,primary,,yes,call,17.0,nov,Afternoon,1.0,1.0,2.0,failure,no,0.0,87.89408110670301,3.6523906219991624,no
143819.0,43.0,,single,,no,no,SMS,28.0,jan,Night,1.0,1.0,0.0,,no,181.0,104.74107124804186,3.870327931426325,no
124411.0,36.0,technician,divorced,tertiary,yes,no,,3.0,jun,Afternoon,1.0,1.0,0.0,,no,1762.0,102.93578337928629,1.7488807597785736,no
143087.0,49.0,management,,tertiary,no,no,call,21.0,nov,eve,1.0,1.0,0.0,,no,412.0,86.91192899946465,1.9763636015399388,no
159175.0,61.0,admin.,married,secondary,no,no,call,12.0,mar,Evening,1.0,1.0,0.0,,no,4608.0,101.36502231708539,5.678348947635771,yes
132985.0,32.0,services,married,secondary,yes,no,call,25.0,jul,eve,10.0,10.0,0.0,,no,0.0,96.79157180693772,3.575621944242357,no
127902.0,35.0,services,married,secondary,no,no,,20.0,jun,Evening,10.0,10.0,0.0,,no,2672.0,87.51737387974427,3.3130844582613284,no
158767.0,42.0,technician,married,tertiary,yes,no,call,4.0,feb,Night,4.0,4.0,0.0,,no,3777.0,90.5438542578275,2.157737607013327,no
122201.0,40.0,blue-collar,married,primary,yes,no,,27.0,may,Night,1.0,1.0,0.0,,yes,-56.0,98.76166751760037,5.369132635763798,no
157267.0,43.0,management,divorced,,no,no,call,1.0,sep,Afternoon,7.0,7.0,3.0,success,no,7702.0,105.88699420934859,3.843208443800691,no
141306.0,31.0,management,married,tertiary,yes,yes,call,18.0,nov,Night,2.0,2.0,3.0,failure,no,1164.0,81.80668210937506,5.501661030960457,no
147898.0,30.0,self-employed,married,secondary,yes,no,call,13.0,apr,Night ,4.0,4.0,0.0,,no,1772.0,92.96897329844096,7.7468166140397745,no
132628.0,36.0,services,married,,no,yes,call,24.0,jul,Morning,1.0,1.0,0.0,,no,-19.0,108.79601546580895,2.423118110752751,no
146953.0,37.0,technician,married,tertiary,yes,no,call,13.0,feb,Night,1.0,1.0,0.0,,no,127.0,88.04420887659747,4.280256206429423,yes
128526.0,34.0,admin.,divorced,secondary,no,,,4.0,jul,Night ,1.0,1.0,0.0,,no,183.0,88.87968533214888,4.814426834006071,no
139579.0,34.0,technician,married,secondary,no,no,call,28.0,aug,eve,1.0,1.0,0.0,,no,33.0,113.35476256643261,6.573686094820252,no
116349.0,37.0,technician,married,secondary,yes,No,,6.0,may,Night,1.0,1.0,0.0,,no,1.0,95.41409093537729,3.8758793707167256,yes
136314.0,,blue-collar,divorced,primary,no,yes,call,12.0,aug,Afternoon,2.0,2.0,0.0,,no,1280.0,95.60110195465761,3.648778398713014,no
122936.0,33.0,services,married,secondary,yes,no,,28.0,may,eve,2.0,2.0,0.0,,no,-384.0,84.21734115944032,4.3522247034889014,no
148114.0,43.0,blue-collar,married,primary,yes,no,call,16.0,apr,Evening,1.0,1.0,0.0,,no,985.0,92.97535960523787,7.57262425970588,no
134730.0,38.0,technician,married,secondary,yes,No,call,4.0,aug,Afternoon,1.0,1.0,0.0,,no,,101.11913158524038,6.385412537507073,no
139699.0,33.0,services,married,secondary,no,no,call,29.0,aug,eve,2.0,2.0,0.0,,no,28.0,99.1023257178789,5.109063706969274,no
133740.0,56.0,services,divorced,secondary,no,no,call,29.0,jul,Night ,6.0,6.0,0.0,,no,1007.0,101.7395470267728,6.106661224916827,no
137112.0,57.0,retired,married,secondary,no,no,call,18.0,aug,Night,6.0,6.0,0.0,,no,2774.0,109.94827511698148,2.4342432488953714,no
152084.0,42.0,technician,single,secondary,yes,No,call,11.0,may,Evening,1.0,1.0,0.0,,no,-853.0,106.75570439220817,5.828243855508364,no
141982.0,31.0,management,single,tertiary,yes,no,call,19.0,nov,eve,2.0,2.0,0.0,,no,8436.0,101.3638623555896,4.4853957948430105,no
145767.0,31.0,technician,single,tertiary,no,no,call,4.0,feb,Morning,3.0,3.0,0.0,,no,454.0,104.77366174557066,1.74118321004598,no
136998.0,48.0,management,single,tertiary,no,no,call,14.0,aug,morning,2.0,2.0,0.0,,no,4558.0,104.46763483645807,6.513114964843513,no
155266.0,45.0,admin.,married,secondary,no,no,call,,may,Night ,1.0,1.0,0.0,,no,6971.0,108.28587952990718,5.291080353017243,no
153520.0,37.0,management,single,tertiary,yes,No,call,14.0,may,Morning,1.0,1.0,0.0,,no,833.0,102.84698762263383,7.406238609097286,no
160934.0,64.0,retired,married,secondary,yes,no,call,18.0,oct,eve,1.0,1.0,0.0,,no,466.0,95.55752992773128,5.362735234303248,yes
147351.0,32.0,technician,single,tertiary,yes,no,call,1.0,apr,Night,2.0,2.0,2.0,failure,no,392.0,103.00380305594388,2.113732258327315,no
138100.0,50.0,management,married,tertiary,no,no,call,21.0,aug,Night ,2.0,2.0,0.0,,no,0.0,120.04413352261814,5.477928455379244,no
157278.0,37.0,entrepreneur,married,tertiary,no,no,call,1.0,sep,eve,1.0,1.0,0.0,,no,310.0,92.49672434861458,3.567347448098364,no
155090.0,24.0,services,single,secondary,yes,yes,call,18.0,may,Morning,2.0,2.0,0.0,,no,1299.0,99.20297139777031,6.174689432751683,no
158227.0,78.0,retired,married,tertiary,no,No,SMS,17.0,nov,morning,1.0,1.0,0.0,,no,1204.0,98.23929657074713,5.116009060747929,yes
139145.0,32.0,management,single,tertiary,no,no,call,27.0,aug,morning,2.0,2.0,0.0,,no,0.0,96.3643240211796,7.367899149559976,no
143499.0,52.0,entrepreneur,married,tertiary,no,yes,call,21.0,nov,Evening,2.0,2.0,0.0,,no,2309.0,93.09414078174844,2.4319490853088617,no
116522.0,56.0,admin.,divorced,,yes,no,,6.0,may,morning,2.0,2.0,0.0,,no,4246.0,103.9181600491442,5.0067401177049735,no
147123.0,27.0,student,single,secondary,no,no,call,3.0,mar,eve,1.0,1.0,0.0,,no,1177.0,92.10821054152761,5.902738385661266,no
133796.0,47.0,admin.,single,secondary,yes,no,call,30.0,jul,morning,2.0,2.0,0.0,,no,-874.0,112.09210405806948,,no
134161.0,43.0,admin.,married,secondary,no,yes,call,31.0,jul,eve,3.0,3.0,0.0,,no,1996.0,101.20632795041199,3.6370095214233538,no
144765.0,41.0,blue-collar,divorced,secondary,yes,no,call,30.0,jan,Afternoon,3.0,3.0,2.0,failure,,-333.0,119.27864146687628,2.778531644471115,no
141243.0,40.0,management,single,secondary,no,no,call,18.0,nov,eve,3.0,3.0,1.0,failure,no,9916.0,112.65659606573486,3.6346427695266925,no
121135.0,43.0,technician,single,tertiary,yes,no,,23.0,may,Night,10.0,10.0,0.0,,no,4243.0,84.1422618911537,5.064547939457465,no
121816.0,27.0,technician,single,secondary,yes,no,,26.0,may,Morning,2.0,2.0,0.0,,no,1693.0,78.80386554374326,5.85375633903218,no
139294.0,39.0,management,single,tertiary,no,no,call,27.0,aug,morning,2.0,2.0,0.0,,no,5976.0,96.5367031583035,7.591660539360321,no
150372.0,36.0,blue-collar,single,secondary,yes,no,call,5.0,may,morning,1.0,1.0,2.0,other,no,767.0,94.72407799230311,5.4207633536424105,no
140451.0,38.0,blue-collar,single,secondary,yes,yes,SMS,17.0,nov,Afternoon,1.0,1.0,0.0,,no,1012.0,106.9325386198655,3.005841256733135,no
154441.0,27.0,self-employed,single,tertiary,yes,no,call,15.0,may,eve,2.0,2.0,0.0,,no,362.0,93.96213792497744,7.532916193525475,no
135183.0,40.0,management,single,tertiary,no,no,call,,,Morning,6.0,6.0,0.0,,no,0.0,96.89423624776578,5.617955185456186,yes
126849.0,35.0,blue-collar,married,,no,No,,17.0,jun,Afternoon,2.0,2.0,0.0,,no,53.0,100.1743079599372,2.5166854613932172,no
119617.0,44.0,housemaid,married,primary,yes,yes,,16.0,may,eve,2.0,2.0,0.0,,yes,-972.0,96.95942998510446,4.268836515947273,no
144312.0,33.0,technician,divorced,,yes,no,call,29.0,jan,morning,1.0,1.0,7.0,other,no,1279.0,93.4419158725172,2.9782014796477534,no
132080.0,34.0,blue-collar,married,secondary,yes,yes,email,22.0,jul,Afternoon,11.0,11.0,0.0,,no,1650.0,106.45121022924134,5.570187329446423,no
160397.0,22.0,self-employed,single,secondary,no,yes,call,10.0,aug,Morning,1.0,1.0,2.0,other,no,2138.0,117.26067701278433,5.079359063969649,yes
133273.0,41.0,housemaid,married,secondary,yes,no,email,28.0,jul,Afternoon,2.0,2.0,0.0,,no,0.0,110.8285357018047,3.386892387315916,no
158212.0,30.0,admin.,married,tertiary,yes,yes,call,16.0,nov,eve,1.0,1.0,0.0,,no,42.0,109.8580833977353,4.896016829373839,no
131872.0,38.0,technician,married,secondary,yes,no,call,22.0,jul,Afternoon,1.0,1.0,0.0,,no,0.0,110.09055166981763,6.0085082698406715,yes
148863.0,47.0,blue-collar,divorced,secondary,yes,yes,call,17.0,apr,Afternoon,2.0,2.0,0.0,,no,3823.0,107.39332538150862,3.3771410305167366,no
142724.0,35.0,services,single,secondary,no,no,email,20.0,nov,Night,3.0,3.0,0.0,,no,7242.0,94.39974835163237,4.615382011191048,no
138837.0,58.0,retired,married,primary,no,no,call,26.0,aug,eve,4.0,4.0,0.0,,no,1.0,96.54290389992764,2.358856221882567,no
135048.0,45.0,services,married,secondary,no,no,call,5.0,aug,Afternoon,2.0,2.0,0.0,,no,,97.45425227285003,6.480030167578801,no
134011.0,46.0,retired,married,secondary,no,,call,30.0,jul,Afternoon,2.0,2.0,0.0,,no,119.0,101.29144270497261,5.608342383651824,no
126816.0,56.0,management,divorced,secondary,yes,no,,17.0,jun,Morning,1.0,1.0,0.0,,no,278.0,106.37315743921053,7.090178622996314,no
118244.0,45.0,blue-collar,married,primary,yes,no,,13.0,may,Afternoon,2.0,2.0,0.0,,no,323.0,99.86769065964755,4.497344742672486,no
153249.0,35.0,management,single,tertiary,yes,no,call,13.0,may,Morning,1.0,1.0,1.0,failure,no,1396.0,97.9858076779718,5.398212087919822,yes
131480.0,31.0,technician,married,secondary,yes,no,call,21.0,jul,eve,2.0,2.0,0.0,,no,1951.0,93.34485269329252,3.7391605529115335,no
160376.0,28.0,management,single,tertiary,no,no,SMS,9.0,aug,Afternoon,1.0,1.0,35.0,failure,no,6791.0,109.74286490328977,3.653031008516878,no
145630.0,60.0,technician,married,primary,yes,No,call,4.0,feb,morning,1.0,1.0,1.0,failure,no,4243.0,84.46480084623747,5.470347562187877,no
141777.0,57.0,technician,married,secondary,no,no,call,19.0,nov,Morning,2.0,2.0,0.0,,no,6164.0,99.1091171124546,7.6619588210118454,no
130623.0,40.0,services,married,secondary,no,no,call,15.0,jul,Afternoon,4.0,4.0,0.0,,no,,97.35586376892684,5.467202031052837,no
116278.0,57.0,technician,married,,yes,no,,6.0,may,Night,1.0,1.0,0.0,,no,345.0,100.09642158027339,5.062589767657101,no
151413.0,33.0,blue-collar,married,primary,yes,no,call,7.0,may,Afternoon,2.0,2.0,0.0,,no,50.0,107.26139718960896,6.289567571622342,no
157633.0,57.0,housemaid,single,secondary,no,no,call,8.0,oct,Night ,1.0,1.0,0.0,,no,254.0,105.0420114110539,5.208081358209165,no
121101.0,35.0,management,single,tertiary,yes,no,,23.0,may,morning,3.0,3.0,0.0,,no,3137.0,92.63876353465601,1.4286536356229842,no
130011.0,38.0,entrepreneur,married,primary,,no,call,11.0,jul,eve,2.0,2.0,0.0,,no,-21.0,105.07660976898482,5.1144853234363215,no
136210.0,30.0,technician,single,tertiary,no,no,call,11.0,aug,Evening,1.0,1.0,0.0,,no,2784.0,86.64786478443511,4.688970414401176,no
154136.0,39.0,blue-collar,divorced,secondary,yes,yes,call,15.0,may,Night ,4.0,4.0,0.0,,yes,-202.0,105.06892576429861,6.006755660416539,no
150990.0,46.0,blue-collar,married,secondary,yes,no,SMS,6.0,may,Night,3.0,3.0,4.0,failure,no,-1400.0,104.34024870440959,6.556005774652551,no
160795.0,38.0,services,married,secondary,no,no,call,,sep,Night ,2.0,2.0,1.0,success,,2678.0,99.05422210759762,5.749791083286102,yes
132071.0,31.0,admin.,married,secondary,yes,no,call,22.0,jul,Afternoon,5.0,5.0,0.0,,no,-241.0,91.5295028278848,4.378799406854139,no
158999.0,45.0,management,single,tertiary,no,no,call,23.0,feb,Night,2.0,2.0,11.0,other,no,483.0,109.01962419516245,4.7297108341261085,yes
146347.0,58.0,technician,married,secondary,yes,No,call,5.0,feb,Afternoon,1.0,1.0,1.0,failure,no,0.0,115.02389246972393,3.0539902493696145,no
124742.0,39.0,blue-collar,married,primary,yes,No,,4.0,jun,Night,1.0,1.0,0.0,,no,295.0,106.670753713874,2.339174576742998,no
121437.0,31.0,self-employed,married,primary,yes,no,,23.0,may,morning,2.0,2.0,0.0,,no,1074.0,98.31231872305963,6.126061063258189,no
116285.0,27.0,admin.,married,secondary,yes,,,6.0,may,Night,1.0,1.0,0.0,,no,4.0,114.7440757064937,4.504138803585824,no
120761.0,31.0,blue-collar,married,secondary,yes,no,,21.0,may,morning,1.0,1.0,0.0,,no,1914.0,99.03202876680733,4.619103617677335,no
133579.0,46.0,entrepreneur,married,secondary,no,no,call,29.0,jul,Afternoon,12.0,12.0,0.0,,no,0.0,121.28880432647607,4.000639508908943,no
159788.0,83.0,retired,married,tertiary,no,no,SMS,9.0,jun,Night ,2.0,2.0,1.0,success,no,4761.0,80.48116300474678,7.935405490817031,no
157729.0,74.0,retired,married,primary,no,no,SMS,15.0,oct,Evening,1.0,1.0,0.0,,no,279.0,119.27872826817291,5.204561880811988,no
124654.0,29.0,admin.,single,secondary,yes,yes,,4.0,jun,morning,1.0,1.0,0.0,,no,-309.0,108.10631349604004,4.683759214110292,no
122337.0,34.0,management,married,secondary,yes,no,,27.0,may,Night ,2.0,2.0,0.0,,no,-311.0,83.4789556735556,3.7708887144053227,no
135589.0,33.0,management,single,tertiary,no,no,call,7.0,aug,Night ,3.0,3.0,0.0,,no,605.0,106.20793789638093,1.1703846603955421,no
138537.0,50.0,services,,secondary,no,no,call,25.0,aug,Night,4.0,4.0,0.0,,no,26394.0,100.45210008507892,4.086285924551326,no
150507.0,35.0,services,single,secondary,yes,no,call,5.0,may,Evening,2.0,2.0,1.0,failure,no,1239.0,120.20058647852593,6.06050963340225,no
160979.0,31.0,technician,,secondary,yes,no,call,22.0,oct,Evening,2.0,2.0,0.0,,no,845.0,117.88303238289615,7.695814595905217,no
151535.0,44.0,entrepreneur,married,primary,no,no,call,8.0,may,morning,2.0,2.0,0.0,,no,5039.0,95.56942308737237,4.396216432602227,no
118680.0,46.0,blue-collar,married,primary,yes,no,,14.0,may,Morning,1.0,1.0,0.0,,no,0.0,86.38566328622855,4.777571495612491,no
143351.0,37.0,management,married,tertiary,no,no,call,21.0,nov,morning,3.0,3.0,0.0,,no,2951.0,105.92050845470203,0.6615987869493694,no
147230.0,61.0,management,married,tertiary,no,no,call,13.0,mar,Evening,1.0,1.0,0.0,,no,5157.0,80.98997628530753,6.113795070672375,no
147819.0,37.0,technician,single,secondary,yes,no,call,9.0,apr,Night ,5.0,5.0,3.0,other,no,1590.0,89.6967432502561,5.552644580079269,no
159785.0,80.0,retired,married,secondary,no,no,email,9.0,jun,Evening,1.0,1.0,12.0,failure,no,8304.0,106.3725760185524,5.530575501337221,yes
148543.0,55.0,services,married,secondary,yes,no,call,17.0,apr,eve,1.0,1.0,0.0,,no,2990.0,86.96793459178934,5.38287858922631,no
148127.0,37.0,management,single,tertiary,yes,no,call,16.0,apr,morning,1.0,1.0,0.0,,no,-670.0,91.3236137088609,4.539676325126746,no
160243.0,39.0,entrepreneur,married,secondary,no,no,call,30.0,jul,Morning,3.0,3.0,0.0,,no,689.0,110.06441716511478,8.144490042209835,no
117333.0,22.0,technician,single,secondary,yes,yes,,8.0,may,morning,6.0,6.0,0.0,,no,54.0,70.79373010357371,5.830028974949105,no
152042.0,36.0,self-employed,married,secondary,yes,no,call,11.0,may,Afternoon,1.0,1.0,0.0,,no,0.0,94.94938866468092,6.167864069012208,no
134039.0,43.0,housemaid,married,primary,yes,yes,call,,jul,Night ,2.0,2.0,0.0,,no,410.0,100.60897480489113,5.3549161559748795,no
121818.0,29.0,student,single,tertiary,no,no,,26.0,may,Night ,3.0,3.0,0.0,,no,0.0,91.08627033096852,6.870460057676093,no
119799.0,60.0,retired,married,primary,yes,no,,16.0,may,Night,1.0,1.0,0.0,,no,458.0,92.12732558255465,4.39951475443,no
126795.0,53.0,technician,divorced,secondary,no,yes,,17.0,jun,eve,1.0,1.0,0.0,,no,305.0,81.2213775905283,6.359355092749655,no
152203.0,43.0,services,married,secondary,yes,yes,call,11.0,may,Morning,1.0,1.0,0.0,,no,216.0,98.6902943052683,6.001756396779413,no
124888.0,59.0,retired,married,secondary,no,no,,5.0,jun,Night ,1.0,1.0,0.0,,no,56.0,101.21986394476141,4.672654660863337,no
126060.0,58.0,,,,no,no,,11.0,jun,Night,2.0,2.0,0.0,,no,0.0,91.92697836909721,4.207492754069488,no
149999.0,34.0,management,married,tertiary,yes,no,call,,apr,Evening,1.0,1.0,1.0,success,no,0.0,109.8009093349793,6.320140478594098,yes
148198.0,37.0,technician,married,secondary,yes,no,call,16.0,apr,Night ,1.0,1.0,0.0,,no,952.0,95.28396030788153,5.344735494652706,no
150813.0,36.0,management,single,tertiary,yes,no,call,6.0,may,eve,2.0,2.0,1.0,success,no,7506.0,89.33673485757089,2.839145058426808,yes
117784.0,31.0,blue-collar,married,secondary,yes,no,,9.0,may,Evening,2.0,2.0,0.0,,no,4471.0,94.52638495812397,6.312346773137715,no
158846.0,18.0,student,single,,no,no,call,9.0,feb,morning,1.0,1.0,1.0,success,no,108.0,94.54399612817767,4.255697237238055,yes
144398.0,40.0,management,single,tertiary,no,no,call,29.0,jan,Night ,2.0,2.0,0.0,,no,732.0,96.0969329214533,3.3213864118523797,no
153923.0,51.0,self-employed,married,secondary,yes,no,call,14.0,may,Evening,4.0,4.0,0.0,,no,421.0,110.97437236935387,6.244575349667693,no
117204.0,31.0,management,single,tertiary,yes,no,,8.0,may,morning,1.0,1.0,0.0,,no,1315.0,91.95020370064627,3.9777429547522507,no
158907.0,29.0,technician,single,secondary,no,no,call,12.0,feb,Night,2.0,2.0,4.0,success,no,113.0,96.08610064765308,7.319063393639974,yes
135958.0,36.0,,married,secondary,no,no,call,8.0,aug,Afternoon,8.0,8.0,0.0,,no,179.0,87.02504607126104,3.3599588019230575,no
143180.0,34.0,student,married,tertiary,yes,no,email,21.0,nov,eve,1.0,1.0,0.0,,no,3037.0,,3.9985040218827557,no
128633.0,40.0,blue-collar,married,primary,yes,,call,7.0,jul,eve,3.0,3.0,0.0,,no,254.0,107.37795249098227,5.140242266300396,no
132724.0,41.0,services,divorced,secondary,yes,yes,SMS,24.0,jul,Evening,4.0,4.0,0.0,,no,1838.0,101.34365424397673,8.024102258890562,no
123462.0,30.0,blue-collar,married,primary,yes,no,,30.0,may,Evening,5.0,5.0,0.0,,no,-430.0,96.10841112118425,4.496736082238021,no
159591.0,37.0,management,married,tertiary,yes,no,call,13.0,may,eve,1.0,1.0,10.0,success,no,2987.0,97.0072564629194,4.91993891105516,yes
121386.0,33.0,blue-collar,married,secondary,yes,no,,23.0,may,eve,2.0,2.0,0.0,,no,1541.0,111.27720644243031,1.3660521810698931,no
120223.0,46.0,technician,divorced,,no,no,,19.0,may,Night ,5.0,5.0,0.0,,no,103.0,92.53518314377968,7.252667975732884,no
151372.0,36.0,admin.,divorced,secondary,yes,no,call,7.0,may,Afternoon,2.0,2.0,0.0,,no,181.0,110.32328824738386,3.512142619560045,no
156606.0,37.0,technician,married,secondary,no,no,call,7.0,aug,Night,1.0,1.0,4.0,other,no,318.0,96.43655566962329,9.504269945068309,no
154955.0,42.0,self-employed,divorced,secondary,yes,yes,call,18.0,may,Night ,1.0,1.0,0.0,,no,35.0,108.42125434931252,3.3095681870287565,no
150159.0,36.0,management,single,tertiary,no,no,call,4.0,may,Evening,1.0,1.0,0.0,,no,,91.41534347179403,6.395846057862503,no
150331.0,27.0,services,single,secondary,yes,no,call,5.0,may,eve,1.0,1.0,9.0,failure,no,-72.0,95.87678176799696,6.512146426224504,no
116946.0,36.0,blue-collar,married,primary,yes,no,,7.0,may,Morning,3.0,3.0,0.0,,no,,101.60366315954839,3.265931667228397,no
128855.0,49.0,self-employed,single,secondary,yes,no,call,7.0,jul,morning,4.0,4.0,0.0,,no,766.0,99.22793194896221,6.559845078507747,no
147277.0,41.0,management,single,tertiary,no,yes,call,24.0,mar,Night,1.0,1.0,3.0,other,no,120.0,98.8292448402691,7.3969291837889655,no
147705.0,50.0,technician,single,secondary,yes,no,call,8.0,apr,Night,1.0,1.0,2.0,failure,no,-97.0,84.27146104753267,3.945131063889227,no
160200.0,41.0,retired,single,primary,no,no,call,27.0,jul,Night,1.0,1.0,1.0,failure,no,2579.0,100.00560521757461,2.825478364288978,no
150167.0,32.0,technician,married,secondary,yes,no,call,4.0,may,Afternoon,2.0,2.0,0.0,,no,282.0,95.15913586919403,3.6339822967506006,no
140937.0,50.0,blue-collar,divorced,primary,yes,yes,call,18.0,nov,Morning,1.0,1.0,0.0,,no,155.0,83.93358389905715,5.7430056081474055,no
117967.0,59.0,retired,divorced,primary,yes,no,,12.0,may,Afternoon,7.0,7.0,0.0,,no,121.0,108.82879950051466,7.043743215080019,no
153392.0,42.0,services,married,secondary,yes,yes,call,13.0,may,Night ,2.0,2.0,7.0,failure,no,108.0,105.5751242250011,5.911519645905049,no
137267.0,32.0,management,married,tertiary,no,no,call,18.0,aug,Morning,8.0,8.0,0.0,,no,1969.0,98.54586462757013,4.159748430060734,no
154863.0,32.0,management,single,tertiary,yes,no,call,18.0,may,Night ,1.0,1.0,0.0,,no,229.0,96.8094602941272,3.6420604863117365,no
130584.0,31.0,blue-collar,married,primary,yes,no,SMS,15.0,jul,eve,7.0,7.0,0.0,,no,0.0,87.06604434127674,5.02868964727306,no
130721.0,44.0,blue-collar,married,primary,yes,no,call,16.0,jul,Night ,1.0,1.0,0.0,,no,1265.0,108.19710927271748,7.10221943304249,yes
116951.0,36.0,services,single,secondary,yes,no,,7.0,may,morning,2.0,2.0,0.0,,no,174.0,78.31053034007999,4.7960739877096445,no
149103.0,35.0,technician,single,tertiary,no,no,call,20.0,apr,Evening,5.0,5.0,5.0,failure,no,122.0,97.28260220959119,1.8719910389646701,no
120762.0,34.0,services,married,secondary,yes,No,,21.0,may,eve,3.0,3.0,0.0,,no,1270.0,133.0631211112589,2.2589008736249774,no
131450.0,44.0,admin.,divorced,secondary,no,no,call,21.0,jul,Night ,4.0,4.0,0.0,,no,4842.0,111.08166807948227,4.528353386274503,no
147537.0,35.0,technician,married,secondary,yes,no,call,6.0,apr,Evening,1.0,1.0,0.0,,no,0.0,105.3458325721581,5.73696863311887,no
139520.0,33.0,technician,,secondary,no,no,call,28.0,aug,Night ,23.0,23.0,0.0,,no,111.0,89.24851834785537,2.6841511563591967,no
147376.0,49.0,admin.,married,primary,yes,yes,call,1.0,apr,eve,2.0,2.0,4.0,other,no,686.0,87.76903729002221,6.697416374292033,no
124003.0,33.0,management,divorced,tertiary,yes,no,,2.0,jun,morning,1.0,1.0,0.0,,no,166.0,105.14478305930741,6.298888049853923,no
138586.0,49.0,admin.,married,secondary,no,no,call,25.0,aug,Evening,3.0,3.0,0.0,,no,635.0,88.69062383269915,7.255656901560737,no
120663.0,39.0,blue-collar,married,primary,yes,no,,21.0,may,Evening,1.0,1.0,0.0,,no,5.0,97.03502349157682,5.776449990758575,no
120035.0,32.0,technician,married,,no,no,,19.0,may,Night,1.0,1.0,0.0,,no,1879.0,96.45753450911862,5.363621926540807,no
144952.0,47.0,entrepreneur,married,secondary,yes,no,call,2.0,feb,eve,1.0,1.0,2.0,failure,no,583.0,91.24227480961683,,no
119463.0,32.0,services,single,secondary,,no,,15.0,may,Evening,3.0,3.0,0.0,,no,772.0,112.04165979786296,6.3570228212567415,yes
149619.0,39.0,admin.,single,secondary,yes,no,SMS,22.0,apr,Evening,8.0,8.0,5.0,other,no,720.0,110.41952668360202,4.877564299237788,no
118567.0,33.0,management,married,secondary,yes,no,,13.0,may,Afternoon,3.0,3.0,0.0,,no,-15.0,109.39739535362014,3.103160732406858,no
160574.0,41.0,housemaid,married,primary,no,yes,,4.0,sep,Afternoon,1.0,1.0,0.0,,no,379.0,101.7273113061793,5.417815435010822,no
147299.0,28.0,admin.,single,secondary,no,no,call,,mar,Night ,1.0,1.0,0.0,,no,1277.0,92.26229535767715,4.5199303341833375,yes
125023.0,45.0,blue-collar,married,primary,no,no,,5.0,jun,morning,3.0,3.0,0.0,,no,1227.0,102.4320037667043,5.921032220718406,no
134518.0,53.0,retired,married,tertiary,yes,no,call,31.0,jul,Night,3.0,3.0,0.0,,no,-22.0,99.69974993434123,4.455067793500605,no
133737.0,56.0,,married,,no,no,email,29.0,jul,Afternoon,4.0,4.0,0.0,,no,1032.0,93.90563816305918,1.4709367979050096,no
137315.0,35.0,management,divorced,tertiary,yes,yes,call,,aug,Morning,5.0,5.0,0.0,,no,771.0,105.27348875761196,3.5931132409861632,no
119378.0,47.0,management,divorced,tertiary,yes,no,,15.0,may,Night,2.0,2.0,0.0,,no,10399.0,107.75342753661049,1.821397356612167,no
152948.0,,services,married,secondary,yes,yes,call,13.0,may,morning,1.0,1.0,1.0,failure,no,393.0,95.14437582488993,3.9766052332136352,no
137660.0,38.0,management,married,tertiary,no,no,call,19.0,aug,Night,2.0,2.0,0.0,,no,0.0,86.85719732800172,5.926167830586212,no
143457.0,43.0,technician,married,tertiary,yes,no,call,21.0,nov,Night,4.0,4.0,0.0,,no,6673.0,96.2211501855186,4.527480454646564,no
142956.0,43.0,blue-collar,married,secondary,yes,no,call,21.0,nov,eve,1.0,1.0,0.0,,no,-128.0,102.56773013094003,2.3633593943134934,no
141029.0,35.0,management,single,tertiary,yes,no,call,18.0,nov,Night,1.0,1.0,0.0,,no,2928.0,83.19416557267219,3.509381998681489,no
154563.0,36.0,admin.,married,secondary,yes,No,call,15.0,may,eve,3.0,3.0,1.0,failure,no,2278.0,94.18765935950056,5.4890588692293125,no
152628.0,39.0,management,single,tertiary,yes,no,call,12.0,may,eve,1.0,1.0,1.0,other,no,202.0,96.20152498602705,4.668415780730859,no
128541.0,37.0,self-employed,divorced,tertiary,no,yes,,4.0,jul,Night ,3.0,3.0,0.0,,no,60.0,92.10083530880736,4.4416993233546735,no
132385.0,47.0,blue-collar,married,secondary,yes,No,SMS,23.0,jul,Evening,3.0,3.0,0.0,,no,1110.0,101.92831567516542,4.62149331798836,no
137115.0,33.0,self-employed,married,secondary,no,no,call,18.0,aug,morning,7.0,7.0,0.0,,no,0.0,106.65934377828088,6.4657963626269215,no
123788.0,31.0,technician,single,secondary,yes,no,,30.0,may,Morning,2.0,2.0,0.0,,no,1771.0,115.47419250944151,7.526126157657055,no
136891.0,54.0,services,married,secondary,no,no,call,14.0,aug,Night ,2.0,2.0,0.0,,no,131.0,107.38459605271585,6.015693110127004,no
159386.0,35.0,admin.,married,tertiary,no,no,call,19.0,,Night,2.0,2.0,1.0,failure,no,690.0,88.49036593175869,8.7717395123974,no
140268.0,45.0,management,,tertiary,yes,no,call,17.0,nov,Night,1.0,1.0,0.0,,no,77.0,107.5820264704977,6.156569255746501,no
148209.0,46.0,services,married,secondary,yes,no,call,16.0,apr,Night ,2.0,2.0,8.0,failure,no,1550.0,97.12562601147441,4.933039958158206,no
121493.0,31.0,services,married,secondary,yes,no,,23.0,may,Morning,6.0,6.0,0.0,,no,309.0,78.05722020093165,,no
125293.0,60.0,technician,married,tertiary,no,no,,6.0,jun,Afternoon,1.0,1.0,0.0,,no,0.0,95.14261004735548,4.1802679153732925,no
116397.0,45.0,blue-collar,married,primary,yes,no,,6.0,may,Morning,2.0,2.0,0.0,,no,1297.0,96.50946264038029,5.870145140918171,no
123752.0,50.0,admin.,single,secondary,yes,No,,30.0,may,Morning,8.0,8.0,0.0,,no,692.0,97.8351657514554,5.323509240440587,no
138841.0,32.0,technician,divorced,secondary,no,yes,call,26.0,aug,morning,4.0,4.0,0.0,,no,409.0,88.42471687021319,5.475823831708954,no
117197.0,40.0,technician,married,secondary,yes,no,,8.0,may,Afternoon,1.0,1.0,0.0,,no,697.0,107.75602223854732,4.50942527355987,no
131967.0,57.0,technician,married,secondary,no,yes,SMS,22.0,jul,eve,1.0,1.0,0.0,,no,272.0,96.18564353801983,3.481119881305303,no
134037.0,44.0,self-employed,single,secondary,no,no,call,30.0,jul,Afternoon,3.0,3.0,0.0,,no,0.0,102.48762959732775,5.588885968047115,no
145456.0,46.0,management,married,tertiary,yes,no,call,3.0,feb,Afternoon,1.0,1.0,1.0,failure,no,-319.0,100.75842733814586,6.874911593415679,no
119546.0,43.0,management,single,secondary,yes,yes,,16.0,may,Evening,2.0,2.0,0.0,,no,-228.0,94.24802876484338,3.3732629747312277,no
149609.0,67.0,retired,single,tertiary,no,no,SMS,21.0,apr,eve,2.0,2.0,0.0,,no,2144.0,109.23031330704178,4.591285608672145,yes
154947.0,29.0,management,single,tertiary,yes,no,call,18.0,may,Night ,2.0,2.0,0.0,,no,797.0,82.65096998460456,5.313937187407564,no
116630.0,55.0,retired,married,secondary,yes,no,,6.0,may,eve,3.0,3.0,0.0,,no,143.0,112.77067107070997,5.251724633342787,no
135570.0,52.0,management,divorced,tertiary,yes,no,call,7.0,aug,Night,3.0,3.0,0.0,,no,-803.0,88.2392750618038,7.348323087745436,no
158095.0,47.0,admin.,married,secondary,no,no,call,10.0,nov,eve,1.0,1.0,1.0,other,no,0.0,86.7471022245123,6.013357519649883,yes
153447.0,55.0,entrepreneur,divorced,tertiary,yes,no,email,14.0,may,eve,3.0,3.0,0.0,,no,903.0,96.44541740771717,4.895836217363776,no
116451.0,42.0,technician,married,secondary,yes,no,,6.0,may,eve,2.0,2.0,0.0,,no,315.0,107.41561036874847,3.363203798098773,no
135361.0,37.0,management,married,tertiary,no,no,call,7.0,aug,eve,2.0,2.0,0.0,,no,649.0,122.33180955560087,6.061560705057148,no
116730.0,35.0,blue-collar,single,,,no,,7.0,may,Night ,1.0,1.0,0.0,,yes,-532.0,101.42163009503352,6.0432495274535585,no
154711.0,36.0,admin.,single,secondary,yes,no,call,18.0,may,Afternoon,1.0,1.0,2.0,success,no,507.0,82.3869212744165,4.165498838133201,no
155068.0,54.0,retired,divorced,secondary,no,yes,call,18.0,may,morning,4.0,4.0,5.0,failure,no,451.0,97.28448265687634,4.122963688233736,no
143917.0,42.0,self-employed,married,secondary,no,no,call,28.0,jan,Evening,2.0,2.0,0.0,,no,399.0,95.35476531790941,5.525556001325102,no
131970.0,55.0,management,divorced,tertiary,yes,no,call,22.0,jul,Night ,2.0,2.0,0.0,,no,3092.0,87.31147881510593,6.423848612095259,no
127332.0,40.0,unemployed,single,primary,,no,,19.0,jun,morning,2.0,2.0,0.0,,no,5613.0,101.86053999178476,3.6284010056309106,no
158209.0,21.0,student,single,secondary,no,no,call,16.0,nov,Morning,1.0,1.0,0.0,,no,347.0,109.5550760778539,3.0974655780367355,no
125636.0,42.0,management,married,primary,no,no,,9.0,jun,Morning,1.0,1.0,0.0,,no,0.0,112.61810915260205,4.675140749696433,no
152350.0,47.0,admin.,single,secondary,yes,no,email,11.0,may,morning,3.0,3.0,3.0,other,no,3957.0,114.1324833438731,6.354399651172196,no
141327.0,34.0,entrepreneur,married,secondary,yes,no,call,18.0,nov,eve,2.0,2.0,0.0,,no,1368.0,99.17345587152083,6.3129045179964,no
151104.0,27.0,services,married,secondary,yes,no,call,7.0,may,Morning,1.0,1.0,2.0,other,no,58.0,100.48246042735255,5.580649199074966,no
130425.0,43.0,management,married,tertiary,yes,yes,call,15.0,jul,Night,3.0,3.0,0.0,,no,254.0,124.40164169197149,4.0718692641007115,no
139096.0,59.0,retired,married,secondary,no,no,call,27.0,aug,Evening,6.0,6.0,0.0,,no,2396.0,87.87943682955652,5.936356146221429,yes
130411.0,59.0,management,married,tertiary,no,yes,call,15.0,jul,morning,3.0,3.0,0.0,,no,296.0,98.09333392855162,4.671143308617081,yes
137551.0,51.0,blue-collar,married,secondary,no,no,call,19.0,aug,Evening,2.0,2.0,0.0,,no,950.0,110.59236944920404,6.553386812534055,no
153179.0,34.0,blue-collar,married,secondary,yes,No,call,13.0,may,Night ,1.0,1.0,9.0,failure,no,7063.0,114.30106205669445,5.474153445554455,no
118248.0,24.0,technician,single,secondary,yes,yes,,13.0,may,Night ,2.0,2.0,0.0,,no,-126.0,90.64577737400442,4.16471014187008,no
144355.0,57.0,unemployed,married,,no,no,call,29.0,jan,eve,1.0,1.0,0.0,,no,381.0,97.78766010224098,2.6301788076073462,no
152921.0,46.0,blue-collar,married,primary,no,no,SMS,,may,Night,1.0,1.0,1.0,failure,no,,96.84865222386172,6.133164490232103,no
133271.0,59.0,housemaid,married,primary,yes,no,call,28.0,jul,Morning,5.0,5.0,0.0,,no,88.0,88.28657884974021,6.924438709502676,no
125979.0,59.0,management,married,tertiary,no,no,,11.0,jun,Afternoon,1.0,1.0,0.0,,no,1574.0,119.04235835008836,4.955924060803482,no
141105.0,34.0,blue-collar,married,primary,yes,No,call,18.0,nov,morning,2.0,2.0,1.0,failure,no,500.0,90.99029045727283,2.4636992582565753,no
142720.0,,blue-collar,,primary,yes,no,call,20.0,nov,Afternoon,3.0,3.0,0.0,,no,5206.0,106.91737501317158,4.862960443234681,no
141645.0,51.0,management,married,tertiary,yes,no,call,19.0,nov,Night,3.0,3.0,0.0,,no,94.0,115.45896516127031,6.452878243568691,no
127558.0,57.0,,married,,no,no,,20.0,jun,morning,5.0,5.0,0.0,,no,2266.0,92.9044352333708,7.726508461834791,no
158539.0,24.0,student,single,secondary,no,no,call,13.0,jan,Evening,2.0,2.0,0.0,,no,3176.0,93.9249412690165,6.728698776437087,yes
160172.0,26.0,student,single,secondary,no,no,call,26.0,jul,eve,1.0,1.0,1.0,failure,no,3090.0,84.20924899615083,3.2689669203747056,no
158699.0,26.0,admin.,single,secondary,no,no,call,29.0,jan,Afternoon,1.0,1.0,3.0,success,no,338.0,102.8217831813964,4.077367914310941,no
150545.0,45.0,admin.,married,secondary,yes,no,call,5.0,may,Morning,2.0,2.0,2.0,failure,no,251.0,86.22855408245302,4.867304394846512,no
125818.0,42.0,admin.,married,secondary,no,no,,9.0,jun,Night,3.0,3.0,0.0,,no,1030.0,101.18467105999876,,no
155058.0,27.0,blue-collar,single,secondary,yes,no,call,18.0,may,Evening,4.0,4.0,0.0,,no,240.0,94.91315989159534,4.241421780684445,no
155354.0,35.0,admin.,married,secondary,yes,no,call,25.0,may,Night,1.0,1.0,1.0,other,no,514.0,94.93113192033792,7.5829747574892785,no
121974.0,37.0,entrepreneur,married,secondary,yes,yes,,27.0,may,eve,6.0,6.0,0.0,,no,35.0,92.24527887879357,7.442918419831964,no
125655.0,46.0,housemaid,divorced,secondary,no,no,,9.0,,Evening,1.0,1.0,0.0,,no,154.0,106.91550035575233,3.6178759765120354,no
144158.0,35.0,unemployed,single,tertiary,no,No,call,,jan,Night ,2.0,2.0,0.0,,no,4959.0,89.53799921304736,4.051960815290465,no
121802.0,42.0,blue-collar,married,,no,no,,26.0,may,Night ,2.0,2.0,0.0,,no,0.0,86.56379877071875,7.345585560538816,no
118641.0,38.0,management,divorced,tertiary,yes,no,,14.0,may,Evening,4.0,4.0,0.0,,no,547.0,102.43390561222617,1.7356682752624821,no
123629.0,37.0,technician,single,secondary,yes,no,,30.0,may,Morning,2.0,2.0,0.0,,no,786.0,96.40873029316421,6.12117193648653,no
158299.0,29.0,housemaid,single,tertiary,no,no,call,3.0,dec,Morning,1.0,1.0,1.0,success,no,19.0,70.37772676817663,2.5349131633874133,yes
121780.0,34.0,management,married,tertiary,yes,no,,26.0,may,Evening,4.0,4.0,0.0,,no,2287.0,98.78043679580739,5.0717764637500835,yes
144194.0,38.0,admin.,divorced,secondary,no,no,call,29.0,jan,Night ,1.0,1.0,0.0,,no,478.0,77.66244316443296,3.103449943385008,no
144896.0,49.0,self-employed,married,secondary,yes,no,call,2.0,feb,Afternoon,1.0,1.0,0.0,,no,289.0,93.92690389431597,5.263623964618488,no
156318.0,29.0,technician,single,tertiary,no,no,call,2.0,jul,Evening,1.0,1.0,0.0,,no,1891.0,,5.064266637067233,no
123487.0,40.0,blue-collar,married,secondary,yes,no,,,may,Morning,2.0,2.0,0.0,,no,737.0,87.65957588199814,4.106526684071415,no
139736.0,48.0,management,divorced,tertiary,yes,no,call,29.0,aug,eve,2.0,2.0,0.0,,no,700.0,107.10997727267073,4.5166974255329455,no
144459.0,36.0,entrepreneur,married,secondary,yes,No,call,,jan,Afternoon,3.0,3.0,0.0,,no,0.0,97.35111559807213,5.4745805850625775,no
160121.0,60.0,admin.,married,,no,no,call,19.0,jul,Night,2.0,2.0,8.0,failure,no,478.0,110.72596433266679,1.8346437882133113,yes
139517.0,34.0,technician,married,secondary,no,no,call,28.0,aug,Night,13.0,13.0,0.0,,no,0.0,103.40987273310355,6.203047410716424,no
140913.0,39.0,blue-collar,single,primary,no,no,call,18.0,nov,morning,1.0,1.0,0.0,,no,267.0,103.94953680006586,4.338839137164303,no
158536.0,60.0,retired,married,secondary,no,no,call,13.0,jan,Morning,3.0,3.0,0.0,,no,938.0,102.81974084821005,5.116254559040579,yes
121759.0,41.0,technician,married,secondary,yes,yes,,26.0,may,Afternoon,2.0,2.0,0.0,,no,457.0,83.85783934853464,4.301023661953519,no
156251.0,27.0,self-employed,single,tertiary,no,no,call,22.0,jun,eve,5.0,5.0,0.0,,no,147.0,100.84018864300197,5.251273699977513,no
124311.0,42.0,services,married,secondary,yes,no,,3.0,jun,Night,1.0,1.0,0.0,,no,3689.0,104.04773517270237,3.2592693708730724,no
121325.0,31.0,blue-collar,single,secondary,yes,yes,,23.0,may,Morning,2.0,2.0,0.0,,no,-78.0,109.29562051802743,5.058234724031323,no
115980.0,46.0,management,divorced,secondary,yes,yes,,5.0,may,Afternoon,2.0,2.0,0.0,,no,16.0,101.27321134929504,6.116446761925652,no
124712.0,23.0,technician,single,secondary,yes,no,,4.0,jun,Morning,2.0,2.0,0.0,,no,-306.0,93.72999680994222,5.255874662919214,no
135344.0,39.0,technician,married,tertiary,no,No,call,7.0,aug,Afternoon,2.0,2.0,0.0,,no,94.0,79.7716625434148,2.3900328529843455,no
117064.0,31.0,technician,single,tertiary,yes,no,,8.0,may,Morning,2.0,2.0,0.0,,no,703.0,109.68694519123834,7.2408376361189735,yes
130414.0,37.0,blue-collar,married,secondary,yes,no,call,15.0,jul,Night ,2.0,2.0,0.0,,no,0.0,73.89506247266173,8.693641640221065,no
159893.0,34.0,services,married,,no,no,,27.0,jun,Morning,1.0,1.0,0.0,,no,746.0,82.82063439639703,5.397058203062862,no
145901.0,31.0,technician,single,tertiary,no,no,call,4.0,feb,morning,1.0,1.0,0.0,,no,1320.0,103.29746059833715,4.6017154307019315,no
125249.0,44.0,admin.,married,secondary,no,no,,6.0,jun,Morning,1.0,1.0,0.0,,no,248.0,109.29849250088202,2.6715562506712414,no
131380.0,25.0,management,married,tertiary,yes,no,call,18.0,jul,Afternoon,4.0,4.0,0.0,,no,51.0,94.51284184802685,5.787100496306821,no
132811.0,31.0,blue-collar,married,secondary,yes,no,call,25.0,jul,morning,2.0,2.0,0.0,,,-723.0,99.17948046940434,7.578309932113544,no
155825.0,52.0,management,married,tertiary,no,no,call,2.0,jun,Evening,3.0,3.0,0.0,,no,0.0,110.40695385935952,4.017694018032916,no
147393.0,24.0,blue-collar,married,secondary,yes,No,call,2.0,apr,Evening,1.0,1.0,0.0,,no,-220.0,109.19578540062693,4.262168050308156,no
146584.0,33.0,blue-collar,single,secondary,no,no,call,6.0,feb,Night ,2.0,2.0,0.0,,no,697.0,88.55230777963817,,yes
132026.0,44.0,blue-collar,married,primary,no,no,SMS,22.0,jul,Night ,2.0,2.0,0.0,,no,318.0,102.30584362269165,3.8209846116059256,no
127041.0,46.0,management,single,tertiary,no,yes,,,jun,morning,1.0,1.0,0.0,,no,46.0,88.0890507364278,5.760469237617203,no
117923.0,41.0,admin.,single,secondary,no,yes,,9.0,may,eve,3.0,3.0,0.0,,no,-256.0,108.40356444953323,6.497113759301836,no
151969.0,36.0,services,single,secondary,yes,no,call,11.0,may,Night,1.0,1.0,0.0,,no,198.0,100.6552256436582,4.644589487705758,no
153323.0,41.0,self-employed,married,secondary,yes,no,call,13.0,may,Morning,2.0,2.0,0.0,,no,305.0,123.26165869274949,6.305613571990403,no
159371.0,,management,married,tertiary,no,no,call,15.0,apr,eve,1.0,1.0,2.0,success,no,469.0,93.38351809722616,3.689241626522339,yes
126766.0,38.0,blue-collar,married,secondary,yes,no,,17.0,jun,eve,6.0,6.0,0.0,,no,5092.0,90.44578095682651,5.3158100627034175,no
150207.0,49.0,unemployed,married,secondary,no,no,email,4.0,may,Morning,2.0,2.0,0.0,,no,207.0,95.51948896187719,3.2469544509523804,no
156799.0,69.0,retired,married,primary,no,no,call,12.0,aug,morning,1.0,1.0,4.0,success,no,324.0,92.75169125943029,4.6313790670159,no
136890.0,41.0,management,married,tertiary,no,No,call,14.0,aug,Morning,5.0,5.0,0.0,,no,1194.0,122.07553923992694,5.557901381853686,no
122240.0,,services,single,secondary,yes,no,,27.0,may,eve,1.0,1.0,0.0,,no,-267.0,93.08200022053836,5.694496207139562,no
119522.0,31.0,technician,single,tertiary,no,no,,15.0,may,eve,3.0,3.0,0.0,,no,56.0,117.70388995984652,6.871125079804159,no
158219.0,62.0,retired,married,secondary,no,no,call,17.0,nov,Night ,2.0,2.0,0.0,,no,298.0,82.21111141412437,4.945066864831815,yes
155525.0,56.0,services,divorced,primary,no,no,email,26.0,may,Night,4.0,4.0,0.0,,no,23.0,115.30179111484998,3.4477023249628775,no
155369.0,49.0,technician,divorced,secondary,no,no,call,25.0,may,Morning,2.0,2.0,0.0,,no,972.0,103.30744043176237,6.174643766964677,no
147845.0,41.0,blue-collar,married,secondary,yes,no,call,13.0,apr,Afternoon,1.0,1.0,2.0,other,no,-56.0,100.69116631759823,5.503479199507618,no
158620.0,33.0,admin.,single,tertiary,no,no,call,26.0,jan,eve,1.0,1.0,0.0,,no,0.0,102.74341470857232,3.3648189679783953,no
152348.0,36.0,services,married,secondary,yes,no,SMS,11.0,may,Morning,4.0,4.0,0.0,,no,3064.0,96.74176232677411,4.480708417097101,no
145407.0,41.0,blue-collar,married,primary,yes,no,call,3.0,feb,morning,1.0,1.0,0.0,,no,201.0,100.28467115978887,4.670690881223347,yes
147274.0,37.0,admin.,single,secondary,no,no,call,23.0,mar,eve,4.0,4.0,0.0,,no,127.0,107.5193347550222,5.255593189849989,no
121382.0,35.0,management,married,tertiary,yes,no,,23.0,may,morning,4.0,4.0,0.0,,no,8.0,92.9753336154111,3.719345664332346,no
132760.0,34.0,services,divorced,secondary,yes,yes,call,25.0,jul,Night,2.0,2.0,0.0,,no,380.0,102.06841638684865,3.8094615732728028,no
142715.0,50.0,management,married,tertiary,no,yes,call,20.0,nov,morning,6.0,6.0,0.0,,no,719.0,92.3410887670972,5.574588662675275,no
138563.0,41.0,technician,married,secondary,no,no,call,25.0,aug,morning,4.0,4.0,0.0,,no,2039.0,96.58486121123713,3.7393808319169635,no
151238.0,31.0,blue-collar,single,secondary,yes,no,call,7.0,may,Morning,2.0,2.0,1.0,other,no,0.0,86.03308688487883,6.224818074844199,no
124763.0,47.0,blue-collar,married,primary,yes,no,,4.0,jun,Evening,1.0,1.0,0.0,,no,554.0,90.56102899800396,4.493172792538077,no
142717.0,44.0,management,married,tertiary,yes,no,call,20.0,nov,Afternoon,4.0,4.0,0.0,,yes,53.0,114.48345045507146,4.714453528710401,no
150917.0,35.0,management,married,tertiary,yes,No,call,6.0,may,Night ,4.0,4.0,2.0,failure,no,272.0,99.63001793251895,5.996929740434171,no
153042.0,48.0,services,single,primary,no,no,call,13.0,may,eve,2.0,2.0,0.0,,no,-139.0,99.39526685665797,6.744538085102878,no
137684.0,58.0,retired,married,,no,no,call,20.0,aug,Morning,5.0,5.0,0.0,,no,0.0,103.48688900091679,3.8022236539809016,no
141032.0,48.0,management,married,tertiary,yes,yes,call,18.0,nov,morning,3.0,3.0,0.0,,no,-1080.0,106.12258291252878,5.77600964048351,no
121622.0,40.0,services,married,secondary,yes,no,,26.0,may,Afternoon,1.0,1.0,0.0,,no,-342.0,97.28704310334851,4.346733133144879,no
142398.0,35.0,admin.,married,secondary,yes,no,call,20.0,nov,morning,1.0,1.0,0.0,,no,5250.0,116.0564389823017,5.0876152068630045,no
129211.0,27.0,services,,secondary,yes,no,email,8.0,jul,Evening,2.0,2.0,0.0,,no,202.0,96.4112825837504,4.467799901178175,no
151021.0,38.0,management,single,tertiary,yes,no,call,6.0,may,eve,3.0,3.0,0.0,,no,104.0,90.17779165553397,5.193083433512467,yes
124644.0,51.0,technician,married,secondary,yes,no,,4.0,jun,Evening,7.0,7.0,0.0,,no,1446.0,79.36058888623101,3.27045643551444,no
153307.0,27.0,blue-collar,single,primary,yes,no,call,13.0,may,morning,2.0,2.0,0.0,,no,265.0,90.27352912712055,5.887284452407731,yes
130630.0,42.0,blue-collar,divorced,secondary,yes,no,call,15.0,jul,Night ,8.0,8.0,0.0,,no,667.0,96.1215039424588,7.646735201337076,no
160055.0,26.0,blue-collar,single,secondary,no,no,call,13.0,jul,Morning,3.0,3.0,2.0,success,no,2007.0,98.89458366287703,2.545328284958,yes
127708.0,25.0,blue-collar,married,secondary,yes,no,,20.0,jun,morning,3.0,3.0,0.0,,no,-306.0,107.52179811955587,6.442879604952907,no
131117.0,40.0,self-employed,married,tertiary,yes,no,call,17.0,jul,eve,1.0,1.0,0.0,,no,2977.0,94.17991896349676,6.0534231680493225,no
130256.0,34.0,entrepreneur,married,tertiary,yes,no,call,14.0,jul,Evening,2.0,2.0,0.0,,no,146.0,104.24773297288492,7.568762765197951,yes
159776.0,59.0,blue-collar,married,secondary,no,no,,8.0,jun,Night ,1.0,1.0,7.0,other,no,448.0,86.24172963439588,4.159107752890549,no
128199.0,42.0,management,single,tertiary,yes,no,,25.0,jun,morning,2.0,2.0,0.0,,no,433.0,95.21957521504318,5.652028342680863,no
158210.0,56.0,management,married,primary,no,no,call,16.0,nov,Evening,1.0,1.0,0.0,,no,870.0,108.31447776836792,5.53024470444489,yes
131295.0,51.0,services,married,secondary,no,no,call,18.0,jul,Night,3.0,3.0,0.0,,no,0.0,78.5614809752215,7.49551253959447,no
143789.0,35.0,management,married,tertiary,no,yes,call,28.0,jan,eve,1.0,1.0,4.0,failure,no,436.0,98.40481447804082,4.781692464234026,no
117467.0,36.0,blue-collar,married,secondary,yes,no,,8.0,may,Morning,3.0,3.0,0.0,,no,,89.5318117200487,6.839548614734475,no
139536.0,48.0,blue-collar,married,,no,no,call,28.0,aug,Night,3.0,3.0,0.0,,no,2499.0,101.78732905926354,3.617000159357864,no
136640.0,38.0,technician,married,tertiary,yes,no,call,13.0,aug,Afternoon,2.0,2.0,0.0,,no,334.0,94.5405011729251,5.423302221128603,no
140493.0,58.0,management,married,tertiary,no,no,call,17.0,nov,Afternoon,1.0,1.0,0.0,,no,1831.0,107.17521035475417,4.864126511437966,no
155986.0,24.0,student,single,secondary,no,no,call,4.0,jun,Afternoon,1.0,1.0,0.0,,no,1957.0,88.03850638097146,5.0180389361958735,no
148700.0,55.0,management,married,secondary,yes,no,call,17.0,apr,eve,1.0,1.0,0.0,,no,566.0,88.60571965401057,5.076060217323541,no
155681.0,42.0,entrepreneur,married,secondary,no,no,call,1.0,jun,Night ,1.0,1.0,1.0,success,no,707.0,91.01435069375616,5.498436517414739,no
121385.0,41.0,technician,married,tertiary,yes,yes,,23.0,may,Morning,1.0,1.0,0.0,,no,-210.0,101.20781612626182,1.3710997953961734,no
155923.0,25.0,blue-collar,single,secondary,no,no,call,3.0,jun,Night ,1.0,1.0,0.0,,no,389.0,102.83802796203017,6.644571989607092,yes
139714.0,36.0,technician,single,secondary,no,no,call,29.0,aug,Morning,2.0,2.0,0.0,,no,0.0,109.93402844508444,3.7585659172238026,no
144837.0,33.0,admin.,single,secondary,no,No,call,2.0,feb,Morning,1.0,1.0,0.0,,no,79.0,100.17360082275599,5.2672272010091685,no
127141.0,35.0,admin.,married,secondary,no,no,,18.0,jun,Morning,12.0,12.0,0.0,,,1476.0,97.49736123003,8.540414154108777,no
140333.0,54.0,unemployed,single,secondary,no,no,call,17.0,nov,Afternoon,2.0,2.0,0.0,,no,380.0,115.11546762316205,5.478347667829505,yes
134539.0,,technician,divorced,secondary,yes,yes,call,31.0,jul,Night ,3.0,3.0,0.0,,no,2677.0,100.36182452942585,8.863736541817673,no
121056.0,25.0,services,single,secondary,yes,no,,21.0,may,Night ,2.0,2.0,0.0,,no,-61.0,107.80912119748513,4.247586837938817,no
158623.0,74.0,retired,married,secondary,no,no,call,26.0,jan,eve,1.0,1.0,1.0,other,no,935.0,109.08672824434518,4.37927179046927,no
150816.0,30.0,services,single,primary,yes,No,call,6.0,may,Night,1.0,1.0,1.0,other,no,411.0,90.88274870282315,5.910262925028457,no
148622.0,29.0,management,married,tertiary,no,yes,call,17.0,apr,eve,2.0,2.0,0.0,,no,760.0,114.40979156727138,2.87378408018217,no
118020.0,35.0,blue-collar,married,secondary,yes,no,,12.0,may,Night,2.0,2.0,0.0,,no,362.0,90.26356210322919,4.439350308933931,no
138948.0,53.0,management,married,tertiary,no,no,call,26.0,aug,Afternoon,2.0,2.0,0.0,,,0.0,110.90545892087361,3.4636079017442496,no
138023.0,36.0,management,married,tertiary,no,no,call,21.0,aug,Afternoon,2.0,2.0,0.0,,no,,112.0488848001169,6.12633171082694,no
118417.0,40.0,management,married,tertiary,yes,yes,,13.0,may,Afternoon,1.0,1.0,0.0,,no,,100.83676838939994,4.651865309783719,no
121995.0,38.0,management,divorced,tertiary,yes,no,,27.0,may,Afternoon,3.0,3.0,0.0,,no,5455.0,111.96812128286992,6.0169153491058225,no
127408.0,53.0,admin.,married,secondary,no,no,,19.0,jun,Morning,1.0,1.0,0.0,,no,2955.0,87.58745174907885,4.810722317735522,no
120122.0,51.0,admin.,,secondary,yes,no,,19.0,may,morning,1.0,1.0,0.0,,no,,114.15338381838959,4.904192185104298,no
125919.0,45.0,housemaid,married,secondary,no,no,,9.0,jun,Night,3.0,3.0,0.0,,no,513.0,91.7593622755738,5.054096956550595,no
147627.0,36.0,admin.,divorced,secondary,yes,no,call,7.0,apr,Night ,3.0,3.0,1.0,failure,no,356.0,96.77242866096773,3.8819551676618334,no
119207.0,56.0,retired,married,secondary,yes,no,,15.0,may,morning,1.0,1.0,0.0,,no,344.0,86.71952683506701,5.056937758049866,no
125068.0,29.0,services,married,primary,yes,no,,5.0,jun,Night,2.0,2.0,0.0,,no,549.0,104.3866029096484,4.920497251172192,no
150502.0,37.0,services,divorced,secondary,yes,no,call,5.0,may,eve,1.0,1.0,0.0,,no,731.0,76.47488025894313,6.893558447829053,no
131993.0,57.0,services,divorced,secondary,no,yes,call,22.0,jul,Night ,2.0,2.0,0.0,,no,14.0,102.49398017730942,7.039226111184452,no
145357.0,28.0,entrepreneur,married,tertiary,no,no,call,3.0,feb,Night,3.0,3.0,6.0,failure,no,59.0,91.96693076012436,4.810727863437878,no
142270.0,56.0,technician,divorced,tertiary,yes,no,email,20.0,nov,Night ,1.0,1.0,0.0,,no,401.0,114.38004195717275,4.563748668812178,no
117163.0,26.0,blue-collar,married,secondary,yes,no,,8.0,may,Morning,1.0,1.0,0.0,,no,2770.0,98.51289418801521,3.5084504423114566,no
137349.0,40.0,technician,married,secondary,yes,no,call,18.0,aug,Afternoon,4.0,4.0,0.0,,no,169.0,107.77563950466032,2.4666691654629083,no
150037.0,33.0,blue-collar,single,secondary,no,no,call,30.0,apr,Evening,1.0,1.0,0.0,,no,498.0,113.75279587435264,2.8212114089048117,yes
120452.0,42.0,management,married,tertiary,no,No,,20.0,may,morning,12.0,12.0,0.0,,no,0.0,103.44015696113054,4.041258545408278,no
144636.0,45.0,admin.,divorced,secondary,no,No,call,30.0,jan,eve,1.0,1.0,1.0,other,no,440.0,94.23835692043637,5.285762925250283,no
130805.0,44.0,technician,single,,no,no,call,16.0,jul,morning,2.0,2.0,0.0,,no,1431.0,83.84249041776829,6.585742008104412,no
153364.0,42.0,management,married,tertiary,yes,no,call,13.0,may,Night ,5.0,5.0,1.0,other,no,1162.0,104.7872618650932,5.954218385698981,no
137689.0,55.0,technician,divorced,secondary,no,no,call,20.0,aug,Afternoon,6.0,6.0,0.0,,no,852.0,95.57266673858396,8.012478245902356,no
135597.0,32.0,management,single,tertiary,yes,no,call,7.0,aug,morning,3.0,3.0,0.0,,no,474.0,90.47849276427024,4.1565894390466465,no
145961.0,28.0,entrepreneur,single,tertiary,no,no,call,4.0,feb,eve,2.0,2.0,0.0,,no,95.0,90.48291115631646,3.9376747186721683,no
147750.0,25.0,admin.,single,tertiary,no,no,call,8.0,apr,eve,2.0,2.0,0.0,,no,1420.0,118.67026381720083,4.610738268958425,no
139687.0,51.0,blue-collar,married,primary,no,no,call,29.0,aug,Afternoon,20.0,20.0,0.0,,no,,117.31690253777876,5.394090007979913,no
149124.0,48.0,management,married,tertiary,yes,No,call,20.0,apr,Afternoon,1.0,1.0,0.0,,no,161.0,103.09044680790117,3.881733572037075,no
120840.0,36.0,blue-collar,married,primary,yes,,,21.0,may,Afternoon,2.0,2.0,0.0,,no,599.0,92.71093363629379,5.521704365499106,yes
136855.0,40.0,housemaid,married,secondary,no,no,call,14.0,aug,Afternoon,2.0,2.0,0.0,,no,864.0,95.22106659467521,3.949557679643196,no
143498.0,46.0,technician,married,secondary,no,no,call,21.0,nov,Afternoon,3.0,3.0,3.0,other,no,15120.0,99.29668299870536,5.448167935638911,no
157836.0,54.0,admin.,married,secondary,no,no,call,22.0,oct,eve,2.0,2.0,0.0,,no,0.0,96.02388870488741,4.268743399998457,no
159954.0,34.0,self-employed,single,tertiary,yes,no,,,jul,Morning,1.0,1.0,1.0,success,no,0.0,88.12976085261077,6.461392657385524,no
148659.0,35.0,management,married,tertiary,yes,yes,call,17.0,apr,Night,1.0,1.0,0.0,,no,3217.0,91.76336807065451,4.633147776002826,no
122013.0,35.0,blue-collar,married,secondary,yes,yes,,27.0,may,morning,2.0,2.0,0.0,,no,-185.0,104.79355343516053,,no
140735.0,37.0,technician,married,secondary,yes,no,call,18.0,nov,eve,1.0,1.0,6.0,failure,no,0.0,82.4975944164147,1.7301446996508867,no
143788.0,48.0,technician,married,secondary,yes,no,call,28.0,jan,eve,2.0,2.0,0.0,,no,340.0,93.17988267211913,5.8458177467642125,no
147394.0,50.0,management,divorced,tertiary,no,no,call,2.0,apr,Night,6.0,6.0,0.0,,no,405.0,97.9395964459595,6.7127366422181565,no
141591.0,33.0,management,single,tertiary,yes,no,call,19.0,nov,Night,1.0,1.0,1.0,failure,no,201.0,103.26577199080106,2.1744120835538423,no
151729.0,49.0,blue-collar,married,secondary,yes,yes,email,8.0,may,Night ,1.0,1.0,0.0,,no,863.0,119.42832062458399,4.572967120879751,no
119389.0,60.0,services,single,primary,yes,no,,15.0,may,Morning,2.0,2.0,0.0,,no,313.0,90.2336516005978,3.9553060981391,yes
123958.0,,management,married,secondary,yes,no,,2.0,jun,Night ,1.0,1.0,0.0,,no,1825.0,125.68095222010305,7.1459168563045825,no
119825.0,41.0,blue-collar,married,primary,yes,no,,16.0,may,Evening,3.0,3.0,0.0,,no,208.0,107.9598022024219,5.587110317503922,no
157885.0,22.0,student,single,secondary,no,no,call,27.0,oct,Evening,1.0,1.0,0.0,,no,23.0,116.19077336894415,3.2033628106835375,yes
117821.0,39.0,entrepreneur,married,tertiary,yes,no,,9.0,may,eve,4.0,4.0,0.0,,no,338.0,121.19974163069807,3.887844926957132,no
131414.0,31.0,blue-collar,divorced,secondary,yes,yes,call,,jul,Afternoon,4.0,4.0,0.0,,no,0.0,98.46122469333591,4.765793282210696,yes
152003.0,28.0,technician,single,secondary,yes,no,call,11.0,may,Night ,7.0,7.0,0.0,,no,389.0,97.2203674131286,2.2273080359147186,no
127788.0,35.0,self-employed,married,secondary,no,No,,20.0,jun,Morning,4.0,4.0,0.0,,no,273.0,83.6166290083386,3.404483890265249,no
124971.0,60.0,management,married,tertiary,no,yes,,5.0,jun,Morning,1.0,1.0,0.0,,no,13360.0,102.33983666411594,8.502985559165804,no
152522.0,29.0,blue-collar,married,primary,,no,call,12.0,may,eve,3.0,3.0,0.0,,no,7.0,101.82925069662085,3.712252757182462,no
120947.0,30.0,technician,single,tertiary,yes,no,,21.0,may,eve,2.0,2.0,0.0,,,1289.0,106.19533615971815,3.3228650571905742,yes
137124.0,60.0,retired,married,secondary,no,yes,call,18.0,aug,Morning,5.0,5.0,0.0,,no,7.0,96.85015997251898,7.4122732664114075,no
151520.0,40.0,admin.,divorced,secondary,yes,no,call,8.0,may,morning,2.0,2.0,2.0,failure,no,-607.0,91.51050855652355,5.982312219198064,no
126311.0,60.0,housemaid,married,primary,no,no,,12.0,jun,Evening,3.0,3.0,0.0,,no,517.0,108.6466847494844,4.485771665215423,no
150090.0,31.0,services,single,secondary,,no,call,4.0,may,Afternoon,1.0,1.0,1.0,failure,no,125.0,,5.132367367891278,no
132766.0,56.0,management,married,,no,yes,call,25.0,jul,eve,2.0,2.0,0.0,,no,353.0,91.42384554948075,5.998026976446921,no
158889.0,28.0,blue-collar,married,secondary,yes,no,call,11.0,feb,morning,1.0,1.0,4.0,success,no,61.0,80.71626554079353,4.997779537005575,yes
158853.0,35.0,admin.,single,secondary,no,yes,call,9.0,feb,eve,4.0,4.0,5.0,failure,no,-32.0,100.39950447198224,2.8045300975599043,yes
126267.0,56.0,self-employed,married,secondary,no,No,,12.0,jun,eve,1.0,1.0,0.0,,no,1113.0,96.60946307507989,6.848590001530962,no
145893.0,38.0,unemployed,married,tertiary,no,no,call,4.0,feb,Night,1.0,1.0,0.0,,no,201.0,98.8331603420869,5.903853577154764,no
122518.0,26.0,management,single,tertiary,yes,no,,28.0,may,morning,2.0,2.0,0.0,,no,6840.0,83.63181387665603,5.5008389781605675,yes
117217.0,44.0,blue-collar,,secondary,yes,no,,8.0,may,eve,1.0,1.0,0.0,,yes,-617.0,117.46275927110139,4.948412078001437,no
143077.0,53.0,entrepreneur,married,,no,no,call,21.0,nov,Evening,1.0,1.0,0.0,,no,352.0,86.71240829926036,4.515766932060871,no
141884.0,37.0,services,married,primary,yes,yes,call,19.0,nov,Morning,3.0,3.0,0.0,,yes,-483.0,102.5439091606573,,no
128978.0,46.0,management,single,tertiary,no,no,call,8.0,jul,eve,1.0,1.0,0.0,,no,3.0,99.47868555022349,3.6486808561361377,no
138143.0,37.0,self-employed,married,secondary,yes,yes,call,21.0,aug,eve,3.0,3.0,0.0,,no,,115.13694330148255,4.901381652421126,no
150148.0,34.0,management,single,tertiary,yes,,call,4.0,may,Evening,5.0,5.0,0.0,,no,2187.0,97.94516491083658,2.905325987745245,no
152186.0,41.0,housemaid,married,secondary,yes,No,call,11.0,may,Morning,1.0,1.0,0.0,,no,81.0,77.92608934934884,4.519951606019687,no
119782.0,56.0,retired,married,,yes,no,,16.0,may,Afternoon,1.0,1.0,0.0,,no,4391.0,95.02112930172652,4.919410312492885,no
133425.0,48.0,blue-collar,married,secondary,no,no,call,29.0,jul,Morning,6.0,6.0,0.0,,no,0.0,105.09684665200571,3.820720761479615,no
149061.0,43.0,admin.,married,secondary,yes,no,call,20.0,,Morning,2.0,2.0,1.0,other,no,1220.0,89.13587407561764,4.6624790196110535,no
126834.0,36.0,blue-collar,divorced,primary,no,no,,17.0,jun,Evening,4.0,4.0,0.0,,no,553.0,106.20099511991502,6.320517812726541,no
116780.0,32.0,management,married,tertiary,yes,No,,7.0,may,Night ,1.0,1.0,0.0,,no,233.0,101.28034170552836,4.650849874635119,no
135825.0,43.0,admin.,married,secondary,no,no,call,8.0,aug,eve,4.0,4.0,0.0,,no,324.0,102.93219569307843,4.2255922964347965,no
129706.0,52.0,services,married,secondary,no,no,call,10.0,jul,Morning,1.0,1.0,0.0,,no,2072.0,102.86028950100847,6.767035903054115,no
146602.0,57.0,admin.,divorced,secondary,yes,yes,call,6.0,feb,Night ,5.0,5.0,2.0,failure,yes,-435.0,86.02923290346126,4.565856447185445,no
129163.0,52.0,admin.,married,secondary,no,yes,call,8.0,jul,morning,2.0,2.0,0.0,,no,350.0,92.75212696626075,3.5471864669876565,no
152333.0,42.0,technician,married,secondary,yes,yes,call,11.0,may,Night ,2.0,2.0,0.0,,no,83.0,91.82193912912189,3.5958085335388255,no
136436.0,54.0,management,married,tertiary,no,no,call,12.0,aug,Morning,2.0,2.0,0.0,,no,1411.0,119.04273727048866,6.352412992270802,no
159984.0,48.0,management,single,tertiary,no,no,email,7.0,jul,morning,1.0,1.0,6.0,success,no,159.0,88.26071905119397,6.39656624248318,yes
129529.0,37.0,technician,,tertiary,no,no,call,9.0,jul,Night,4.0,4.0,0.0,,no,512.0,104.61450267159233,6.895660746982902,no
138546.0,36.0,management,married,tertiary,yes,no,call,25.0,aug,morning,5.0,5.0,0.0,,no,591.0,81.84836184167838,7.56307799397569,no
128320.0,38.0,blue-collar,single,primary,no,yes,,30.0,jun,Night,1.0,1.0,0.0,,no,116.0,113.7751018459431,4.889288695449007,no
121328.0,31.0,unemployed,single,tertiary,yes,no,,23.0,may,Night ,2.0,2.0,0.0,,no,1611.0,106.299971668977,4.746665293638463,no
129012.0,34.0,admin.,single,tertiary,no,yes,call,8.0,jul,morning,1.0,1.0,0.0,,no,-199.0,90.60610650871908,5.509460162299825,no
127791.0,37.0,blue-collar,single,secondary,no,no,,20.0,jun,Afternoon,12.0,12.0,0.0,,no,3876.0,104.86822119427026,8.985536985245975,no
131249.0,29.0,entrepreneur,married,secondary,yes,no,call,18.0,jul,Morning,3.0,3.0,0.0,,yes,-388.0,88.24027314863773,3.362482153509867,no
120583.0,27.0,blue-collar,single,,yes,No,,20.0,may,Night ,5.0,5.0,0.0,,no,89.0,82.79979236431492,6.562767063923598,no
126146.0,40.0,services,single,secondary,no,no,,11.0,jun,Evening,5.0,5.0,0.0,,no,316.0,109.19163862688214,5.134712148161197,no
137960.0,54.0,housemaid,married,,no,no,call,20.0,aug,eve,3.0,3.0,0.0,,no,909.0,101.93428580223797,4.914708277661945,no
134660.0,54.0,management,married,,no,no,call,31.0,jul,morning,10.0,10.0,0.0,,no,24.0,110.03983321698787,5.009843467577364,no
121561.0,30.0,technician,married,tertiary,yes,no,,26.0,may,Night ,2.0,2.0,0.0,,no,541.0,108.70091062617696,4.364236329651561,yes
146156.0,71.0,retired,married,tertiary,no,no,call,5.0,feb,Evening,2.0,2.0,0.0,,no,2651.0,95.1488162001871,2.1872237907309664,no
124874.0,39.0,admin.,married,secondary,yes,no,,5.0,jun,Evening,1.0,1.0,0.0,,no,835.0,80.34647347522679,2.239322303785098,no
159682.0,56.0,management,married,tertiary,yes,no,call,26.0,may,morning,1.0,1.0,5.0,other,,12356.0,90.87890213962288,5.486600194961526,yes
145138.0,29.0,blue-collar,married,secondary,no,no,call,2.0,feb,eve,1.0,1.0,0.0,,no,1074.0,93.85332894548367,2.4278906033044714,no
125399.0,35.0,services,single,secondary,no,no,,6.0,jun,Night ,1.0,1.0,0.0,,no,-2.0,109.4645788225387,6.567706895584763,no
130998.0,60.0,retired,divorced,tertiary,no,no,call,17.0,jul,eve,7.0,7.0,0.0,,no,129.0,102.40082351017108,4.253565913433225,no
142532.0,30.0,self-employed,single,tertiary,no,no,call,20.0,nov,Afternoon,1.0,1.0,0.0,,no,1259.0,95.44474735109485,5.003409721230873,no
158275.0,25.0,student,single,secondary,no,no,call,30.0,nov,Night,1.0,1.0,2.0,success,no,304.0,87.50264549981333,4.664560200403172,no
121530.0,53.0,blue-collar,married,primary,yes,no,,23.0,may,Evening,6.0,6.0,0.0,,no,3316.0,106.75053657389502,6.923848578849167,no
131222.0,30.0,management,married,tertiary,yes,yes,call,18.0,jul,eve,1.0,1.0,0.0,,no,593.0,90.23385213730353,4.627206883318985,no
155152.0,40.0,management,divorced,tertiary,yes,no,call,18.0,may,Evening,2.0,2.0,0.0,,no,-75.0,125.76656820762966,6.744352676037856,no
140325.0,38.0,entrepreneur,married,tertiary,yes,no,call,17.0,nov,Morning,1.0,1.0,0.0,,no,0.0,91.02573847606698,8.31267581167322,no
142566.0,46.0,admin.,divorced,secondary,no,no,call,20.0,nov,Afternoon,3.0,3.0,0.0,,no,2087.0,92.45437781877683,6.613296057508553,yes
140516.0,57.0,technician,married,secondary,no,no,,17.0,nov,Evening,2.0,2.0,21.0,other,no,1158.0,89.89263609716846,5.74165051302038,no
148673.0,44.0,management,single,tertiary,yes,no,call,17.0,apr,Afternoon,1.0,1.0,4.0,other,no,1277.0,111.84328268792457,3.37677966888002,no
131966.0,32.0,admin.,married,secondary,no,yes,call,22.0,jul,Night,2.0,2.0,0.0,,no,57.0,83.20236729111232,3.585185457336107,no
126057.0,36.0,management,single,tertiary,no,no,,11.0,jun,Night ,1.0,1.0,0.0,,no,0.0,110.04149871975595,5.538406770992222,no
123807.0,55.0,technician,divorced,tertiary,yes,no,,30.0,may,Night ,2.0,2.0,0.0,,no,264.0,,5.6800991820799585,no
144240.0,44.0,management,married,tertiary,yes,no,call,,jan,Night ,1.0,1.0,2.0,success,no,149.0,93.48296510436785,6.052656674277869,no
123118.0,41.0,management,married,secondary,yes,no,,29.0,may,eve,1.0,1.0,0.0,,no,689.0,102.07941341088689,4.585308846306644,no
120818.0,38.0,blue-collar,single,primary,yes,no,,21.0,may,Afternoon,1.0,1.0,0.0,,no,350.0,97.48334379481159,4.900636288893007,no
125782.0,58.0,management,married,secondary,no,no,,9.0,jun,Afternoon,1.0,1.0,0.0,,no,835.0,108.61026332339682,3.109115154880191,no
138722.0,30.0,management,married,tertiary,yes,no,call,25.0,aug,morning,10.0,10.0,0.0,,no,4874.0,98.18917143724755,2.6764290540636426,no
137176.0,37.0,self-employed,married,secondary,no,no,call,18.0,aug,Night ,6.0,6.0,0.0,,no,3396.0,96.39780366916688,3.2845881525363367,no
142579.0,50.0,technician,married,tertiary,no,no,call,20.0,nov,eve,2.0,2.0,1.0,failure,no,3117.0,125.56951151413554,3.2469446872537437,no
123313.0,25.0,blue-collar,single,secondary,yes,No,,29.0,may,Night ,3.0,3.0,0.0,,no,1429.0,94.83822515752523,3.9666768630385314,no
128293.0,24.0,services,single,secondary,yes,no,,27.0,jun,morning,4.0,4.0,0.0,,no,11.0,94.3244762505883,5.580570875378397,no
139591.0,30.0,technician,married,tertiary,no,no,call,28.0,aug,Morning,1.0,1.0,0.0,,no,81.0,101.65128647654018,7.718091498593889,no
133868.0,51.0,blue-collar,divorced,primary,no,no,SMS,30.0,jul,eve,2.0,2.0,0.0,,no,837.0,114.6651218591955,4.657426874953388,no
126185.0,37.0,services,married,primary,yes,yes,,12.0,jun,morning,1.0,1.0,0.0,,no,0.0,98.10423546295588,5.031614973343942,no
151681.0,46.0,blue-collar,single,secondary,yes,no,call,8.0,may,Morning,2.0,2.0,1.0,failure,no,-100.0,102.93728755967247,5.142780981397415,no
123388.0,34.0,blue-collar,married,primary,yes,no,,29.0,may,eve,6.0,6.0,0.0,,no,425.0,88.58869628719671,5.361568007721544,no
159341.0,62.0,retired,married,secondary,no,no,call,12.0,apr,Night,1.0,1.0,1.0,success,no,2917.0,102.08120493947926,8.080465301662269,no
140560.0,40.0,admin.,married,secondary,yes,yes,call,17.0,nov,morning,2.0,2.0,0.0,,no,,97.58839743926241,5.477271960152519,no
157537.0,36.0,admin.,married,tertiary,yes,no,call,29.0,sep,Afternoon,1.0,1.0,2.0,failure,no,1145.0,103.44528856357441,,no
118744.0,37.0,blue-collar,married,secondary,yes,no,,14.0,may,Morning,9.0,9.0,0.0,,no,15801.0,78.99810502662646,6.098786454471982,no
136449.0,43.0,housemaid,married,primary,,no,call,12.0,aug,Afternoon,2.0,2.0,0.0,,no,25.0,105.70105052115156,5.25356467754284,no
121211.0,42.0,services,married,primary,yes,no,,23.0,may,Evening,3.0,3.0,0.0,,no,2557.0,108.03703937137684,7.688127143612899,no
136915.0,33.0,technician,single,tertiary,no,no,call,14.0,aug,morning,2.0,2.0,0.0,,no,0.0,103.16223257451207,6.984567941152229,no
152467.0,40.0,blue-collar,married,secondary,yes,no,call,12.0,may,Night ,1.0,1.0,0.0,,no,1808.0,100.15253560133576,6.985127190127117,yes
141019.0,40.0,self-employed,married,secondary,yes,no,call,18.0,nov,Night ,1.0,1.0,0.0,,no,1216.0,95.63103194445513,4.111153085428236,no
156565.0,44.0,admin.,married,secondary,yes,no,call,6.0,aug,Afternoon,1.0,1.0,1.0,other,no,0.0,105.14289018302627,4.392162087231007,no
145832.0,39.0,admin.,single,secondary,no,no,call,4.0,feb,Night,1.0,1.0,0.0,,no,223.0,98.73700924781727,3.6744720440456007,no
150113.0,26.0,services,single,secondary,yes,no,call,4.0,may,Night ,2.0,2.0,0.0,,no,256.0,105.64540830595936,5.7914814180536744,no
150247.0,51.0,technician,single,tertiary,no,no,call,4.0,may,Night ,3.0,3.0,0.0,,no,318.0,97.78514048960142,5.817693055595975,no
152490.0,40.0,entrepreneur,married,tertiary,yes,no,call,12.0,may,morning,1.0,1.0,0.0,,no,1729.0,99.3938743033435,8.759147976453306,no
136994.0,32.0,management,single,tertiary,no,yes,call,14.0,aug,Evening,4.0,4.0,0.0,,no,1512.0,103.20061870571953,,no
154200.0,38.0,blue-collar,single,primary,,no,call,15.0,may,Afternoon,1.0,1.0,0.0,,no,1583.0,106.93665321024233,3.322210179800736,no
129536.0,52.0,housemaid,married,primary,no,yes,call,9.0,jul,Afternoon,1.0,1.0,0.0,,no,0.0,111.39780828555878,8.403325488896066,no
136004.0,56.0,management,married,tertiary,no,yes,call,11.0,aug,Evening,2.0,2.0,0.0,,no,705.0,86.69561742050263,3.974341591950469,no
130565.0,32.0,blue-collar,divorced,primary,yes,no,call,15.0,jul,eve,5.0,5.0,0.0,,no,142.0,91.46576460271703,5.988975591027601,no
159324.0,43.0,technician,divorced,,no,no,call,8.0,apr,Morning,1.0,1.0,0.0,,no,4389.0,114.69540252325308,5.494505279786983,yes
127534.0,41.0,admin.,married,secondary,no,no,,20.0,jun,morning,2.0,2.0,0.0,,no,4178.0,109.24857540109713,4.364169807218366,no
160937.0,26.0,student,single,secondary,no,No,call,18.0,oct,Night,2.0,2.0,0.0,,no,,91.13713698528976,6.368218765122208,no
146658.0,29.0,blue-collar,divorced,primary,yes,no,call,6.0,feb,Night ,7.0,7.0,0.0,,no,2.0,101.72894585071066,6.415258647125875,no
127744.0,40.0,blue-collar,married,primary,no,no,,20.0,jun,Morning,4.0,4.0,0.0,,no,0.0,110.34844601623321,3.6894601279096912,no
121147.0,32.0,technician,married,tertiary,yes,no,,23.0,may,morning,1.0,1.0,0.0,,no,1129.0,96.2670240930534,6.637113527814061,no
144972.0,53.0,management,married,secondary,yes,no,call,2.0,,Evening,1.0,1.0,2.0,failure,no,478.0,116.14643843129664,4.179238546970462,no
127941.0,49.0,technician,married,tertiary,no,no,,20.0,jun,Afternoon,3.0,3.0,0.0,,no,6138.0,90.3299523859539,5.4247697387420635,no
125025.0,53.0,services,divorced,primary,no,no,,5.0,jun,Evening,1.0,1.0,0.0,,no,3107.0,100.9276065500605,4.890960998381422,no
132888.0,39.0,housemaid,married,secondary,no,no,email,25.0,jul,Morning,8.0,8.0,0.0,,no,1444.0,,5.1546787962791365,yes
147921.0,59.0,technician,married,secondary,yes,no,call,14.0,apr,morning,1.0,1.0,0.0,,no,0.0,100.58149084968356,5.003987671738254,no
137735.0,52.0,self-employed,married,secondary,yes,no,call,20.0,aug,Afternoon,2.0,2.0,0.0,,,-163.0,98.58874432559941,6.190616305593339,no
124104.0,45.0,blue-collar,divorced,primary,yes,no,,2.0,jun,Morning,6.0,6.0,0.0,,no,6.0,97.78416273974817,2.327696146936263,no
123554.0,,blue-collar,married,primary,yes,yes,,30.0,may,Evening,2.0,2.0,0.0,,no,243.0,117.08756928549874,2.7822505355658276,no
132376.0,40.0,blue-collar,single,secondary,no,no,call,23.0,jul,Morning,2.0,2.0,0.0,,yes,61.0,89.77122436079698,2.494471400360068,no
140384.0,38.0,management,married,tertiary,yes,no,call,17.0,nov,morning,1.0,1.0,1.0,failure,no,425.0,99.60004333717704,4.2057288904196595,no
141397.0,31.0,self-employed,single,,yes,No,call,19.0,nov,Morning,1.0,1.0,2.0,other,no,7118.0,117.72347203959657,6.303524588467907,no
157779.0,30.0,unemployed,married,primary,no,no,call,19.0,oct,Evening,1.0,1.0,0.0,,no,1787.0,100.76809831718838,5.956644592573986,no
130387.0,38.0,admin.,married,secondary,no,no,call,14.0,jul,Night ,3.0,3.0,0.0,,no,-295.0,84.7316994863676,3.6136465027533036,no
139720.0,45.0,management,married,tertiary,no,no,call,29.0,aug,Evening,7.0,7.0,0.0,,no,1186.0,89.26655799444424,3.8500053441475677,no
122484.0,29.0,blue-collar,married,primary,yes,no,,28.0,may,Night ,1.0,1.0,0.0,,no,1615.0,117.48989791560896,6.377285008096472,no
150786.0,33.0,blue-collar,married,secondary,yes,yes,call,6.0,may,morning,5.0,5.0,0.0,,no,0.0,89.1040474795544,5.336822727583563,no
134357.0,39.0,management,married,tertiary,no,no,call,31.0,jul,Evening,4.0,4.0,0.0,,no,55.0,92.71273979033957,3.2758143728629765,no
160976.0,29.0,blue-collar,single,tertiary,no,No,call,22.0,oct,Night ,4.0,4.0,3.0,success,no,455.0,94.85340648089766,5.438789996982169,yes
128590.0,59.0,management,married,,no,no,call,7.0,jul,eve,3.0,3.0,0.0,,no,147.0,114.11608786364751,4.610803334101452,no
148542.0,43.0,admin.,married,secondary,yes,no,call,17.0,apr,morning,1.0,1.0,0.0,,no,316.0,97.09400012115259,2.5161292119046705,no
117147.0,43.0,services,divorced,secondary,yes,no,,8.0,may,Afternoon,1.0,1.0,0.0,,no,130.0,89.94941478043316,4.7933402141045445,no
143211.0,54.0,entrepreneur,divorced,tertiary,no,no,call,21.0,nov,Night,5.0,5.0,0.0,,no,5784.0,102.61037716281305,3.322852449963343,no
121534.0,37.0,blue-collar,married,secondary,yes,no,,26.0,may,morning,3.0,3.0,0.0,,no,152.0,109.30912761166645,4.652811437636203,no
160924.0,29.0,blue-collar,single,secondary,no,no,call,15.0,oct,eve,1.0,1.0,5.0,other,no,2806.0,105.28523932781447,4.499744009035177,no
141282.0,32.0,technician,single,tertiary,no,no,SMS,18.0,nov,eve,4.0,4.0,0.0,,no,4432.0,94.91362566466049,5.790056229982516,no
157395.0,30.0,blue-collar,single,secondary,no,yes,SMS,8.0,sep,Evening,3.0,3.0,0.0,,no,161.0,113.04760235040104,3.989652626295038,yes
135111.0,39.0,management,married,tertiary,no,no,call,6.0,aug,Morning,3.0,3.0,0.0,,no,1836.0,108.69173662230654,,yes
138737.0,33.0,management,married,tertiary,no,no,call,25.0,aug,Afternoon,8.0,8.0,0.0,,no,130.0,107.47006349968055,6.512663900756323,no
139955.0,40.0,technician,married,secondary,,no,email,21.0,oct,Evening,1.0,1.0,0.0,,no,1159.0,92.39364427836256,4.292146751467513,no
152501.0,48.0,services,divorced,secondary,yes,no,call,12.0,may,eve,3.0,3.0,3.0,other,no,-361.0,90.91689239097744,5.225647674370368,yes
147519.0,38.0,technician,married,tertiary,yes,no,call,6.0,apr,Night,10.0,10.0,0.0,,no,1997.0,94.34717984301754,4.643619829597097,no
151424.0,33.0,technician,single,secondary,yes,no,call,7.0,may,Night,2.0,2.0,0.0,,no,5214.0,104.792741437111,5.321376896652068,no
117263.0,31.0,services,married,secondary,yes,no,,8.0,may,eve,1.0,1.0,0.0,,no,28.0,85.75958063065639,6.706070044579009,no
149842.0,27.0,technician,single,tertiary,no,no,call,30.0,apr,Evening,1.0,1.0,0.0,,no,4003.0,130.48108205287429,7.140777067537719,no
122195.0,33.0,blue-collar,married,tertiary,yes,No,,27.0,may,Night ,1.0,1.0,0.0,,no,22.0,86.52174745785122,4.216806068826679,no
156345.0,54.0,admin.,married,secondary,no,no,call,3.0,jul,Evening,2.0,2.0,0.0,,no,1633.0,95.36334610197248,3.5812364490150244,yes
122460.0,34.0,blue-collar,married,primary,yes,yes,,28.0,may,morning,3.0,3.0,0.0,,no,100.0,106.06904945224143,3.284827746213746,no
131263.0,43.0,technician,single,tertiary,yes,no,call,18.0,jul,eve,1.0,1.0,0.0,,no,317.0,102.42710103190738,5.194328715691542,no
133937.0,59.0,retired,married,secondary,no,no,email,30.0,jul,Night,6.0,6.0,0.0,,no,3414.0,84.93464374312562,6.120265837169146,no
121840.0,46.0,technician,married,,yes,No,,26.0,may,Evening,2.0,2.0,0.0,,no,626.0,97.95969358060287,5.349489904884127,no
127505.0,61.0,,married,tertiary,no,no,,19.0,jun,Night ,2.0,2.0,0.0,,no,50.0,95.0257637545798,1.3872987936869587,no
160171.0,82.0,retired,married,primary,no,no,call,26.0,jul,Morning,1.0,1.0,2.0,success,no,243.0,110.00461467785061,4.6869765643817995,yes
137305.0,45.0,technician,married,secondary,no,yes,call,18.0,aug,eve,5.0,5.0,0.0,,no,-374.0,98.96019839254805,4.354724397269461,no
134034.0,57.0,services,divorced,secondary,no,no,call,30.0,jul,Morning,1.0,1.0,0.0,,no,4664.0,100.9304146871426,4.726679024074757,no
140371.0,44.0,management,single,tertiary,yes,no,call,17.0,nov,Morning,1.0,1.0,0.0,,no,300.0,96.25368608586419,6.794937310658883,no
154108.0,27.0,management,single,tertiary,yes,no,call,15.0,may,morning,1.0,1.0,0.0,,no,212.0,95.58229619100513,6.1870792584811385,no
137556.0,45.0,blue-collar,married,primary,yes,no,call,19.0,aug,Afternoon,4.0,4.0,0.0,,no,487.0,111.05932911076295,4.6382792745781405,no
118942.0,43.0,services,married,secondary,yes,no,,14.0,may,Night ,3.0,3.0,0.0,,no,823.0,93.28510493632072,7.77414465130748,no
122423.0,31.0,blue-collar,married,secondary,yes,no,,27.0,may,Evening,2.0,2.0,0.0,,no,77.0,96.77011887959574,9.037727955725106,no
156885.0,66.0,housemaid,divorced,primary,no,no,email,13.0,,Evening,1.0,1.0,0.0,,no,204.0,100.68725154773112,7.2498194499502,no
139861.0,46.0,technician,divorced,secondary,no,no,call,29.0,aug,Afternoon,2.0,2.0,0.0,,no,117.0,81.70863230156961,6.8364773653815725,no
144970.0,38.0,admin.,married,secondary,no,yes,call,2.0,feb,Evening,1.0,1.0,5.0,other,no,-500.0,103.17942633463926,4.82401939542427,no
127466.0,39.0,blue-collar,single,secondary,no,yes,,19.0,jun,Afternoon,1.0,1.0,0.0,,no,1986.0,91.61495578336395,5.139720150793701,no
149519.0,37.0,blue-collar,single,secondary,yes,no,call,20.0,apr,Morning,2.0,2.0,12.0,failure,no,2390.0,96.81123191734883,5.377997822853676,no
145342.0,46.0,blue-collar,married,secondary,no,yes,call,3.0,,Night,3.0,3.0,8.0,other,no,1232.0,111.14171855553319,5.279815154053567,no
140426.0,52.0,management,married,tertiary,yes,no,call,17.0,nov,Evening,2.0,2.0,0.0,,no,4504.0,96.73015835139242,6.600094579383673,no
130508.0,34.0,services,married,secondary,yes,no,call,15.0,jul,Night ,5.0,5.0,0.0,,no,29.0,93.5377324006492,5.5556046272462485,no
137113.0,32.0,technician,single,tertiary,no,no,call,18.0,aug,Afternoon,4.0,4.0,0.0,,no,3818.0,115.73504994400908,2.286153820665642,no
116740.0,56.0,blue-collar,married,secondary,yes,no,,7.0,may,morning,1.0,1.0,0.0,,no,-203.0,111.50496136388371,5.461295855772281,no
147909.0,39.0,services,married,secondary,yes,no,call,14.0,apr,Night,1.0,1.0,0.0,,no,554.0,116.27806811264239,5.191022442092359,no
123335.0,41.0,blue-collar,married,secondary,yes,no,,29.0,may,eve,22.0,22.0,0.0,,no,51.0,105.1340480871752,6.5847389005373955,no
133432.0,59.0,admin.,divorced,primary,yes,no,call,29.0,jul,Evening,3.0,3.0,0.0,,no,0.0,100.65035571882521,7.12536077277244,no
137496.0,58.0,admin.,married,primary,no,no,call,19.0,aug,eve,6.0,6.0,0.0,,no,0.0,96.95342331630654,4.69528763685223,no
137952.0,37.0,management,single,tertiary,no,no,call,20.0,aug,Night ,5.0,5.0,0.0,,no,0.0,98.53228290511993,5.232032002285419,no
121312.0,31.0,management,single,tertiary,yes,yes,,23.0,may,Afternoon,1.0,1.0,0.0,,no,-26.0,105.55549482901606,5.457901142153872,no
155204.0,29.0,blue-collar,single,secondary,no,no,call,18.0,may,Afternoon,2.0,2.0,0.0,,no,1472.0,100.32102119065603,7.404798162209936,no
129135.0,29.0,services,single,secondary,no,yes,call,8.0,,eve,2.0,2.0,0.0,,no,9.0,108.14865220844884,5.1710733299377925,no
134672.0,58.0,unemployed,married,primary,no,no,call,31.0,jul,Night ,5.0,5.0,0.0,,no,1183.0,79.42598400647168,3.9105966523379054,yes
126248.0,39.0,blue-collar,married,primary,no,no,,12.0,jun,Afternoon,1.0,1.0,0.0,,no,292.0,92.69322672908619,5.257959565240813,no
134160.0,34.0,management,married,tertiary,no,no,call,31.0,jul,Evening,5.0,5.0,0.0,,no,82.0,109.08134823674,5.178392321734646,no
116236.0,34.0,management,married,tertiary,yes,no,,5.0,may,eve,4.0,4.0,0.0,,no,46.0,91.70973264555805,3.849697143683981,no
148752.0,40.0,blue-collar,married,primary,yes,No,call,17.0,apr,eve,1.0,1.0,1.0,failure,no,1802.0,102.75768923087179,4.462667150064252,no
159689.0,66.0,management,married,,yes,no,call,26.0,may,Night,2.0,2.0,11.0,success,no,2149.0,116.23444785465618,5.030393441053994,yes
150909.0,33.0,blue-collar,married,primary,yes,no,call,6.0,may,eve,1.0,1.0,4.0,failure,no,289.0,123.39738696382994,5.971523206476563,no
158756.0,68.0,retired,married,tertiary,no,no,call,3.0,feb,morning,2.0,2.0,1.0,failure,no,2812.0,110.20630351667273,6.544294214943262,yes
145628.0,41.0,unemployed,married,secondary,yes,no,call,,feb,Night ,1.0,1.0,0.0,,no,2423.0,99.38645944866559,2.678700992488768,no
135295.0,53.0,technician,married,secondary,no,no,call,6.0,aug,Night ,2.0,2.0,0.0,,no,1225.0,108.7539983884601,6.749557645322401,no
128864.0,35.0,management,married,tertiary,no,yes,call,7.0,jul,Night ,2.0,2.0,0.0,,no,126.0,108.40237207563878,4.577208105998595,no
157524.0,61.0,unemployed,married,primary,no,No,call,25.0,sep,Night,1.0,1.0,0.0,,no,1.0,99.2460916025766,4.745147915602124,no
159773.0,23.0,student,single,tertiary,no,no,call,8.0,jun,Night ,1.0,1.0,0.0,,no,508.0,106.8271125037759,6.753732664330174,no
138036.0,45.0,blue-collar,married,primary,no,yes,call,21.0,aug,Night ,4.0,4.0,0.0,,no,1251.0,111.55994823803796,6.343159629402159,no
158283.0,31.0,technician,married,secondary,no,no,call,2.0,dec,Morning,1.0,1.0,0.0,,no,318.0,104.81088892725245,2.896126508631964,yes
124755.0,29.0,blue-collar,married,primary,yes,no,,4.0,jun,eve,2.0,2.0,0.0,,no,25.0,83.25104717062786,5.648625953310573,no
126696.0,49.0,services,married,secondary,no,no,,17.0,jun,Morning,4.0,4.0,0.0,,no,494.0,95.2435527638088,4.3611861089260575,no
120465.0,54.0,services,divorced,,no,no,,20.0,may,eve,5.0,5.0,0.0,,no,2177.0,111.98818491591257,6.970214379205283,no
128176.0,57.0,technician,single,tertiary,no,no,,,jun,Evening,1.0,1.0,0.0,,no,711.0,83.66518057891639,3.440189375118346,no
151250.0,45.0,housemaid,married,tertiary,yes,no,SMS,7.0,may,Evening,1.0,1.0,0.0,,no,0.0,100.33067593622383,6.0953780789694765,no
150222.0,55.0,technician,single,secondary,no,yes,SMS,4.0,may,eve,10.0,10.0,0.0,,no,1199.0,103.61016703119246,4.94692231918859,no
143821.0,50.0,blue-collar,married,secondary,no,no,SMS,28.0,jan,Afternoon,1.0,1.0,0.0,,no,253.0,94.82071501445344,5.057500182865259,no
152723.0,44.0,management,married,tertiary,yes,yes,call,12.0,may,Night ,2.0,2.0,1.0,failure,no,870.0,97.73566209663974,4.79915398253293,no
133242.0,50.0,admin.,married,secondary,no,no,call,28.0,jul,Afternoon,6.0,6.0,0.0,,no,546.0,90.89611038518683,5.2713803328977065,no
127943.0,49.0,blue-collar,married,primary,no,no,,20.0,jun,Morning,2.0,2.0,0.0,,no,4134.0,106.92495484611516,6.410145477152531,no
148850.0,29.0,blue-collar,single,secondary,yes,no,call,17.0,apr,Night ,3.0,3.0,0.0,,,1446.0,88.8707270039878,3.1315023889685465,no
120139.0,23.0,management,single,secondary,yes,no,,19.0,may,Night ,2.0,2.0,0.0,,no,85.0,99.43971388712494,3.872229892130877,no
132060.0,37.0,admin.,married,secondary,yes,no,call,22.0,jul,eve,2.0,2.0,0.0,,no,1396.0,88.84505077445033,4.056400696865183,no
133690.0,40.0,housemaid,married,primary,yes,no,call,29.0,jul,Night ,3.0,3.0,0.0,,no,224.0,96.8934773690625,3.063871374626012,no
130280.0,45.0,technician,married,secondary,yes,yes,call,14.0,,Night ,4.0,4.0,0.0,,no,144.0,87.75448551925051,3.283801584790395,no
148389.0,50.0,admin.,divorced,secondary,yes,no,call,17.0,apr,Night ,1.0,1.0,0.0,,no,1111.0,103.89639811974341,4.731652498143653,no
156466.0,59.0,blue-collar,divorced,primary,no,no,call,20.0,jul,morning,2.0,2.0,0.0,,no,,94.93602141398407,4.344962246645218,yes
145738.0,31.0,self-employed,married,tertiary,no,no,call,4.0,feb,Afternoon,2.0,2.0,0.0,,no,168.0,87.61677867467375,3.8195881997594627,yes
141820.0,43.0,technician,married,primary,yes,no,call,19.0,nov,Evening,1.0,1.0,0.0,,no,4844.0,101.90642448606533,4.570337459976674,no
155615.0,52.0,technician,married,secondary,yes,yes,call,27.0,may,morning,2.0,2.0,1.0,success,no,196.0,102.26361949883372,2.6616891316510913,no
152315.0,42.0,blue-collar,married,primary,yes,yes,call,11.0,may,Night ,2.0,2.0,0.0,,no,869.0,89.90905806290465,4.483809290043919,no
119195.0,30.0,blue-collar,married,secondary,yes,no,,15.0,may,Evening,1.0,1.0,0.0,,no,2.0,97.2903347646081,4.460882234259372,no
118673.0,42.0,management,married,tertiary,yes,,,14.0,may,Evening,1.0,1.0,0.0,,no,1093.0,104.42655785835768,4.168643636268569,no
139777.0,55.0,management,single,tertiary,no,no,call,29.0,aug,Morning,4.0,4.0,0.0,,no,430.0,99.30645777045342,4.311755097843672,no
153313.0,57.0,services,single,primary,yes,no,SMS,13.0,may,Evening,2.0,2.0,0.0,,no,3777.0,105.96416199007189,3.389772468375984,no
150821.0,42.0,blue-collar,single,primary,yes,no,call,6.0,may,Afternoon,1.0,1.0,0.0,,no,-95.0,90.8535019880141,6.435866553897627,no
135420.0,50.0,blue-collar,married,secondary,yes,no,call,7.0,aug,Morning,2.0,2.0,0.0,,no,-54.0,98.48114118848488,1.2346270531767098,no
137366.0,42.0,management,married,tertiary,no,no,call,18.0,aug,Afternoon,7.0,7.0,0.0,,no,3038.0,114.28161930398271,2.6813553246716606,no
149342.0,29.0,services,married,secondary,yes,no,call,20.0,apr,Night,5.0,5.0,0.0,,no,368.0,93.2554442727485,6.169193205311484,no
139806.0,38.0,technician,single,secondary,no,no,call,29.0,aug,Night ,4.0,4.0,0.0,,no,173.0,107.2936643228857,2.7701774865417677,no
117740.0,38.0,technician,married,secondary,yes,No,,9.0,may,Morning,3.0,3.0,0.0,,yes,9.0,91.56251931169776,3.5635526386784298,no
133716.0,54.0,services,married,secondary,no,no,email,29.0,jul,Evening,3.0,3.0,0.0,,no,2681.0,92.19518859665835,2.9777654615495304,no
149555.0,50.0,blue-collar,married,primary,yes,no,call,20.0,apr,Afternoon,2.0,2.0,0.0,,no,3924.0,100.65709907053811,4.007950033388598,no
149444.0,28.0,blue-collar,married,secondary,yes,no,call,20.0,apr,Afternoon,2.0,2.0,0.0,,no,1687.0,84.6130241970902,4.940409823630856,no
160955.0,75.0,retired,married,tertiary,no,No,email,20.0,oct,Night,2.0,2.0,5.0,failure,no,4912.0,93.0328830174038,5.374524211121924,no
127235.0,42.0,blue-collar,married,primary,yes,no,,18.0,jun,Afternoon,3.0,3.0,0.0,,no,-303.0,110.2048556134568,5.796980766601748,no
154733.0,24.0,technician,single,secondary,yes,no,call,18.0,may,Afternoon,1.0,1.0,0.0,,no,81.0,115.92557913428212,3.9510307002235665,no
118749.0,42.0,admin.,divorced,secondary,yes,no,,14.0,may,Evening,1.0,1.0,0.0,,no,1076.0,97.37956257401694,5.206509984925408,no
147842.0,29.0,blue-collar,married,primary,yes,no,call,13.0,apr,Night ,3.0,3.0,0.0,,no,18.0,100.79056342366358,5.49886525770467,no
125761.0,38.0,technician,single,tertiary,no,no,,9.0,jun,Night,1.0,1.0,0.0,,no,1619.0,97.98136271452555,5.742250775958115,no
124573.0,27.0,technician,single,secondary,no,no,,3.0,jun,morning,6.0,6.0,0.0,,no,3.0,109.47920376102464,7.724334701766784,no
119614.0,56.0,management,divorced,tertiary,yes,no,,16.0,may,Night,4.0,4.0,0.0,,no,975.0,98.36684481336734,6.803193486458081,no
117065.0,39.0,blue-collar,married,primary,no,No,,8.0,may,Afternoon,1.0,1.0,0.0,,no,70.0,97.07880570193032,4.421766400579016,yes
124280.0,41.0,blue-collar,married,secondary,yes,no,,3.0,jun,Morning,2.0,2.0,0.0,,no,-256.0,106.32263960596616,3.6744649326856695,no
153377.0,30.0,blue-collar,single,primary,yes,No,call,13.0,may,Afternoon,3.0,3.0,0.0,,no,17.0,94.10545688514328,5.4308924925893685,no
156555.0,21.0,student,single,secondary,no,no,call,6.0,,eve,1.0,1.0,0.0,,no,491.0,79.67195811962128,4.07099567250951,no
157249.0,55.0,management,married,,yes,no,call,31.0,aug,eve,3.0,3.0,2.0,success,no,1504.0,93.79506144010404,5.8564697329286135,yes
130379.0,33.0,admin.,,secondary,yes,no,call,14.0,jul,Evening,3.0,3.0,0.0,,no,1114.0,109.08408220784382,4.594803792498904,no
133789.0,44.0,blue-collar,married,secondary,no,,call,30.0,jul,Morning,2.0,2.0,0.0,,no,0.0,97.80698516182737,3.658347038307284,yes
128368.0,45.0,unemployed,divorced,primary,yes,yes,,1.0,jul,Afternoon,1.0,1.0,0.0,,yes,-249.0,80.81372359096446,5.334937632852029,no
146867.0,31.0,management,single,tertiary,no,no,call,9.0,feb,Night,3.0,3.0,0.0,,no,153.0,89.15684384151572,2.6939200450401373,no
159323.0,78.0,retired,divorced,primary,no,no,call,8.0,apr,morning,1.0,1.0,0.0,,no,1389.0,105.67992956820193,3.8304965690428947,yes
118598.0,46.0,admin.,divorced,tertiary,yes,no,,13.0,may,Night,19.0,19.0,0.0,,no,3749.0,103.41419509514449,3.3692275989533806,no
137848.0,39.0,management,married,tertiary,no,no,call,20.0,aug,Evening,2.0,2.0,0.0,,no,224.0,112.04758406052595,6.682244974106462,no
,,blue-collar,married,tertiary,yes,,call,20.0,apr,Morning,2.0,,0.0,,no,1993.0,87.12879820012235,4.853925523754025,no
133232.0,32.0,admin.,married,secondary,yes,yes,call,,jul,eve,4.0,4.0,0.0,,no,2468.0,98.29819732142643,4.344571347033607,no
156167.0,25.0,services,single,secondary,no,no,call,15.0,jun,Morning,1.0,1.0,0.0,,no,505.0,107.93266315915925,5.240746642737448,yes
159085.0,25.0,student,single,secondary,no,no,call,3.0,mar,eve,1.0,1.0,2.0,failure,no,154.0,110.40166962952415,6.539595511925776,yes
138078.0,39.0,technician,married,secondary,no,no,call,21.0,aug,Night ,4.0,4.0,0.0,,no,564.0,118.27662672489609,2.8602525342123943,no
146515.0,31.0,blue-collar,single,secondary,no,yes,call,6.0,feb,eve,1.0,1.0,0.0,,no,-538.0,103.86105848439156,4.41547962986041,no
136546.0,45.0,management,married,secondary,yes,yes,call,12.0,aug,morning,5.0,5.0,0.0,,no,424.0,106.59481653717657,5.0642076259137605,no
154997.0,30.0,blue-collar,single,,yes,yes,call,18.0,may,Morning,1.0,1.0,4.0,success,no,694.0,91.80005297443023,5.419658398523326,no
155361.0,34.0,housemaid,married,tertiary,no,no,call,25.0,may,eve,1.0,1.0,0.0,,no,11219.0,86.82065983767279,7.4601302552076145,no
160736.0,23.0,technician,single,secondary,yes,No,call,22.0,sep,morning,1.0,1.0,2.0,success,no,283.0,85.55514569820502,7.446563365352943,yes
141198.0,31.0,technician,,secondary,yes,no,SMS,18.0,nov,Evening,2.0,2.0,0.0,,no,0.0,118.18230668229445,4.462044105921968,no
159519.0,37.0,management,married,secondary,no,no,call,5.0,may,Afternoon,1.0,1.0,2.0,success,no,565.0,95.25122162232633,4.647904391435054,no
128539.0,50.0,management,married,tertiary,no,yes,,4.0,jul,morning,1.0,1.0,0.0,,no,453.0,102.95998347073964,5.691810700519321,no
125322.0,50.0,blue-collar,married,primary,yes,no,,6.0,jun,Morning,13.0,13.0,0.0,,no,746.0,96.35000533606066,6.885733452115591,no
117865.0,53.0,management,divorced,tertiary,no,no,,9.0,may,eve,2.0,2.0,0.0,,no,0.0,101.75823956013691,6.590860854704671,no
147869.0,41.0,technician,married,tertiary,yes,yes,call,13.0,apr,Afternoon,2.0,2.0,1.0,failure,no,816.0,95.75781563066435,4.561132655034003,no
151553.0,45.0,self-employed,married,secondary,yes,no,call,8.0,may,Night ,1.0,1.0,2.0,failure,no,264.0,89.2996169961406,5.885769913562448,no
154080.0,29.0,blue-collar,married,secondary,yes,no,call,15.0,may,Morning,1.0,1.0,7.0,failure,no,368.0,117.55668722747511,3.5684010518020655,no
139217.0,38.0,management,single,tertiary,no,no,call,27.0,aug,Night ,2.0,2.0,0.0,,no,194.0,98.23002559290869,7.90534370672142,no
136648.0,54.0,technician,married,secondary,no,yes,call,13.0,aug,morning,2.0,2.0,0.0,,no,2225.0,95.47277135688168,4.831717776157155,no
120317.0,35.0,blue-collar,married,secondary,yes,no,,20.0,may,Evening,1.0,1.0,0.0,,no,499.0,84.40873435635983,3.56678732373686,no
152449.0,42.0,entrepreneur,,secondary,yes,no,call,12.0,may,Afternoon,1.0,1.0,0.0,,no,335.0,107.34521706452753,3.9384483593245916,yes
148089.0,52.0,blue-collar,married,primary,yes,no,call,16.0,apr,Morning,4.0,4.0,3.0,other,no,281.0,101.40068630844429,3.146274525984498,no
132908.0,43.0,management,married,secondary,yes,no,call,25.0,jul,Night,3.0,3.0,0.0,,no,1424.0,97.99947901359329,6.133468862253297,no
138457.0,31.0,technician,single,tertiary,no,no,call,22.0,aug,Evening,1.0,1.0,0.0,,no,336.0,95.06781669595054,2.3293460226053972,no
148440.0,34.0,services,married,secondary,no,no,call,17.0,apr,Afternoon,2.0,2.0,2.0,failure,no,703.0,99.79776716612666,4.130264090065614,no
156729.0,72.0,,married,,no,no,call,11.0,aug,Night ,3.0,3.0,0.0,,no,1165.0,94.55264798271426,4.082225258051334,no
131358.0,33.0,services,married,secondary,yes,No,call,18.0,jul,Morning,2.0,2.0,0.0,,no,-27.0,95.11550024744638,3.4131742105187413,no
124733.0,27.0,admin.,married,secondary,yes,yes,,4.0,jun,Morning,2.0,2.0,0.0,,no,-247.0,104.62433366539638,4.334190840006496,no
134759.0,45.0,blue-collar,married,,no,no,call,4.0,aug,eve,1.0,1.0,0.0,,no,0.0,111.0204155303089,3.2574183128407324,no
138284.0,31.0,technician,single,secondary,no,no,call,22.0,aug,Night ,2.0,2.0,0.0,,no,1.0,80.36508133128402,5.876822573920007,no
123354.0,32.0,blue-collar,married,secondary,yes,no,,29.0,may,Evening,7.0,7.0,0.0,,no,298.0,104.28310168103602,7.1169815683432756,no
133982.0,45.0,technician,married,secondary,yes,no,call,30.0,jul,morning,2.0,2.0,0.0,,no,1841.0,90.55298133340517,3.3524197747031677,no
146759.0,43.0,management,married,tertiary,yes,no,call,9.0,feb,Night,2.0,2.0,0.0,,no,938.0,113.87839303187928,4.764588472647978,no
128958.0,33.0,entrepreneur,married,secondary,yes,yes,call,8.0,,eve,1.0,1.0,0.0,,no,-627.0,97.7650522224725,6.512779806204658,yes
135400.0,52.0,management,single,tertiary,no,no,call,7.0,aug,Afternoon,2.0,2.0,0.0,,no,741.0,104.9371917764081,2.429939518272484,no
119967.0,55.0,technician,married,secondary,yes,yes,,19.0,may,Morning,4.0,4.0,0.0,,no,517.0,96.04628285337058,6.8525434049765375,no
122119.0,29.0,services,single,tertiary,yes,no,,27.0,may,morning,2.0,2.0,0.0,,no,2564.0,94.20338922678751,3.9113650770470496,no
117982.0,39.0,blue-collar,divorced,secondary,yes,no,,12.0,may,eve,2.0,2.0,0.0,,no,36.0,96.24723606026366,4.899603646260451,no
141112.0,54.0,admin.,married,secondary,no,yes,call,18.0,nov,Night ,2.0,2.0,1.0,other,no,3729.0,101.58947661938383,2.71380675927306,no
129994.0,29.0,admin.,married,secondary,no,yes,call,11.0,jul,eve,2.0,2.0,0.0,,no,287.0,101.26346954055153,6.132994720433296,no
157673.0,35.0,management,single,tertiary,no,No,call,13.0,oct,Afternoon,1.0,1.0,1.0,success,no,2646.0,90.80474390631264,4.679280458642857,yes
126530.0,39.0,self-employed,single,tertiary,no,no,,16.0,jun,Afternoon,1.0,1.0,0.0,,no,0.0,105.89097546807474,6.817079334906264,no
148675.0,34.0,blue-collar,married,secondary,yes,no,call,17.0,apr,Night ,1.0,1.0,0.0,,no,678.0,103.81257276432781,,no
152397.0,34.0,blue-collar,married,secondary,yes,yes,call,12.0,may,Night,2.0,2.0,12.0,failure,,0.0,105.0468155564804,6.795396337442049,no
143326.0,40.0,management,married,secondary,yes,no,call,21.0,nov,Afternoon,2.0,2.0,4.0,failure,no,4025.0,99.3643264406247,6.658249819249058,no
129300.0,53.0,retired,single,tertiary,yes,no,call,9.0,jul,eve,1.0,1.0,0.0,,no,888.0,111.98421742358782,6.762730904138609,no
129488.0,30.0,admin.,married,secondary,no,yes,call,9.0,jul,Night,5.0,5.0,0.0,,no,350.0,99.13840234704635,5.381447359796339,no
139755.0,34.0,admin.,married,secondary,no,No,call,29.0,aug,Evening,2.0,2.0,0.0,,no,96.0,94.46708899742526,2.839070328033348,no
129521.0,35.0,technician,single,tertiary,no,yes,call,9.0,jul,Night ,3.0,3.0,0.0,,no,364.0,99.69958913516636,4.463587502923579,no
153960.0,35.0,blue-collar,married,secondary,yes,no,call,14.0,may,Afternoon,5.0,5.0,27.0,other,no,667.0,96.88299923904641,4.808241378831404,no
148107.0,32.0,technician,single,secondary,yes,yes,call,16.0,apr,Evening,1.0,1.0,3.0,failure,no,309.0,99.94261708624394,2.6191527781599415,no
139555.0,30.0,technician,divorced,secondary,yes,no,call,28.0,aug,morning,5.0,5.0,0.0,,no,3028.0,88.58832444069787,4.410960055328113,no
145541.0,59.0,,married,primary,no,no,call,3.0,feb,Night ,2.0,2.0,0.0,,no,282.0,102.04314465999727,3.546454005787445,no
160909.0,27.0,technician,single,secondary,,no,email,14.0,oct,Night ,1.0,1.0,1.0,success,no,643.0,101.26313812285977,4.7070279201434895,yes
135116.0,53.0,management,divorced,tertiary,no,no,call,6.0,aug,Morning,2.0,2.0,0.0,,no,269.0,116.04578769264799,3.3526326518990306,no
135647.0,35.0,management,married,tertiary,no,no,call,8.0,aug,Morning,2.0,2.0,0.0,,no,-4.0,92.52604221386918,4.590969282149937,no
160359.0,42.0,admin.,married,tertiary,no,no,call,6.0,aug,Evening,1.0,1.0,4.0,failure,no,1536.0,94.33702524179581,3.528339455807921,no
147305.0,34.0,technician,married,secondary,yes,no,call,27.0,mar,Morning,2.0,2.0,2.0,failure,no,390.0,99.70982448013334,4.84990723007437,yes
160008.0,36.0,technician,single,secondary,no,No,call,9.0,jul,eve,9.0,9.0,4.0,other,no,966.0,107.97102902602431,2.7487783075374583,no
149155.0,45.0,management,married,tertiary,yes,no,call,20.0,apr,Night ,1.0,1.0,1.0,failure,no,126.0,109.30217082330262,4.500864648302797,no
121652.0,39.0,unemployed,single,tertiary,yes,yes,,26.0,may,Night,1.0,1.0,0.0,,no,97.0,104.37368402126307,6.977912974525362,no
149518.0,51.0,blue-collar,married,primary,yes,no,call,20.0,apr,Night,4.0,4.0,12.0,other,no,2832.0,86.01252581467712,2.2713400164541975,no
137648.0,47.0,services,married,secondary,no,no,call,19.0,aug,Evening,3.0,3.0,0.0,,no,459.0,89.10045732897532,8.363088173539426,no
123479.0,52.0,management,divorced,tertiary,yes,no,,30.0,may,Night,1.0,1.0,0.0,,no,2909.0,91.793322114337,5.443338046973941,no
140422.0,37.0,management,married,tertiary,yes,no,call,17.0,nov,morning,2.0,2.0,0.0,,no,785.0,110.4366440855953,3.0822010413486503,no
117746.0,37.0,technician,,secondary,,no,,9.0,may,Night,2.0,2.0,0.0,,no,277.0,103.52481629414548,7.55481841735039,no
,51.0,unemployed,married,secondary,no,no,call,12.0,aug,Afternoon,3.0,3.0,0.0,,,2254.0,94.00334148635716,4.980804820954026,no
149395.0,21.0,student,single,primary,no,no,call,20.0,apr,Night ,3.0,3.0,0.0,,no,3472.0,115.50376917430702,3.8234272130125904,no
132172.0,38.0,admin.,married,secondary,yes,no,call,23.0,jul,Night ,1.0,1.0,0.0,,no,532.0,93.43188513582437,4.790405051448195,no
122297.0,35.0,management,married,tertiary,yes,no,,27.0,may,Afternoon,2.0,2.0,0.0,,no,949.0,96.0300083031589,1.9560040549101871,no
120070.0,26.0,blue-collar,single,secondary,no,no,,19.0,may,eve,1.0,1.0,0.0,,no,-5.0,118.02354239182347,8.085681715830125,no
129184.0,54.0,technician,married,tertiary,yes,yes,call,8.0,jul,Evening,1.0,1.0,0.0,,no,758.0,100.751305136807,4.975995518503762,no
131762.0,34.0,management,married,secondary,yes,no,call,21.0,jul,Afternoon,2.0,2.0,0.0,,no,1007.0,86.54024751448847,7.145140679644354,no
148784.0,49.0,entrepreneur,married,secondary,yes,no,call,17.0,apr,Evening,1.0,1.0,0.0,,no,687.0,109.89333156902771,4.95931398192067,yes
144331.0,38.0,management,married,tertiary,yes,no,call,29.0,jan,eve,2.0,2.0,0.0,,no,1354.0,93.63614477955754,6.712536499997261,no
137714.0,33.0,technician,single,secondary,no,yes,call,20.0,aug,eve,2.0,2.0,0.0,,yes,-374.0,115.00546321257927,6.344220073361319,no
158776.0,33.0,admin.,married,tertiary,yes,yes,call,4.0,feb,Morning,5.0,5.0,2.0,other,no,0.0,100.57707859408512,4.614047744411655,no
125319.0,39.0,services,married,secondary,no,no,,6.0,jun,eve,1.0,1.0,0.0,,no,-540.0,104.13410343454403,4.831504696775365,no
132222.0,31.0,management,married,secondary,no,yes,call,23.0,jul,Afternoon,1.0,1.0,0.0,,yes,0.0,114.93961398187486,6.278163943117345,no
143967.0,53.0,,married,,no,no,email,28.0,jan,morning,2.0,2.0,0.0,,no,549.0,98.85393082509005,6.679626820033197,no
140868.0,41.0,management,married,tertiary,yes,no,call,18.0,nov,eve,3.0,3.0,0.0,,no,0.0,111.88737986177694,6.804286941416071,yes
116569.0,35.0,technician,married,secondary,yes,no,,6.0,may,eve,2.0,2.0,0.0,,no,-131.0,109.0404315116263,6.904672484396787,no
152370.0,46.0,services,divorced,secondary,yes,yes,call,12.0,may,Evening,4.0,4.0,0.0,,no,124.0,114.23641468970054,6.447170779972886,no
145328.0,51.0,services,married,secondary,yes,no,call,3.0,feb,morning,2.0,2.0,3.0,failure,no,867.0,86.61594531662799,4.482180163716677,no
155098.0,34.0,blue-collar,single,primary,yes,,call,18.0,may,Evening,3.0,3.0,0.0,,no,4723.0,100.59006779871406,4.242685503884721,no
128939.0,29.0,blue-collar,single,primary,yes,no,call,8.0,jul,Night,1.0,1.0,0.0,,no,170.0,91.424162018518,4.764683731810731,no
118754.0,55.0,unemployed,divorced,secondary,yes,yes,,14.0,may,Night,2.0,2.0,0.0,,no,283.0,108.06733784944672,4.034142096050912,no
159472.0,79.0,retired,divorced,primary,,no,call,29.0,apr,Afternoon,2.0,2.0,1.0,other,no,20.0,119.81200524044007,3.7060191848918267,no
124226.0,38.0,blue-collar,married,primary,yes,No,,2.0,jun,morning,4.0,4.0,0.0,,no,-854.0,88.13049678218084,3.478325862642703,no
137881.0,37.0,management,married,tertiary,no,no,call,20.0,aug,morning,1.0,1.0,0.0,,no,16.0,101.87042290636441,4.038375094310419,no
150470.0,31.0,blue-collar,single,secondary,yes,no,call,5.0,may,Morning,5.0,5.0,0.0,,no,350.0,95.48078742273125,4.28141728304465,no
140218.0,40.0,services,divorced,secondary,yes,yes,call,17.0,nov,Night ,2.0,2.0,1.0,failure,no,5766.0,85.42669965803347,5.46881238386433,no
139809.0,31.0,technician,divorced,secondary,no,no,call,29.0,,Evening,2.0,2.0,0.0,,no,0.0,95.27177857403953,6.341992972867441,no
135839.0,34.0,technician,married,secondary,no,no,call,8.0,aug,Evening,4.0,4.0,0.0,,no,5266.0,98.25352414457885,5.482607406286096,no
130482.0,34.0,blue-collar,married,secondary,yes,no,call,15.0,jul,morning,4.0,4.0,0.0,,no,291.0,86.02648286855266,2.9848635807920756,no
136138.0,32.0,unemployed,married,tertiary,no,No,call,11.0,aug,Morning,4.0,4.0,0.0,,no,1364.0,111.88170616673341,6.329984079918586,no
147094.0,33.0,technician,married,secondary,yes,yes,SMS,2.0,mar,Evening,4.0,4.0,0.0,,no,218.0,99.31369280407269,5.382622093699923,no
153031.0,35.0,blue-collar,married,secondary,yes,no,call,13.0,may,Night,1.0,1.0,0.0,,no,323.0,102.18019833893192,5.458201742482107,no
146414.0,51.0,unemployed,married,secondary,no,no,email,5.0,feb,Afternoon,6.0,6.0,0.0,,no,3640.0,103.9597825331907,4.807591452756883,no
122523.0,26.0,technician,single,secondary,yes,no,,28.0,may,morning,3.0,3.0,0.0,,no,668.0,112.01574920181712,4.443682436476029,yes
125527.0,46.0,housemaid,married,primary,no,no,,6.0,jun,Afternoon,2.0,2.0,0.0,,no,1676.0,112.83580703583367,7.669235216388522,no
144257.0,41.0,blue-collar,married,secondary,no,no,call,29.0,jan,morning,2.0,2.0,0.0,,no,16.0,103.3105612198963,4.773732704505353,no
156320.0,56.0,admin.,married,primary,no,no,call,2.0,jul,Afternoon,1.0,1.0,0.0,,no,3562.0,111.126528632398,4.132592002511091,no
150364.0,55.0,management,divorced,tertiary,yes,no,call,5.0,may,Morning,1.0,1.0,3.0,failure,no,2625.0,110.33314931855051,4.473086804870395,no
123663.0,38.0,management,married,tertiary,yes,no,,30.0,may,Evening,1.0,1.0,0.0,,no,2548.0,98.9027609521908,5.544757089381663,no
123216.0,33.0,blue-collar,single,primary,yes,no,,29.0,may,Afternoon,2.0,2.0,0.0,,no,127.0,106.50667638696503,6.096916465578147,yes
152561.0,32.0,housemaid,married,primary,yes,no,call,12.0,may,Night ,1.0,1.0,0.0,,no,51.0,105.26512340697872,4.6398652581039865,no
156631.0,47.0,housemaid,married,primary,no,no,call,10.0,aug,Evening,2.0,2.0,0.0,,no,0.0,92.78067702468363,4.0185745833561235,no
157767.0,62.0,management,divorced,tertiary,no,no,call,19.0,oct,Night,1.0,1.0,0.0,,no,1619.0,93.6217860830639,5.576269927399472,no
116659.0,46.0,technician,married,secondary,no,no,,7.0,may,Morning,3.0,3.0,0.0,,yes,289.0,94.53681936430118,5.509084299084308,no
122387.0,49.0,technician,divorced,secondary,yes,yes,,27.0,may,eve,3.0,3.0,0.0,,no,-1547.0,82.37809282202306,4.20415496751405,no
142182.0,38.0,blue-collar,married,secondary,yes,no,call,20.0,nov,Night ,2.0,2.0,0.0,,no,6994.0,107.41578030021682,6.03614406969238,no
132317.0,43.0,management,divorced,secondary,no,No,SMS,23.0,jul,Morning,2.0,2.0,0.0,,no,1387.0,106.17071127948437,5.66591084322341,no
143190.0,35.0,student,divorced,tertiary,no,no,call,21.0,nov,morning,1.0,1.0,0.0,,no,100.0,119.36044436850779,6.895822023554818,no
122357.0,30.0,management,married,secondary,yes,no,,27.0,may,Afternoon,3.0,3.0,0.0,,no,-397.0,108.65865990001376,2.1054602173679,no
138660.0,47.0,services,married,secondary,no,no,call,25.0,aug,morning,4.0,4.0,0.0,,no,756.0,97.59556982928329,3.6218247045771514,no
125819.0,57.0,unemployed,married,primary,no,no,,9.0,jun,Night,2.0,2.0,0.0,,no,7880.0,114.21268603829212,4.550929592907364,no
155642.0,57.0,retired,married,tertiary,no,no,call,28.0,may,Night ,3.0,3.0,0.0,,no,0.0,92.48580880450568,3.816003815098724,no
148447.0,36.0,blue-collar,single,primary,yes,no,call,17.0,apr,Night,2.0,2.0,2.0,failure,no,263.0,91.12700271354319,5.021409230280591,no
134677.0,56.0,blue-collar,married,primary,no,no,email,31.0,jul,morning,3.0,3.0,0.0,,no,2163.0,102.06275980431404,6.92054669821387,no
119322.0,35.0,blue-collar,single,primary,yes,no,,15.0,may,Night ,1.0,1.0,0.0,,,1215.0,116.68785357780538,5.632572068325421,no
126045.0,52.0,housemaid,married,primary,no,no,,11.0,jun,Morning,1.0,1.0,0.0,,no,3283.0,102.35250216429571,4.554835207237204,no
159902.0,49.0,admin.,single,secondary,no,No,call,28.0,jun,Afternoon,1.0,1.0,0.0,,no,293.0,101.77975106849537,6.272565960888622,yes
137778.0,30.0,management,married,tertiary,no,No,call,20.0,aug,Morning,4.0,4.0,0.0,,no,1390.0,95.60491649450907,5.091593642850421,no
130474.0,42.0,management,married,tertiary,yes,no,call,15.0,jul,Afternoon,5.0,5.0,0.0,,no,-100.0,95.02039230670722,2.436897296890444,no
133093.0,31.0,management,single,tertiary,yes,no,call,28.0,jul,morning,3.0,3.0,0.0,,no,0.0,102.52183092139113,3.0506000886278506,no
128832.0,31.0,admin.,single,tertiary,no,yes,call,7.0,jul,eve,1.0,1.0,0.0,,no,383.0,,3.523801696624905,no
147306.0,77.0,retired,married,secondary,no,,email,27.0,mar,Night ,1.0,1.0,0.0,,no,9601.0,105.53802778928082,6.826850300623666,yes
136775.0,32.0,technician,married,secondary,no,yes,call,13.0,aug,morning,1.0,1.0,0.0,,no,199.0,80.55876845582377,5.604057855140999,no
150599.0,47.0,technician,married,primary,yes,yes,call,5.0,may,eve,1.0,1.0,0.0,,no,434.0,98.33070955105411,6.988503192003594,no
125353.0,48.0,management,married,secondary,no,no,,6.0,jun,morning,1.0,1.0,0.0,,no,11146.0,104.2672694598365,5.1598319755470445,no
135973.0,44.0,management,divorced,tertiary,no,no,call,11.0,aug,Evening,5.0,5.0,0.0,,no,935.0,110.73477308247777,4.897054130094405,no
136329.0,41.0,technician,single,secondary,no,yes,call,,aug,Morning,2.0,2.0,0.0,,no,297.0,111.3933123777506,3.429047462388845,no
143865.0,54.0,technician,divorced,secondary,yes,no,call,28.0,jan,Night,2.0,2.0,0.0,,no,0.0,102.50704982391736,3.60787660801367,no
118835.0,40.0,blue-collar,married,secondary,no,no,,14.0,may,Afternoon,1.0,1.0,0.0,,no,1313.0,102.72117366064572,6.045868856743868,no
122299.0,29.0,entrepreneur,married,secondary,yes,no,,27.0,may,Night ,1.0,1.0,0.0,,no,452.0,92.30498080370623,6.778944560204078,no
134807.0,51.0,housemaid,married,,no,yes,call,4.0,aug,Night,2.0,2.0,0.0,,no,21244.0,83.88449618787308,5.5075108478623775,no
116232.0,41.0,blue-collar,single,secondary,yes,No,,5.0,may,Night,3.0,3.0,0.0,,no,842.0,93.42303614777204,3.813975833202516,no
137880.0,47.0,services,married,secondary,yes,No,call,20.0,aug,Night ,12.0,12.0,0.0,,no,439.0,104.88277278642549,4.821215007494617,no
150164.0,26.0,self-employed,single,tertiary,no,no,call,4.0,may,Evening,3.0,3.0,0.0,,no,1153.0,98.21446052182637,4.9607441277747695,no
119241.0,29.0,blue-collar,single,secondary,yes,no,,15.0,may,eve,5.0,5.0,0.0,,no,874.0,100.3799809512963,3.3782301635024683,no
151891.0,33.0,blue-collar,married,primary,yes,No,call,8.0,may,Afternoon,1.0,1.0,0.0,,no,139.0,117.11531037097953,2.8728606066111704,no
137318.0,30.0,management,single,tertiary,no,no,call,18.0,aug,Morning,3.0,3.0,0.0,,no,0.0,94.27162990766008,5.224997670021636,no
125086.0,40.0,services,single,secondary,no,no,,5.0,jun,Afternoon,1.0,1.0,0.0,,no,1038.0,110.37330140496435,0.7850708086222511,no
130371.0,48.0,housemaid,divorced,secondary,no,yes,call,14.0,jul,Night ,3.0,3.0,0.0,,no,-621.0,112.11664348439868,4.153947225811583,no
148991.0,37.0,blue-collar,married,secondary,yes,no,call,20.0,apr,Night ,1.0,1.0,0.0,,no,903.0,87.62333423665156,3.918451779037568,no
125991.0,41.0,management,single,tertiary,no,no,,11.0,jun,Evening,1.0,1.0,0.0,,no,8368.0,90.82137437658392,4.598785009905425,no
137805.0,44.0,management,married,tertiary,no,no,call,20.0,aug,morning,2.0,2.0,0.0,,no,0.0,119.47445552050587,7.260231289105899,no
149698.0,52.0,admin.,married,secondary,no,no,call,24.0,apr,Afternoon,3.0,3.0,0.0,,no,722.0,95.05818108898626,5.847473481280192,no
134330.0,41.0,blue-collar,married,primary,no,no,call,31.0,jul,Morning,4.0,4.0,0.0,,no,2053.0,95.75213830132276,4.410544284858816,no
156824.0,74.0,retired,married,secondary,no,no,call,12.0,aug,Evening,1.0,1.0,0.0,,no,291.0,111.25879234267674,3.490381073809332,no
138815.0,32.0,management,single,tertiary,yes,no,call,26.0,aug,morning,6.0,6.0,0.0,,no,2536.0,111.72116951241705,5.470616142491503,yes
147476.0,33.0,admin.,married,tertiary,yes,,call,3.0,apr,Night ,1.0,1.0,1.0,failure,no,1636.0,88.66957443546647,6.336414438661625,no
133314.0,34.0,technician,single,secondary,no,no,call,28.0,jul,Morning,2.0,2.0,0.0,,no,2683.0,102.28242370411661,3.9778035899139472,no
143631.0,42.0,unemployed,divorced,secondary,no,no,call,28.0,jan,Night ,1.0,1.0,3.0,failure,no,759.0,94.60857000775187,7.6639317285555855,no
133913.0,44.0,management,divorced,tertiary,no,no,call,30.0,jul,eve,4.0,4.0,0.0,,no,,86.2623885016221,5.577708530960178,no
155841.0,27.0,student,single,secondary,no,no,call,2.0,jun,eve,2.0,2.0,0.0,,no,121.0,114.65944690009236,5.609677972940918,no
155826.0,54.0,management,married,tertiary,yes,no,call,2.0,jun,morning,2.0,2.0,0.0,,no,55.0,95.26646991044221,6.252327064467382,no
155480.0,32.0,technician,divorced,tertiary,no,no,call,26.0,may,Morning,1.0,1.0,0.0,,no,267.0,104.46879022042722,5.917808733439136,no
126899.0,,technician,married,tertiary,yes,,,17.0,jun,eve,3.0,3.0,0.0,,no,1911.0,108.31646192180764,4.730011253118419,no
144388.0,30.0,services,,secondary,no,yes,call,29.0,jan,Afternoon,2.0,2.0,2.0,other,no,1923.0,104.40028476185064,3.711435484360604,no
133493.0,42.0,admin.,single,secondary,no,yes,call,29.0,jul,Night ,2.0,2.0,0.0,,no,150.0,107.83076917516641,4.1230965445615375,no
143228.0,31.0,services,married,secondary,yes,no,call,21.0,nov,eve,1.0,1.0,0.0,,no,851.0,95.23700992649013,4.86697863238862,no
158128.0,65.0,retired,married,secondary,no,no,call,12.0,nov,Morning,1.0,1.0,1.0,failure,no,1370.0,98.46361294208528,4.1720516711655975,no
139504.0,40.0,housemaid,married,primary,no,no,call,28.0,aug,Evening,20.0,20.0,0.0,,no,0.0,104.47132111013562,3.4859016767070266,no
142059.0,41.0,blue-collar,single,secondary,yes,no,call,20.0,nov,Night,2.0,2.0,0.0,,no,495.0,88.8180126356527,4.653970923713319,no
151776.0,59.0,admin.,married,secondary,yes,yes,call,8.0,,Morning,1.0,1.0,0.0,,no,-198.0,110.09471577349187,2.7415129999470964,no
127822.0,38.0,technician,single,secondary,no,yes,,20.0,jun,Night ,2.0,2.0,0.0,,no,258.0,100.32610875681677,6.808274754862045,no
141081.0,47.0,admin.,single,secondary,no,no,call,18.0,nov,Afternoon,5.0,5.0,0.0,,no,2540.0,100.69248872837477,3.908493215192774,no
152151.0,32.0,services,single,secondary,no,no,call,11.0,may,Night,1.0,1.0,1.0,failure,no,-23.0,81.44857112982866,7.115285183298991,no
142658.0,34.0,management,single,tertiary,no,yes,call,20.0,nov,eve,3.0,3.0,0.0,,no,1310.0,109.72037045691164,3.2568507736609913,no
126772.0,58.0,blue-collar,married,secondary,no,no,,17.0,jun,Night ,1.0,1.0,0.0,,no,544.0,98.40846134818948,5.644369561890299,no
121880.0,37.0,blue-collar,married,primary,yes,no,,26.0,may,morning,2.0,2.0,0.0,,no,-196.0,89.67354562358716,2.3225577846353547,no
131989.0,37.0,management,married,tertiary,yes,no,call,22.0,jul,Morning,1.0,1.0,0.0,,no,347.0,100.03429890215774,4.824892809431406,no
125835.0,57.0,management,married,primary,no,no,,9.0,jun,Night,2.0,2.0,0.0,,no,595.0,100.16278344048521,5.931956476461114,no
142521.0,54.0,management,married,secondary,no,no,call,20.0,nov,Afternoon,3.0,3.0,0.0,,no,1660.0,110.61893315509855,5.854883545663117,no
139867.0,40.0,technician,divorced,secondary,no,yes,email,29.0,aug,Afternoon,2.0,2.0,0.0,,no,841.0,95.28264976628999,6.146255372622315,no
145495.0,60.0,retired,married,tertiary,no,no,call,3.0,feb,Morning,2.0,2.0,0.0,,no,3461.0,110.5750899425277,2.863174499608892,no
130115.0,46.0,blue-collar,married,secondary,no,no,call,11.0,jul,Afternoon,3.0,3.0,0.0,,no,853.0,105.4304136705781,5.25555416410543,no
144252.0,28.0,blue-collar,married,secondary,yes,no,call,29.0,jan,Afternoon,2.0,2.0,0.0,,no,255.0,107.70437895316371,6.988439181945393,no
123412.0,43.0,blue-collar,married,,yes,no,,30.0,may,Night ,3.0,3.0,0.0,,yes,-715.0,113.04646114345486,1.331891284340235,no
126891.0,36.0,housemaid,married,primary,no,no,,17.0,jun,Afternoon,2.0,2.0,0.0,,no,758.0,99.90664654595211,6.276267919266268,no
145082.0,41.0,admin.,married,secondary,yes,no,call,2.0,feb,morning,1.0,1.0,0.0,,no,437.0,96.80134187040758,6.1973398896920235,no
116568.0,37.0,blue-collar,married,primary,yes,yes,,6.0,may,Night ,3.0,3.0,0.0,,no,215.0,89.62838695761593,3.7366791029725785,no
124793.0,28.0,management,single,tertiary,yes,no,,4.0,jun,morning,4.0,4.0,0.0,,no,-380.0,121.80655351201293,3.693360471040613,no
120095.0,20.0,student,single,secondary,yes,no,,19.0,may,morning,1.0,1.0,0.0,,no,67.0,107.86283492717416,5.4774342053923775,no
130321.0,39.0,housemaid,married,primary,yes,no,call,14.0,jul,Night ,3.0,3.0,0.0,,no,34.0,81.95289789712577,4.0613472843671055,no
142673.0,30.0,management,single,secondary,yes,No,call,20.0,nov,Morning,3.0,3.0,0.0,,no,186.0,87.0448446591416,5.512205783466292,no
122032.0,28.0,blue-collar,married,primary,yes,no,,27.0,may,eve,3.0,3.0,0.0,,no,46.0,97.83342031693007,3.6071317350231595,no
126871.0,36.0,self-employed,married,tertiary,yes,no,,17.0,jun,Night ,2.0,2.0,0.0,,no,4515.0,99.25644568563072,2.608757376151278,no
121765.0,54.0,management,divorced,secondary,yes,no,,26.0,may,eve,2.0,2.0,0.0,,no,-415.0,,5.472515241566522,no
148350.0,46.0,blue-collar,married,primary,yes,no,call,16.0,apr,eve,1.0,1.0,0.0,,no,57.0,100.78033143677506,4.975639378296646,no
127765.0,44.0,management,divorced,tertiary,yes,no,,20.0,jun,Night ,2.0,2.0,0.0,,,2237.0,95.7700569170644,6.021635560046344,no
130608.0,45.0,technician,married,secondary,yes,yes,email,15.0,jul,eve,4.0,4.0,0.0,,no,1786.0,85.77317943802669,5.404329142397701,no
155560.0,27.0,management,single,tertiary,no,No,call,27.0,may,eve,2.0,2.0,0.0,,no,7.0,103.7237919857244,5.648651317918222,no
118312.0,24.0,technician,single,tertiary,yes,no,,13.0,may,Morning,1.0,1.0,0.0,,no,596.0,111.8682203238893,6.940441651300106,no
146502.0,28.0,blue-collar,single,secondary,no,no,call,6.0,feb,Morning,7.0,7.0,0.0,,no,2909.0,135.81207965270966,4.241435290763692,no
122558.0,33.0,admin.,divorced,secondary,yes,no,,28.0,may,Evening,1.0,1.0,0.0,,no,-403.0,110.41650052175768,5.225923255756238,no
138852.0,53.0,technician,married,secondary,no,no,call,26.0,aug,Night ,6.0,6.0,0.0,,no,206.0,105.27958592030933,6.050652320657412,no
159390.0,22.0,student,single,primary,no,No,call,19.0,apr,morning,1.0,1.0,4.0,success,no,3472.0,104.0023439204174,5.543010649870358,yes
151671.0,36.0,services,married,secondary,yes,no,call,8.0,may,Night ,3.0,3.0,0.0,,no,138.0,109.1594234404802,5.716933969489338,no
128348.0,59.0,technician,married,secondary,no,no,,1.0,jul,Evening,1.0,1.0,0.0,,no,0.0,92.17291804444844,7.2352129712557565,no
122882.0,33.0,admin.,married,secondary,yes,no,,28.0,may,Evening,2.0,2.0,0.0,,yes,-675.0,106.13132029563484,5.028944834137329,no
145435.0,53.0,blue-collar,married,primary,yes,no,call,3.0,feb,Evening,2.0,2.0,0.0,,no,751.0,103.46356854035959,3.926947712225523,yes
132051.0,34.0,blue-collar,married,primary,yes,no,call,22.0,jul,Night ,2.0,2.0,0.0,,no,0.0,104.26357339046871,6.674389683726199,no
142131.0,37.0,services,married,secondary,yes,no,SMS,20.0,nov,Afternoon,1.0,1.0,0.0,,no,692.0,106.42920070625523,4.160470233082243,no
144263.0,36.0,entrepreneur,single,tertiary,yes,no,call,29.0,jan,Night,1.0,1.0,3.0,failure,no,658.0,78.2798641423229,3.1813375622466147,no
159713.0,32.0,admin.,single,secondary,yes,no,call,28.0,may,Afternoon,2.0,2.0,5.0,failure,no,554.0,89.84024985449244,2.9933490237326814,no
151878.0,39.0,services,married,primary,yes,no,call,8.0,may,Morning,2.0,2.0,4.0,failure,no,324.0,94.54819735562948,5.519706565068672,no
149371.0,64.0,retired,married,secondary,yes,no,call,20.0,apr,Afternoon,2.0,2.0,0.0,,no,571.0,100.04868723450589,4.1791256360440725,yes
120513.0,30.0,management,married,tertiary,yes,no,,20.0,may,morning,3.0,3.0,0.0,,no,859.0,95.15707155939657,3.238140308186026,no
149586.0,57.0,management,married,primary,no,no,call,21.0,apr,Night ,2.0,2.0,0.0,,no,6900.0,111.61789930750156,7.2620027452307525,no
117180.0,26.0,student,single,secondary,yes,no,,8.0,,Morning,2.0,2.0,0.0,,no,85.0,102.64007525470453,4.026221633820191,no
128713.0,28.0,technician,single,secondary,no,yes,call,7.0,jul,morning,1.0,1.0,0.0,,no,909.0,98.06558170449239,5.332118005069158,yes
139971.0,51.0,entrepreneur,married,tertiary,yes,No,,23.0,oct,Afternoon,1.0,1.0,0.0,,no,5254.0,82.23232460179344,4.217641218902134,yes
128256.0,30.0,services,single,secondary,no,yes,,27.0,jun,Night,3.0,3.0,0.0,,no,1487.0,102.24353681102876,6.724658932069591,no
154944.0,30.0,blue-collar,divorced,primary,yes,no,call,18.0,may,morning,1.0,1.0,0.0,,no,53.0,90.75607682977659,6.386010098898464,no
124862.0,56.0,retired,divorced,primary,no,no,,5.0,jun,Evening,1.0,1.0,0.0,,no,0.0,109.8561221467897,4.198321481975124,no
127472.0,28.0,technician,single,secondary,yes,no,,19.0,jun,Night ,1.0,1.0,0.0,,no,593.0,91.54019233935118,2.4207368497070076,no
146888.0,41.0,services,married,,yes,no,call,9.0,feb,Night ,3.0,3.0,0.0,,no,230.0,92.32330905640293,5.073425005988904,no
116087.0,33.0,blue-collar,single,secondary,yes,no,,5.0,may,Afternoon,2.0,2.0,0.0,,no,307.0,93.31629873854449,5.399090638820393,no
157626.0,38.0,services,divorced,secondary,no,no,call,8.0,oct,Evening,1.0,1.0,1.0,other,no,53.0,108.40114823579924,4.610255008029723,no
127132.0,48.0,admin.,married,secondary,yes,no,,18.0,jun,eve,1.0,1.0,0.0,,no,1800.0,99.80069269469939,4.847790673426794,no
161045.0,64.0,retired,married,tertiary,no,yes,call,9.0,nov,Night,1.0,1.0,1.0,other,no,2059.0,97.06340231704287,7.676012168149709,no
117879.0,36.0,blue-collar,married,,no,no,,9.0,may,morning,3.0,3.0,0.0,,no,714.0,99.51299212218814,4.3452057212137385,no
132503.0,53.0,services,married,secondary,yes,no,call,24.0,jul,Night,1.0,1.0,0.0,,no,24.0,96.5179534547219,6.618636822181303,no
148421.0,28.0,student,single,secondary,yes,no,call,17.0,apr,Morning,1.0,1.0,0.0,,no,378.0,96.55918689250402,4.519375740036848,no
146729.0,40.0,admin.,married,secondary,yes,no,call,9.0,feb,Afternoon,8.0,8.0,0.0,,no,100.0,85.02496178630581,5.23498929836652,no
150880.0,26.0,entrepreneur,married,tertiary,yes,yes,call,6.0,may,Night,1.0,1.0,2.0,failure,no,37.0,98.4003296892008,1.998199230538348,no
117530.0,27.0,admin.,,,yes,no,,9.0,may,Night,1.0,1.0,0.0,,no,230.0,108.26898682785779,5.021380990110357,no
122765.0,29.0,services,divorced,secondary,yes,No,,28.0,may,Evening,5.0,5.0,0.0,,no,1336.0,88.05888588863066,7.530384992365768,no
138834.0,51.0,management,divorced,secondary,no,no,call,26.0,aug,eve,9.0,9.0,0.0,,no,292.0,102.55848623103392,1.480619590677287,no
156809.0,43.0,technician,married,tertiary,no,no,call,12.0,aug,Evening,3.0,3.0,5.0,success,no,2643.0,109.36769057229839,6.018176558756939,yes
140683.0,38.0,technician,single,tertiary,no,No,call,18.0,nov,Afternoon,1.0,1.0,0.0,,no,1674.0,83.47683614567038,4.221156479501307,no
131446.0,36.0,management,divorced,tertiary,no,yes,call,21.0,jul,Afternoon,2.0,2.0,0.0,,no,94.0,98.87582970205342,6.968162929354771,no
149683.0,67.0,retired,single,tertiary,no,no,SMS,23.0,apr,Night ,2.0,2.0,0.0,,no,3377.0,93.22603819277317,4.4126804694285395,no
118674.0,51.0,technician,married,,yes,yes,,14.0,may,Afternoon,1.0,1.0,0.0,,no,573.0,108.66935995456066,2.9036918084963768,no
149902.0,31.0,services,married,secondary,no,no,call,30.0,apr,Afternoon,1.0,1.0,0.0,,no,1422.0,102.69170313619938,4.06773091823718,no
152075.0,46.0,entrepreneur,married,primary,yes,yes,call,11.0,may,Night,1.0,1.0,0.0,,no,5130.0,106.73484189852607,4.146826150823323,no
156281.0,80.0,retired,married,tertiary,no,no,call,30.0,jun,Morning,1.0,1.0,0.0,,no,3669.0,99.39980489020064,3.9820784778015357,no
117322.0,25.0,entrepreneur,married,tertiary,yes,,,8.0,may,Night,2.0,2.0,0.0,,no,37.0,93.12148870640236,2.554367364350406,no
153310.0,47.0,admin.,married,secondary,yes,no,call,13.0,may,Night,2.0,2.0,2.0,other,no,642.0,92.38105348967781,3.6112177324950023,no
159274.0,31.0,management,single,tertiary,no,no,call,30.0,mar,Night ,1.0,1.0,4.0,failure,no,9629.0,107.67042655587439,2.480084456319369,no
136655.0,56.0,services,married,secondary,no,no,call,13.0,aug,Morning,4.0,4.0,0.0,,no,0.0,92.51929033197125,3.2707682961041566,no
129396.0,53.0,technician,divorced,secondary,no,no,call,9.0,jul,eve,1.0,1.0,0.0,,no,320.0,103.05074396710052,4.8645851994400235,no
125974.0,50.0,management,married,tertiary,no,no,,11.0,jun,morning,1.0,1.0,0.0,,no,0.0,105.71750596791642,5.198887800204166,no
139028.0,56.0,admin.,married,secondary,no,no,call,26.0,aug,eve,12.0,12.0,0.0,,no,370.0,103.83924415342403,1.1478559293019623,no
126672.0,50.0,retired,married,primary,no,no,,17.0,jun,morning,1.0,1.0,0.0,,no,1098.0,105.61160790742369,5.099829552855934,no
126913.0,57.0,housemaid,married,primary,no,,,17.0,jun,Night ,2.0,2.0,0.0,,no,0.0,93.6161999118782,4.994903893155237,no
150672.0,38.0,technician,single,secondary,yes,no,call,6.0,may,Night ,1.0,1.0,0.0,,no,1019.0,96.87702367693593,2.378823499107701,no
147256.0,30.0,management,married,tertiary,yes,no,call,18.0,,Evening,2.0,2.0,2.0,failure,no,8089.0,109.7262709092689,4.514483672220327,yes
117460.0,52.0,blue-collar,married,secondary,yes,no,,8.0,may,morning,3.0,3.0,0.0,,no,-17.0,102.96273182130896,3.2149302076835835,no
129472.0,44.0,admin.,divorced,secondary,no,yes,SMS,9.0,jul,Night ,6.0,6.0,0.0,,no,145.0,105.45018793547243,4.330698083444857,no
136089.0,47.0,blue-collar,married,primary,no,no,call,11.0,aug,morning,2.0,2.0,0.0,,no,4520.0,111.13111142419928,4.8525704968461,no
156062.0,30.0,unemployed,single,tertiary,no,no,email,5.0,jun,Afternoon,1.0,1.0,0.0,,no,1159.0,102.62634905788512,3.069534721998341,yes
135016.0,60.0,retired,married,secondary,no,No,call,5.0,aug,Night ,3.0,3.0,0.0,,no,0.0,93.53629935319579,2.9183544135793733,no
146223.0,27.0,management,single,tertiary,no,no,call,5.0,feb,eve,1.0,1.0,0.0,,no,2849.0,114.84428017865531,2.6149543773238015,no
131341.0,28.0,services,single,secondary,no,no,call,18.0,jul,Evening,3.0,3.0,0.0,,no,458.0,80.37947007527347,5.495426492895095,no
140680.0,53.0,entrepreneur,married,,no,yes,call,18.0,nov,Evening,1.0,1.0,0.0,,no,2496.0,89.30335908031351,5.403533279604096,no
131894.0,29.0,student,single,tertiary,yes,no,call,22.0,jul,Morning,1.0,1.0,0.0,,no,652.0,96.58987347375248,7.176528719436011,no
127498.0,25.0,blue-collar,married,secondary,yes,no,,19.0,jun,Evening,1.0,1.0,0.0,,no,1782.0,96.7471983265309,3.949506800790094,no
156491.0,44.0,management,married,tertiary,yes,no,call,29.0,jul,Night ,6.0,6.0,1.0,failure,,1646.0,105.6917370753343,7.007335070719342,no
156939.0,46.0,unemployed,single,tertiary,no,no,call,14.0,aug,eve,1.0,1.0,0.0,,no,44.0,86.20028117455132,1.659929500207976,yes
150554.0,44.0,management,divorced,tertiary,yes,yes,call,5.0,may,eve,2.0,2.0,1.0,failure,no,0.0,108.26290035367953,5.15270918782313,no
120999.0,53.0,blue-collar,married,secondary,yes,no,,21.0,may,Evening,16.0,16.0,0.0,,no,813.0,100.23286926545681,5.329795999869492,no
145071.0,52.0,unemployed,married,primary,no,no,call,2.0,feb,Morning,1.0,1.0,0.0,,no,3175.0,108.45405259981044,3.335788118788365,no
122432.0,33.0,management,married,tertiary,yes,no,,27.0,may,Afternoon,4.0,4.0,0.0,,no,1657.0,90.54799687747013,7.099081610372357,no
149761.0,30.0,admin.,single,secondary,no,no,call,30.0,apr,Evening,1.0,1.0,0.0,,no,213.0,100.75453873648506,5.4850984030345495,no
151094.0,34.0,blue-collar,divorced,secondary,yes,no,call,7.0,may,Night,1.0,1.0,1.0,failure,no,-131.0,92.66486429901649,4.0857726746532865,no
141098.0,35.0,management,married,tertiary,yes,no,call,18.0,nov,Evening,2.0,2.0,0.0,,no,646.0,98.07492441580786,6.6031306457444,no
159719.0,48.0,housemaid,married,secondary,no,no,call,28.0,may,morning,5.0,5.0,0.0,,no,0.0,104.11014521886703,4.450216987752283,yes
155174.0,25.0,blue-collar,single,secondary,yes,no,call,18.0,,morning,2.0,2.0,0.0,,no,286.0,92.52874352832232,5.337886555096028,no
138483.0,45.0,services,married,secondary,no,no,call,22.0,aug,Night,6.0,6.0,0.0,,no,1064.0,98.59913263625425,3.0383673769776545,no
144988.0,53.0,management,married,primary,yes,No,SMS,2.0,feb,Evening,1.0,1.0,2.0,failure,no,798.0,106.82552216198955,5.309330820041609,no
141988.0,49.0,blue-collar,married,secondary,no,no,call,19.0,nov,Night ,3.0,3.0,7.0,failure,no,4259.0,104.91590243476215,5.756743280536249,no
140103.0,43.0,technician,divorced,secondary,no,no,call,17.0,nov,Evening,1.0,1.0,0.0,,no,1648.0,101.64236287218658,4.536479241313142,no
140981.0,,self-employed,married,tertiary,no,no,SMS,18.0,nov,Afternoon,4.0,4.0,0.0,,no,-312.0,86.85801219391885,7.455760354311689,no
118015.0,43.0,self-employed,single,secondary,yes,no,,12.0,may,Afternoon,1.0,1.0,0.0,,no,798.0,105.20148492252216,5.77948524920937,no
133676.0,41.0,technician,married,tertiary,no,yes,call,29.0,jul,Afternoon,3.0,3.0,0.0,,no,91.0,102.87851401187547,6.345537615909709,no
141158.0,36.0,management,married,tertiary,no,yes,call,18.0,nov,Evening,2.0,2.0,1.0,other,no,521.0,103.66530438404406,3.638540334056673,no
132303.0,42.0,management,married,secondary,no,no,call,23.0,jul,Morning,2.0,2.0,0.0,,no,1331.0,98.68719826995637,5.526676592645337,no
143777.0,31.0,self-employed,single,tertiary,yes,yes,call,28.0,jan,Night,1.0,1.0,0.0,,no,1657.0,114.19112309116571,5.129756039977132,yes
116661.0,39.0,blue-collar,married,primary,yes,No,,7.0,may,eve,3.0,3.0,0.0,,no,245.0,100.78272621749913,2.3482917656622146,no
143799.0,59.0,retired,married,primary,no,no,call,28.0,jan,morning,2.0,2.0,0.0,,no,13.0,106.04539230156551,3.6921326761882085,no
139952.0,33.0,admin.,married,tertiary,no,no,email,21.0,oct,Evening,1.0,1.0,3.0,failure,no,882.0,96.05591100127457,6.715515035362003,no
123132.0,43.0,self-employed,married,,yes,no,,29.0,may,eve,2.0,2.0,0.0,,no,6.0,92.22042106232732,8.333737560078731,no
139884.0,56.0,retired,married,secondary,no,no,call,29.0,aug,Night,2.0,2.0,0.0,,no,4577.0,96.48118257571807,2.0097052042068686,no
142698.0,36.0,services,divorced,secondary,yes,No,call,20.0,nov,Afternoon,6.0,6.0,0.0,,no,54.0,104.67856614025338,5.211362885264213,no
144869.0,47.0,management,single,tertiary,no,no,call,2.0,feb,Morning,1.0,1.0,0.0,,no,86.0,102.42052840880459,5.686535675071706,yes
128088.0,25.0,blue-collar,single,secondary,yes,yes,,20.0,jun,eve,16.0,16.0,0.0,,no,94.0,95.00714863843194,5.731714527041126,no
140272.0,45.0,housemaid,,secondary,yes,no,call,17.0,nov,Evening,1.0,1.0,0.0,,no,20187.0,100.05410637019239,6.465494351836659,no
134450.0,40.0,services,married,secondary,yes,yes,call,31.0,jul,Evening,4.0,4.0,0.0,,no,87.0,119.92379578013157,5.799298620107051,no
124242.0,37.0,admin.,divorced,secondary,yes,no,,3.0,jun,Night ,2.0,2.0,0.0,,no,-165.0,87.87037554780223,5.228755395964061,no
129914.0,56.0,blue-collar,single,primary,no,yes,call,11.0,jul,Morning,1.0,1.0,0.0,,no,533.0,110.18161340770696,7.9031208315949995,no
139985.0,33.0,management,married,tertiary,yes,no,email,27.0,oct,Evening,1.0,1.0,0.0,,no,431.0,101.13155076724958,3.035749243999768,no
115985.0,60.0,blue-collar,married,,yes,no,,,may,Morning,1.0,1.0,0.0,,no,54.0,94.37679900653362,1.826088944993551,no
150054.0,48.0,management,married,secondary,no,no,call,30.0,apr,morning,1.0,1.0,0.0,,no,36686.0,114.15768480345542,5.0241726978094405,no
131933.0,50.0,management,married,secondary,no,No,call,22.0,jul,Evening,1.0,1.0,0.0,,no,-1.0,99.06809423801714,4.704789444012103,no
159584.0,59.0,management,married,tertiary,yes,yes,call,,may,Evening,1.0,1.0,4.0,failure,no,138.0,94.91559888535096,6.66070101106277,no
145595.0,46.0,technician,divorced,secondary,yes,no,call,3.0,feb,Night ,4.0,4.0,0.0,,no,1547.0,90.7774902281047,6.207479734136174,no
120559.0,35.0,technician,married,secondary,yes,No,,20.0,may,eve,1.0,1.0,0.0,,no,1387.0,98.81093835314303,2.7440579344768468,no
138070.0,48.0,self-employed,married,secondary,no,no,call,21.0,aug,Evening,8.0,8.0,0.0,,no,91.0,97.10476749170392,4.4880034495830925,no
141118.0,36.0,management,married,tertiary,no,yes,call,18.0,nov,morning,3.0,3.0,0.0,,no,-92.0,105.92128576136686,4.750157396603902,no
141901.0,53.0,technician,married,,yes,no,call,19.0,nov,Night,3.0,3.0,2.0,other,no,6921.0,109.18336379227796,3.8993175914960014,no
156096.0,51.0,self-employed,married,,no,no,call,8.0,jun,Evening,6.0,6.0,0.0,,no,2094.0,115.68958290546156,7.5128599652469665,yes
142148.0,34.0,technician,single,tertiary,yes,no,call,20.0,nov,Morning,5.0,5.0,0.0,,no,,98.17281131802892,4.71433300765429,no
152486.0,34.0,blue-collar,single,secondary,yes,No,call,12.0,may,Night ,3.0,3.0,0.0,,no,1599.0,90.22948715936052,4.150921505572114,no
136700.0,32.0,technician,single,secondary,no,no,call,13.0,aug,Morning,2.0,2.0,0.0,,no,493.0,93.89582668800489,5.4195424546308155,no
124931.0,44.0,technician,married,secondary,no,No,,5.0,jun,Morning,1.0,1.0,0.0,,no,533.0,74.8707301856676,1.8055377102149754,no
156124.0,40.0,blue-collar,divorced,secondary,no,yes,call,12.0,jun,morning,4.0,4.0,0.0,,no,5666.0,89.29749818165007,5.231259895978103,no
120646.0,38.0,admin.,married,,no,no,,20.0,may,Night,1.0,1.0,0.0,,no,28.0,104.42399653520157,2.0303770061689406,no
149905.0,53.0,services,married,secondary,no,no,call,30.0,apr,morning,2.0,2.0,0.0,,no,341.0,104.61739896752155,5.16364467439358,yes
124374.0,37.0,services,married,secondary,yes,no,,3.0,jun,Morning,1.0,1.0,0.0,,no,0.0,105.0216012210799,5.971626624536944,no
136047.0,46.0,technician,,tertiary,no,no,call,11.0,aug,eve,3.0,3.0,0.0,,no,405.0,103.02534879533441,4.512407730716219,no
160023.0,27.0,management,single,secondary,no,no,call,12.0,jul,Night,2.0,2.0,1.0,success,no,843.0,94.47033117574962,5.745440998210224,no
156956.0,38.0,technician,divorced,secondary,yes,no,call,14.0,aug,eve,1.0,1.0,4.0,success,no,902.0,98.51144905132209,4.57497803942777,no
159129.0,51.0,management,married,tertiary,no,no,call,8.0,mar,Afternoon,2.0,2.0,3.0,success,no,2635.0,117.85389373421725,4.313364508152492,no
153832.0,59.0,retired,divorced,secondary,no,no,call,14.0,may,Afternoon,2.0,2.0,0.0,,no,5845.0,115.74253708857634,4.901691529312255,yes
122342.0,45.0,admin.,married,secondary,yes,no,,27.0,may,Morning,2.0,2.0,0.0,,no,-173.0,95.68172529104088,3.594089027870595,no
126807.0,38.0,blue-collar,single,tertiary,no,no,,17.0,jun,eve,5.0,5.0,0.0,,no,18.0,96.00318636896216,6.433492326197148,no
142845.0,54.0,services,divorced,secondary,no,yes,call,21.0,nov,Morning,1.0,1.0,0.0,,no,43.0,102.48204825707288,7.532722047676975,no
128189.0,42.0,self-employed,married,tertiary,no,yes,,25.0,jun,eve,1.0,1.0,0.0,,no,-266.0,96.45670941856271,4.063426746480691,no
128748.0,29.0,technician,married,secondary,no,no,call,7.0,jul,Afternoon,1.0,1.0,0.0,,no,-28.0,107.67543729705966,4.431020638688194,no
143450.0,37.0,technician,married,secondary,yes,no,call,21.0,nov,Night ,4.0,4.0,0.0,,no,807.0,102.26785836463921,2.417428343598221,no
127937.0,32.0,blue-collar,married,primary,yes,yes,,20.0,jun,Night ,31.0,31.0,0.0,,no,209.0,102.94798765256533,5.081591139258944,no
153595.0,48.0,admin.,divorced,secondary,yes,no,call,14.0,may,Evening,2.0,2.0,1.0,failure,no,-407.0,78.40901431936753,5.181469940971812,no
160754.0,54.0,services,single,secondary,no,,call,23.0,sep,eve,1.0,1.0,0.0,,no,0.0,119.99152571771624,4.8876461301985366,yes
118643.0,48.0,technician,married,,yes,no,,14.0,may,eve,4.0,4.0,0.0,,no,67.0,107.36404295864232,3.9835810649807737,no
123885.0,48.0,blue-collar,divorced,primary,no,no,,2.0,jun,Night ,2.0,2.0,0.0,,no,323.0,100.13447682829987,6.070560173439171,no
137784.0,38.0,technician,married,tertiary,no,no,call,20.0,aug,Afternoon,4.0,4.0,0.0,,no,536.0,77.7726088678225,3.9071458401579644,no
153791.0,33.0,technician,married,secondary,yes,no,call,14.0,may,Night ,4.0,4.0,14.0,other,no,318.0,100.54224635261502,5.0433944941011735,no
135887.0,32.0,admin.,single,tertiary,no,no,call,8.0,aug,eve,1.0,1.0,0.0,,no,298.0,99.48333823480309,2.988006509481208,no
116848.0,28.0,blue-collar,married,secondary,yes,yes,,7.0,may,Afternoon,2.0,2.0,0.0,,no,225.0,98.32486611163789,4.620259660151129,no
121157.0,31.0,blue-collar,married,secondary,yes,no,,23.0,,Night ,1.0,1.0,0.0,,no,714.0,99.77283278201176,4.541394235436011,no
154680.0,33.0,blue-collar,married,secondary,yes,No,call,18.0,may,Night,5.0,5.0,5.0,failure,no,523.0,88.74168913597315,2.7492315221657826,no
155874.0,25.0,student,,tertiary,no,No,call,3.0,jun,morning,1.0,1.0,0.0,,no,1189.0,102.45746762964531,4.714192459176328,yes
136020.0,32.0,technician,single,secondary,yes,no,call,11.0,aug,eve,2.0,2.0,0.0,,no,321.0,98.37749706844872,4.498335131713652,no
116725.0,42.0,management,married,tertiary,yes,no,,7.0,may,Afternoon,1.0,1.0,0.0,,no,386.0,110.10880577767587,4.852957444489094,no
148021.0,57.0,blue-collar,married,primary,yes,no,call,15.0,apr,Morning,2.0,2.0,0.0,,no,12048.0,104.65747327750007,4.234557675693448,no
128856.0,31.0,technician,single,secondary,no,no,call,7.0,jul,morning,2.0,2.0,0.0,,no,9.0,99.10789163460511,6.743562843294853,no
145773.0,58.0,management,married,tertiary,yes,no,call,4.0,feb,eve,2.0,2.0,3.0,failure,no,2142.0,109.754182065523,6.065974744422539,no
141225.0,51.0,management,married,tertiary,yes,no,call,18.0,nov,morning,2.0,2.0,1.0,failure,no,1612.0,109.99380908532684,4.948428364077364,no
148612.0,34.0,admin.,married,secondary,yes,No,call,17.0,apr,Night ,1.0,1.0,2.0,failure,no,1467.0,106.54953966487297,5.985204924289118,no
118734.0,53.0,technician,married,secondary,yes,no,,14.0,may,Night,1.0,1.0,0.0,,no,719.0,102.42313846732802,5.051309313210064,no
151997.0,47.0,admin.,married,secondary,yes,no,call,11.0,may,Night,1.0,1.0,0.0,,no,298.0,110.56496025870314,3.540300703372049,no
141538.0,39.0,management,married,tertiary,yes,no,call,19.0,nov,Night,1.0,1.0,0.0,,no,-233.0,101.09825386997161,5.535934165444211,no
129174.0,28.0,technician,single,secondary,no,no,call,8.0,jul,Night ,2.0,2.0,0.0,,no,31.0,105.19277597885821,2.918485069196728,no
150742.0,36.0,admin.,single,secondary,yes,no,call,6.0,may,Afternoon,1.0,1.0,0.0,,no,245.0,104.33662946203253,4.96705459677863,no
157336.0,35.0,management,single,tertiary,no,no,call,4.0,sep,Night ,2.0,2.0,1.0,other,no,80.0,83.44131028478792,6.537501795160171,yes
117681.0,31.0,admin.,,secondary,no,yes,,9.0,may,Morning,1.0,1.0,0.0,,no,27.0,79.90362076672909,5.880394464599948,no
146794.0,40.0,management,married,tertiary,no,yes,call,9.0,feb,Morning,4.0,4.0,0.0,,no,16.0,97.32731148619602,5.129290344615308,no
148420.0,37.0,services,married,secondary,yes,no,call,17.0,apr,Night ,1.0,1.0,0.0,,no,1399.0,106.59782446235674,4.90746188202053,no
135459.0,30.0,self-employed,married,tertiary,no,no,call,7.0,aug,eve,4.0,4.0,0.0,,no,694.0,92.12018713776973,5.8629579327139005,no
127098.0,47.0,management,married,tertiary,no,no,,18.0,jun,eve,1.0,1.0,0.0,,no,414.0,113.5536160997551,3.3785382873867436,no
146537.0,31.0,admin.,single,tertiary,no,yes,call,6.0,feb,Afternoon,1.0,1.0,1.0,failure,no,383.0,121.5326246803894,5.167497926469239,no
159297.0,34.0,blue-collar,married,secondary,no,no,call,,apr,Night,1.0,1.0,0.0,,no,800.0,114.4010944705513,3.3628025667043318,yes
139898.0,30.0,technician,single,secondary,no,no,call,29.0,aug,eve,4.0,4.0,0.0,,no,124.0,103.82848742575226,3.7174554508036497,no
131168.0,33.0,admin.,single,secondary,no,no,call,18.0,jul,Night ,3.0,3.0,0.0,,no,92.0,102.64404369101331,5.573275494072186,no
159459.0,70.0,retired,married,secondary,no,no,call,27.0,apr,Afternoon,2.0,2.0,1.0,failure,no,616.0,109.21527293716808,5.369716355398922,no
146215.0,42.0,management,married,primary,yes,no,call,5.0,feb,Night,3.0,3.0,3.0,failure,no,-417.0,106.72948111746743,3.795639379985735,no
117340.0,29.0,management,divorced,tertiary,yes,yes,,8.0,may,Evening,3.0,3.0,0.0,,no,607.0,82.45756122070048,4.544099021490033,no
151883.0,34.0,services,married,secondary,yes,no,call,8.0,may,eve,4.0,4.0,0.0,,no,-85.0,112.0453975003312,3.3965342556972797,no
140494.0,49.0,management,divorced,tertiary,no,yes,call,17.0,nov,Morning,2.0,2.0,0.0,,no,1904.0,104.41521921833336,4.200437351057811,no
118492.0,49.0,services,married,secondary,yes,No,,13.0,may,Afternoon,1.0,1.0,0.0,,no,254.0,103.98673533368377,4.315943379313835,no
142330.0,57.0,retired,married,secondary,no,no,SMS,20.0,nov,eve,2.0,2.0,0.0,,no,3815.0,97.85899780177677,5.757340152615163,no
134696.0,44.0,admin.,divorced,secondary,no,no,call,31.0,jul,Morning,10.0,10.0,0.0,,no,611.0,102.23164626020372,6.913502126063262,no
123717.0,27.0,blue-collar,married,primary,yes,no,,30.0,may,Night ,5.0,5.0,0.0,,no,106.0,124.90895524495828,5.611829614935222,no
150262.0,33.0,management,married,tertiary,yes,no,SMS,,may,Afternoon,7.0,7.0,0.0,,no,0.0,104.24627703328062,5.326837038602547,no
158005.0,26.0,admin.,married,tertiary,no,no,call,2.0,nov,Evening,1.0,1.0,1.0,success,no,906.0,95.88323282616639,8.106649126537476,no
117910.0,48.0,unemployed,married,primary,yes,no,,9.0,may,morning,8.0,8.0,0.0,,no,296.0,96.68020550459318,4.846374808628154,no
131386.0,26.0,services,married,secondary,no,no,call,18.0,jul,Morning,2.0,2.0,0.0,,no,0.0,102.64608082410516,,no
141621.0,33.0,technician,single,tertiary,yes,no,call,19.0,nov,morning,2.0,2.0,1.0,other,no,149.0,104.63557123731337,3.709452930840319,yes
117472.0,39.0,blue-collar,married,primary,yes,no,,8.0,may,Afternoon,3.0,3.0,0.0,,no,-432.0,100.63336740831986,5.344516043904854,no
151655.0,51.0,blue-collar,divorced,secondary,yes,no,call,8.0,may,Evening,1.0,1.0,5.0,failure,no,203.0,102.05338858965112,5.0766406294647,no
117212.0,31.0,services,married,secondary,yes,no,,8.0,may,morning,1.0,1.0,0.0,,no,432.0,108.36979568780653,3.9124324718583985,no
122598.0,29.0,management,married,tertiary,yes,no,,28.0,may,Night ,1.0,1.0,0.0,,no,4050.0,89.8331455833875,6.794504387094971,no
134830.0,47.0,blue-collar,married,secondary,no,yes,call,4.0,aug,morning,1.0,1.0,0.0,,no,1348.0,84.69331347190825,6.14847027784704,no
154718.0,27.0,admin.,single,secondary,yes,no,call,18.0,may,Morning,5.0,5.0,0.0,,no,0.0,103.71422311764725,5.645537129966949,no
118772.0,42.0,blue-collar,single,secondary,no,no,,14.0,may,morning,1.0,1.0,0.0,,no,24.0,91.94322585971871,4.660107043941264,no
141708.0,30.0,blue-collar,married,primary,yes,yes,call,19.0,nov,Morning,2.0,2.0,1.0,failure,no,1101.0,108.40790272911696,4.6173488754178535,no
130023.0,55.0,retired,married,secondary,no,no,call,11.0,jul,Afternoon,2.0,2.0,0.0,,no,991.0,122.46892140963563,4.677923846137213,no
158633.0,36.0,technician,married,tertiary,yes,no,call,27.0,jan,Night ,1.0,1.0,1.0,failure,no,6.0,130.21244215097707,7.0900342317192795,no
125035.0,47.0,blue-collar,married,secondary,no,No,,5.0,jun,Evening,2.0,2.0,0.0,,no,1996.0,97.25569364978301,4.762721921119677,yes
154285.0,44.0,blue-collar,married,secondary,yes,No,call,15.0,may,Afternoon,2.0,2.0,1.0,failure,no,167.0,107.97472593513095,3.3148820918772524,no
146168.0,30.0,management,single,secondary,yes,no,call,5.0,feb,eve,1.0,1.0,2.0,failure,no,293.0,96.04848490824712,4.659719437176945,no
143733.0,45.0,technician,married,,no,no,call,28.0,jan,Night ,1.0,1.0,0.0,,no,1938.0,91.95083894239599,5.018970331505666,no
153184.0,37.0,blue-collar,married,secondary,yes,no,call,13.0,may,Afternoon,1.0,1.0,1.0,failure,no,0.0,102.48120018447624,4.544123691876373,no
135907.0,31.0,management,married,tertiary,no,no,call,8.0,aug,morning,6.0,6.0,0.0,,no,10088.0,99.94296401006127,5.43497150587401,no
160968.0,46.0,technician,married,secondary,no,no,call,21.0,oct,Night,5.0,5.0,3.0,success,no,9299.0,105.45196861088988,6.690421438626775,no
135019.0,,housemaid,married,secondary,no,no,call,5.0,aug,Night ,2.0,2.0,0.0,,no,1040.0,95.47247720994571,2.4128191014605296,no
153866.0,27.0,housemaid,married,primary,yes,no,call,14.0,may,Night ,2.0,2.0,0.0,,no,275.0,118.0689583040861,5.969997701854091,no
116250.0,40.0,blue-collar,married,secondary,yes,No,,5.0,may,morning,4.0,4.0,0.0,,no,211.0,116.36262031249008,3.5811935054801483,no
137433.0,51.0,management,divorced,tertiary,no,no,call,19.0,aug,Night,4.0,4.0,0.0,,no,-202.0,86.86518197465853,5.24099710789612,no
124993.0,48.0,blue-collar,single,primary,no,no,,5.0,jun,Night,2.0,2.0,0.0,,no,316.0,100.75909174601135,5.219403123079692,no
142464.0,46.0,admin.,married,secondary,yes,No,call,,nov,eve,2.0,2.0,0.0,,no,2869.0,91.4773371986659,4.409461343780733,no
126988.0,45.0,admin.,married,secondary,yes,No,,18.0,jun,Evening,3.0,3.0,0.0,,no,231.0,110.87680994489453,4.242468028977109,no
141125.0,39.0,management,married,secondary,yes,no,call,18.0,nov,Evening,3.0,3.0,2.0,failure,no,517.0,,4.235400807683442,no
128280.0,46.0,entrepreneur,married,secondary,yes,yes,,27.0,jun,eve,1.0,1.0,0.0,,no,4.0,103.97428108452421,3.8519464723296,no
139082.0,48.0,entrepreneur,married,primary,no,yes,call,27.0,aug,Morning,5.0,5.0,0.0,,no,386.0,105.85732366977928,8.27574409448317,no
151364.0,47.0,management,married,tertiary,yes,No,call,7.0,may,Afternoon,2.0,2.0,3.0,failure,no,618.0,96.58893029421382,5.657769877710502,no
117508.0,32.0,admin.,single,tertiary,yes,No,,9.0,may,eve,2.0,2.0,0.0,,no,490.0,103.3936399045482,5.019064935634892,no
138469.0,30.0,technician,single,tertiary,no,no,call,22.0,aug,Evening,2.0,2.0,0.0,,no,0.0,94.90684941269923,4.489932354424225,no
153380.0,34.0,blue-collar,married,secondary,yes,no,call,13.0,may,Afternoon,2.0,2.0,0.0,,no,113.0,106.65395866411986,3.8034716800150203,no
151107.0,32.0,technician,single,tertiary,no,no,call,7.0,may,Night ,1.0,1.0,3.0,other,no,69.0,107.19595940107294,6.630869701506791,no
125284.0,29.0,technician,single,secondary,yes,no,,6.0,jun,Evening,2.0,2.0,0.0,,no,778.0,102.01014194218757,4.490670235517585,no
152829.0,31.0,blue-collar,married,primary,yes,no,call,12.0,may,Evening,6.0,6.0,0.0,,no,295.0,95.94195947697445,6.085303856165791,no
118961.0,,technician,married,tertiary,yes,no,,14.0,may,Afternoon,1.0,1.0,0.0,,,744.0,107.76440123681031,4.466638313718221,no
154794.0,23.0,services,single,secondary,yes,No,call,18.0,may,Night,1.0,1.0,0.0,,no,250.0,106.29760804717407,6.653522913051875,no
141330.0,36.0,management,single,tertiary,no,no,call,18.0,nov,Morning,1.0,1.0,0.0,,no,3343.0,95.88285548502502,3.208388066466054,no
143712.0,33.0,management,married,tertiary,yes,yes,call,28.0,jan,Night,1.0,1.0,0.0,,no,332.0,105.9625374721239,4.693414008333184,no
130834.0,40.0,technician,single,secondary,no,no,call,16.0,jul,Afternoon,6.0,6.0,0.0,,no,641.0,102.8955456447023,5.060656743071514,no
155756.0,40.0,services,married,secondary,yes,no,call,2.0,jun,Night,1.0,1.0,3.0,failure,no,0.0,89.31846662385585,3.7749539758118056,no
150093.0,46.0,management,married,tertiary,no,no,call,4.0,may,Night ,1.0,1.0,0.0,,no,1446.0,100.7607954354857,4.634813003921595,no
158319.0,42.0,admin.,single,secondary,no,no,call,7.0,dec,Afternoon,1.0,1.0,1.0,success,no,684.0,102.20845183334121,4.898432310411785,no
141504.0,46.0,blue-collar,single,primary,yes,no,call,19.0,nov,Evening,1.0,1.0,0.0,,no,96.0,94.51899513727379,4.813994039792418,no
151924.0,40.0,blue-collar,married,secondary,yes,no,call,11.0,may,Morning,1.0,1.0,0.0,,no,0.0,92.25006903689315,5.174778485355259,no
154819.0,28.0,admin.,single,secondary,yes,no,call,18.0,may,Morning,1.0,1.0,0.0,,no,2290.0,103.65765983011639,5.373418688953233,yes
149569.0,40.0,blue-collar,married,primary,yes,no,call,20.0,apr,Evening,3.0,3.0,0.0,,no,2129.0,99.60322224823695,4.698635045335989,no
117654.0,32.0,blue-collar,single,secondary,no,no,,9.0,may,Afternoon,1.0,1.0,0.0,,no,-578.0,108.68910781505312,3.404738450458341,no
146838.0,40.0,entrepreneur,divorced,secondary,yes,no,call,9.0,feb,Evening,2.0,2.0,0.0,,no,201.0,77.48534597381338,5.8626535379667,no
135495.0,38.0,management,divorced,tertiary,yes,no,call,7.0,aug,Morning,4.0,4.0,0.0,,no,112.0,103.56703784612277,5.010784042423,no
139614.0,31.0,management,single,tertiary,no,no,call,28.0,aug,Night,31.0,31.0,0.0,,no,0.0,107.15688953413752,5.317852480540517,no
141314.0,31.0,admin.,married,secondary,yes,no,call,18.0,nov,eve,1.0,1.0,1.0,failure,no,355.0,111.70263958287534,5.808878598736321,no
160674.0,42.0,management,single,secondary,yes,no,,14.0,sep,Morning,1.0,1.0,7.0,other,no,900.0,109.31321129669251,3.848785834754441,no
120211.0,46.0,management,divorced,secondary,yes,no,,19.0,may,Morning,7.0,7.0,0.0,,,361.0,100.49515013529516,7.276652022024209,no
151002.0,36.0,management,married,tertiary,yes,no,call,6.0,may,eve,2.0,2.0,0.0,,no,152.0,103.4122109436816,4.847931210108725,no
134262.0,39.0,services,married,secondary,yes,no,call,31.0,jul,Night,2.0,2.0,0.0,,yes,-697.0,96.73062393769099,5.615323283928041,no
151807.0,44.0,admin.,married,secondary,yes,yes,call,8.0,may,Afternoon,3.0,3.0,0.0,,no,1248.0,94.02580932788595,5.888730155556917,no
147313.0,46.0,admin.,married,secondary,yes,no,call,27.0,mar,Night ,2.0,2.0,0.0,,no,70.0,107.33416644581594,3.7457864621082235,yes
143019.0,34.0,services,married,secondary,yes,no,call,21.0,nov,Evening,6.0,6.0,2.0,failure,no,-508.0,93.38872955992032,6.402489089542065,no
121309.0,45.0,services,married,secondary,yes,yes,,23.0,may,Afternoon,1.0,1.0,0.0,,no,0.0,93.45334279455767,3.2339406542848814,no
154712.0,24.0,blue-collar,single,primary,yes,yes,email,18.0,may,Night ,1.0,1.0,0.0,,no,2129.0,103.3168884656453,3.7357604956437527,no
150089.0,,management,single,tertiary,no,no,call,4.0,may,Morning,1.0,1.0,1.0,failure,no,5437.0,114.55596874366711,3.871112543543988,yes
155457.0,25.0,management,single,tertiary,no,No,call,26.0,may,eve,1.0,1.0,0.0,,no,1317.0,99.79346448842696,4.539644812382797,yes
148031.0,38.0,admin.,married,tertiary,no,no,call,15.0,apr,morning,1.0,1.0,0.0,,no,293.0,,6.544930653075419,no
143907.0,42.0,technician,married,secondary,no,no,call,28.0,jan,eve,1.0,1.0,6.0,failure,no,799.0,96.0426010697552,6.82609856921297,no
144411.0,31.0,management,married,secondary,no,no,call,29.0,jan,Night ,2.0,2.0,2.0,failure,no,0.0,97.61342812765048,4.819354005213493,no
135191.0,35.0,management,married,tertiary,,yes,call,6.0,aug,Evening,2.0,2.0,0.0,,no,284.0,101.85142019806037,2.5535528475008253,no
154350.0,41.0,blue-collar,married,secondary,yes,no,call,15.0,may,Night,2.0,2.0,0.0,,,49.0,97.46487322320748,6.092706559754314,no
155693.0,35.0,management,single,tertiary,yes,no,call,1.0,jun,Night,1.0,1.0,1.0,success,no,671.0,,3.430325469065635,no
116450.0,39.0,blue-collar,divorced,,yes,no,,6.0,may,Morning,2.0,2.0,0.0,,no,170.0,112.03133530307987,3.095356214311611,no
145786.0,52.0,self-employed,married,secondary,yes,no,email,4.0,feb,Afternoon,1.0,1.0,1.0,other,no,371.0,90.9948669565132,7.559841398669086,no
117998.0,35.0,management,single,tertiary,yes,no,,12.0,may,Night ,3.0,3.0,0.0,,no,561.0,96.35973639433482,4.260458049551753,no
138887.0,32.0,technician,single,secondary,no,no,call,26.0,aug,morning,2.0,2.0,0.0,,no,0.0,120.52978681400162,4.185678403701813,no
143717.0,36.0,management,married,tertiary,no,no,call,28.0,jan,Afternoon,1.0,1.0,0.0,,no,105.0,111.44795789310818,6.144254219476339,no
130680.0,56.0,blue-collar,married,secondary,no,,call,16.0,jul,morning,2.0,2.0,0.0,,no,0.0,85.21433868106858,3.616516341334517,no
150548.0,38.0,services,married,secondary,yes,no,call,5.0,may,Night,2.0,2.0,0.0,,no,0.0,86.59914077804517,8.419923421435684,no
152465.0,44.0,blue-collar,married,primary,yes,no,call,12.0,may,eve,1.0,1.0,0.0,,no,1147.0,100.72790669575417,1.3680384794549383,no
116204.0,55.0,services,divorced,primary,yes,yes,,5.0,may,Morning,2.0,2.0,0.0,,no,96.0,100.69901972912498,6.370939608704582,no
145709.0,36.0,blue-collar,married,secondary,yes,,call,4.0,feb,Morning,1.0,1.0,0.0,,no,1055.0,107.88848345000048,4.882001237604203,no
124802.0,26.0,blue-collar,single,primary,yes,no,,4.0,jun,eve,4.0,4.0,0.0,,no,3342.0,99.6571649138686,5.297149007597207,no
125680.0,54.0,management,married,tertiary,no,no,,9.0,jun,Afternoon,3.0,3.0,0.0,,yes,153.0,115.21343135191057,5.621510739875869,no
148113.0,34.0,technician,single,secondary,yes,no,call,16.0,apr,Morning,1.0,1.0,2.0,failure,no,486.0,103.92695737180868,3.8057044614745825,no
144104.0,49.0,blue-collar,married,primary,no,no,call,29.0,jan,eve,1.0,1.0,0.0,,no,399.0,100.94017500954276,4.181646510921722,no
130070.0,47.0,technician,married,secondary,no,yes,call,11.0,jul,Afternoon,2.0,2.0,0.0,,no,338.0,94.63577344186955,6.014128271236671,no
155105.0,22.0,management,single,tertiary,yes,no,call,18.0,may,Night,2.0,2.0,0.0,,no,103.0,103.65156011815074,4.545161478082447,no
116960.0,59.0,blue-collar,married,primary,yes,no,,7.0,may,Morning,3.0,3.0,0.0,,no,10.0,108.40283995970398,2.925911565980683,no
154749.0,31.0,technician,single,secondary,yes,no,call,18.0,may,morning,1.0,1.0,0.0,,no,-348.0,97.8619250097523,4.306012100246094,no
140438.0,48.0,management,married,tertiary,no,no,call,17.0,nov,Night,2.0,2.0,0.0,,no,5326.0,93.60406710097239,3.2376432192342484,no
119394.0,30.0,admin.,divorced,secondary,yes,No,,15.0,may,eve,1.0,1.0,0.0,,no,370.0,97.22311491305436,8.03244033030028,no
150466.0,30.0,services,married,secondary,yes,no,call,5.0,may,Night ,2.0,2.0,0.0,,no,253.0,104.19990737294299,6.392754031840611,no
118033.0,32.0,entrepreneur,married,tertiary,yes,yes,,12.0,may,Evening,1.0,1.0,0.0,,no,108.0,71.67214675006768,7.268624502412087,no
138404.0,41.0,technician,married,secondary,no,no,call,22.0,aug,Night,4.0,4.0,0.0,,no,994.0,86.92724052557291,,no
155905.0,42.0,technician,married,tertiary,no,,call,3.0,jun,morning,2.0,2.0,0.0,,no,15445.0,100.82468149904386,5.274423057866001,no
123127.0,51.0,management,married,tertiary,yes,yes,,29.0,may,Evening,5.0,5.0,0.0,,no,0.0,76.50415181119487,3.738267450867612,no
152637.0,39.0,blue-collar,single,secondary,no,no,call,12.0,may,Night ,1.0,1.0,2.0,other,no,175.0,88.03631666724766,5.224656670978411,no
152674.0,35.0,technician,divorced,secondary,yes,no,call,12.0,,morning,6.0,6.0,0.0,,no,0.0,103.85864048351792,4.838171067159424,no
153898.0,30.0,admin.,single,secondary,yes,no,call,14.0,may,Morning,3.0,3.0,4.0,failure,no,315.0,90.93881084692474,3.556643050849108,yes
133888.0,54.0,admin.,married,primary,no,no,call,30.0,jul,Morning,2.0,2.0,0.0,,no,0.0,99.35179083797257,4.743277631160755,no
142755.0,30.0,blue-collar,single,secondary,yes,no,call,20.0,nov,eve,4.0,4.0,0.0,,no,1472.0,86.16794487760941,6.245131390773013,no
122681.0,31.0,technician,single,primary,yes,no,,28.0,may,Night ,1.0,1.0,0.0,,no,449.0,84.58739113623353,3.849369686805098,no
147157.0,45.0,admin.,divorced,secondary,yes,no,call,5.0,mar,eve,1.0,1.0,2.0,other,no,2353.0,86.75553790803826,3.2593557561479134,yes
128173.0,53.0,blue-collar,married,secondary,no,no,,24.0,jun,Morning,4.0,4.0,0.0,,no,21522.0,94.62906377273596,5.301213706078729,no
144619.0,60.0,admin.,divorced,secondary,no,yes,call,30.0,jan,Morning,3.0,3.0,1.0,other,no,663.0,108.34511320516461,6.273967621606472,no
135176.0,48.0,management,divorced,tertiary,no,no,call,6.0,aug,Evening,6.0,6.0,0.0,,no,249.0,101.46864949272461,6.3725475272765735,no
156507.0,57.0,management,married,tertiary,no,no,call,4.0,aug,eve,1.0,1.0,0.0,,no,1660.0,87.19112966269485,2.0137658334536086,yes
154021.0,29.0,services,married,secondary,yes,no,call,15.0,may,Evening,1.0,1.0,0.0,,no,363.0,97.93962721446103,7.40766992854155,no
152869.0,45.0,blue-collar,married,primary,yes,no,SMS,13.0,may,Night,4.0,4.0,0.0,,,700.0,102.07929470214343,6.373514245371803,no
117507.0,32.0,management,single,tertiary,yes,no,,9.0,may,Night,2.0,2.0,0.0,,no,264.0,96.46270631690594,4.900389660268941,no
141663.0,44.0,management,divorced,tertiary,yes,yes,call,19.0,nov,Evening,1.0,1.0,0.0,,no,0.0,105.0980888504739,6.471247380422433,no
122823.0,39.0,admin.,divorced,secondary,no,no,,28.0,may,Afternoon,3.0,3.0,0.0,,no,22.0,100.79838287794719,5.919782571136091,no
148245.0,48.0,management,single,tertiary,yes,no,call,16.0,apr,Morning,1.0,1.0,0.0,,no,430.0,101.5246342508379,6.647801361381582,no
152930.0,47.0,entrepreneur,married,tertiary,yes,no,call,13.0,may,eve,1.0,1.0,0.0,,no,0.0,101.77214648205049,5.449365473381309,no
157750.0,73.0,retired,married,,no,no,email,16.0,oct,Night,1.0,1.0,1.0,failure,no,519.0,103.00341315641214,8.163589165695994,yes
155737.0,29.0,management,single,tertiary,no,no,call,2.0,jun,morning,1.0,1.0,5.0,success,no,92.0,99.87592819684663,5.3341957196550345,no
148781.0,39.0,technician,married,secondary,yes,no,call,17.0,apr,Night,1.0,1.0,2.0,failure,no,625.0,85.27573209249528,4.5823670713566615,no
150719.0,35.0,management,single,secondary,yes,,call,6.0,may,Evening,1.0,1.0,0.0,,no,0.0,91.06145757361631,3.7260965294847557,no
153135.0,55.0,entrepreneur,married,tertiary,yes,yes,call,13.0,may,Morning,1.0,1.0,0.0,,no,323.0,101.94552830932827,6.137087815909212,no
150541.0,45.0,management,married,tertiary,yes,no,call,,may,Morning,8.0,8.0,0.0,,no,7620.0,97.19719659723809,4.138162143623497,no
122308.0,42.0,blue-collar,married,secondary,yes,no,,27.0,may,Night ,1.0,1.0,0.0,,no,68.0,106.78559448014232,4.264133093144956,no
133522.0,38.0,technician,single,secondary,no,no,call,29.0,jul,Evening,2.0,2.0,0.0,,no,1655.0,109.2724644417864,5.668604990240712,no
152588.0,52.0,admin.,divorced,secondary,yes,yes,call,12.0,may,eve,2.0,2.0,2.0,failure,no,3029.0,101.3362188982277,3.1463710383789034,no
139689.0,35.0,technician,divorced,secondary,no,no,call,29.0,aug,Afternoon,12.0,12.0,0.0,,,56.0,102.04004435829296,4.769137229846423,no
150496.0,35.0,management,married,tertiary,yes,no,call,5.0,may,Night ,3.0,3.0,0.0,,no,1432.0,114.02445217116875,3.481255590824196,no
140351.0,36.0,services,,secondary,no,no,call,17.0,nov,Morning,1.0,1.0,0.0,,no,0.0,99.63290094777375,6.046995654380629,no
122620.0,46.0,blue-collar,married,,yes,no,,28.0,may,Night,1.0,1.0,0.0,,no,-619.0,96.21884893032382,4.013837069959076,no
160808.0,34.0,technician,single,secondary,no,no,call,1.0,oct,morning,2.0,2.0,0.0,,no,3311.0,,5.417051302033665,no
132128.0,45.0,admin.,married,secondary,yes,no,call,23.0,jul,Afternoon,1.0,1.0,0.0,,no,295.0,91.00435798945131,6.013433590069633,no
161023.0,47.0,management,married,tertiary,no,no,call,27.0,oct,Afternoon,1.0,1.0,0.0,,no,0.0,97.63589352416015,6.215208329363128,yes
160806.0,43.0,blue-collar,married,secondary,yes,no,,30.0,sep,eve,1.0,1.0,0.0,,no,625.0,103.14820581402081,5.50761950274828,no
118918.0,26.0,student,single,secondary,yes,No,,14.0,may,morning,1.0,1.0,0.0,,no,3096.0,94.61052489946887,4.714305924039807,no
148202.0,57.0,admin.,divorced,primary,yes,No,call,16.0,apr,morning,1.0,1.0,4.0,failure,no,207.0,103.86730329145396,5.580810582289987,no
160102.0,46.0,management,married,secondary,yes,no,,16.0,jul,Evening,1.0,1.0,0.0,,no,766.0,108.1412059264573,4.190077998242506,no
119458.0,55.0,admin.,married,secondary,yes,no,,15.0,may,Afternoon,2.0,2.0,0.0,,no,1102.0,101.00742977294188,4.573246053020561,no
155014.0,30.0,blue-collar,single,secondary,,no,call,18.0,may,Morning,2.0,2.0,0.0,,no,2145.0,87.07125090746094,3.6258283097150206,yes
117676.0,58.0,blue-collar,married,primary,yes,no,,,may,Night,5.0,5.0,0.0,,no,-91.0,107.67973372820899,7.617975539076721,no
117790.0,23.0,services,single,secondary,yes,yes,,9.0,may,Night ,2.0,2.0,0.0,,no,105.0,91.33063986599944,7.477078698104899,no
145587.0,30.0,technician,single,secondary,yes,no,email,3.0,feb,eve,2.0,2.0,1.0,other,no,62.0,94.84165216389323,4.937832366862538,no
129295.0,53.0,management,married,tertiary,yes,no,call,9.0,jul,morning,1.0,1.0,0.0,,no,0.0,112.91343084448576,4.938147794291888,no
134900.0,48.0,technician,married,secondary,no,no,call,5.0,aug,eve,1.0,1.0,0.0,,no,1600.0,90.89974190165462,5.570687217390796,no
135669.0,50.0,blue-collar,married,primary,no,yes,call,8.0,aug,morning,2.0,2.0,0.0,,no,-98.0,104.38399790236927,6.2876585144752335,no
127495.0,40.0,management,married,tertiary,yes,no,,19.0,jun,Morning,2.0,2.0,0.0,,no,20.0,101.00211707107951,3.7832798986217333,no
159911.0,22.0,housemaid,single,secondary,no,no,call,28.0,jun,Afternoon,3.0,3.0,0.0,,no,1796.0,104.08662762036452,4.281534923104101,yes
131628.0,58.0,retired,married,,no,no,call,21.0,jul,Night,4.0,4.0,0.0,,no,9004.0,104.27639632836879,2.6815666267306435,yes
157074.0,28.0,student,single,secondary,no,no,call,20.0,aug,eve,3.0,3.0,2.0,other,no,67.0,101.8434634850078,1.7668856393482426,yes
149671.0,59.0,blue-collar,married,primary,no,no,call,23.0,apr,Afternoon,1.0,1.0,0.0,,no,1939.0,115.20772488179114,5.552175397045766,yes
122315.0,35.0,technician,single,secondary,yes,no,,27.0,may,morning,2.0,2.0,0.0,,no,-229.0,111.56527127190938,4.7969123812945185,no
157880.0,46.0,management,single,tertiary,yes,yes,call,27.0,oct,Evening,1.0,1.0,1.0,failure,no,311.0,81.81991821073619,4.2628935322047194,no
140335.0,36.0,management,married,tertiary,yes,yes,call,17.0,nov,Night ,2.0,2.0,0.0,,no,441.0,96.08636571829538,5.600058271965451,no
156036.0,59.0,retired,married,primary,no,no,call,5.0,jun,morning,2.0,2.0,0.0,,no,0.0,106.3642676985814,2.626109803778837,yes
128928.0,59.0,retired,married,secondary,no,no,call,8.0,jul,Afternoon,1.0,1.0,0.0,,no,184.0,101.90214406653706,4.794810182631472,no
144101.0,29.0,entrepreneur,single,primary,yes,no,call,29.0,jan,Night ,1.0,1.0,0.0,,no,97.0,101.53815455475649,4.239628236347955,no
153841.0,28.0,student,single,secondary,yes,no,call,14.0,may,Afternoon,2.0,2.0,0.0,,no,1377.0,100.67340022470766,5.779607190337811,yes
139083.0,37.0,management,married,tertiary,no,no,call,27.0,aug,Night ,4.0,4.0,0.0,,no,40.0,100.87750997203652,8.369562324879164,yes
150223.0,34.0,entrepreneur,married,tertiary,yes,no,call,4.0,may,Morning,3.0,3.0,10.0,success,no,1076.0,88.35336010976249,5.478222558369755,no
141696.0,36.0,management,single,tertiary,no,no,call,19.0,nov,Morning,2.0,2.0,0.0,,no,774.0,121.40676358522518,2.6826021011733303,no
123470.0,39.0,blue-collar,married,primary,yes,no,,30.0,may,Afternoon,4.0,4.0,0.0,,no,882.0,97.85583730571794,5.124277472384477,no
125446.0,52.0,retired,,,no,no,,6.0,jun,Afternoon,1.0,1.0,0.0,,no,3303.0,100.29520817696584,6.447238453023127,no
133390.0,35.0,unemployed,married,secondary,yes,no,call,28.0,jul,Morning,8.0,8.0,0.0,,no,1.0,98.03018248612862,6.448057357735379,no
153401.0,33.0,technician,married,secondary,yes,yes,call,13.0,may,Night ,2.0,2.0,4.0,other,no,668.0,87.78535827847915,5.725523007734767,no
116280.0,56.0,management,married,tertiary,yes,yes,,6.0,may,morning,1.0,1.0,0.0,,no,830.0,107.86097823491076,2.9870094084706738,yes
156330.0,39.0,admin.,divorced,secondary,yes,no,call,2.0,jul,morning,2.0,2.0,5.0,success,no,19.0,89.27987310411956,4.13381503732948,yes
151295.0,51.0,admin.,married,secondary,no,no,call,7.0,may,Evening,1.0,1.0,1.0,other,no,3025.0,92.20063770530345,7.504358973459632,yes
117388.0,50.0,management,divorced,tertiary,yes,no,,8.0,may,Evening,2.0,2.0,0.0,,no,704.0,120.19634171670003,6.275487238589665,no
136222.0,33.0,technician,married,tertiary,no,no,call,11.0,aug,Night,3.0,3.0,0.0,,no,2586.0,101.54109143651397,6.04583708815127,no
150820.0,34.0,technician,single,secondary,yes,no,call,6.0,may,morning,1.0,1.0,4.0,failure,no,827.0,89.44223278562126,6.471482825271504,no
139647.0,49.0,blue-collar,married,primary,no,No,call,28.0,aug,Afternoon,15.0,15.0,0.0,,no,592.0,104.4423329204603,7.059438844201895,no
149219.0,50.0,blue-collar,divorced,secondary,yes,yes,call,20.0,apr,Night ,1.0,1.0,0.0,,no,881.0,110.33617419282426,5.444992687876988,no
144850.0,22.0,student,single,secondary,no,no,call,2.0,feb,Night ,1.0,1.0,0.0,,,148.0,95.39933841637729,5.827474206601031,no
126437.0,51.0,admin.,married,secondary,yes,no,,16.0,jun,eve,3.0,3.0,0.0,,no,924.0,122.61166078570001,7.587640027351439,no
123052.0,50.0,self-employed,married,secondary,yes,yes,,29.0,may,eve,1.0,1.0,0.0,,no,6174.0,115.94007548073415,6.099402868585,no
131580.0,27.0,management,single,tertiary,yes,no,call,21.0,jul,morning,1.0,1.0,0.0,,no,831.0,107.04311794367246,6.718343155483255,no
145968.0,55.0,unemployed,married,secondary,yes,no,call,4.0,feb,Night ,2.0,2.0,0.0,,no,1436.0,105.19340681183262,4.35275768366439,no
148636.0,41.0,blue-collar,married,secondary,yes,no,SMS,17.0,apr,Night ,1.0,1.0,0.0,,no,475.0,113.02811392470115,3.003071575917454,no
126881.0,60.0,management,married,tertiary,no,no,,17.0,jun,eve,3.0,3.0,0.0,,no,3301.0,99.65300227845621,3.468134006162212,yes
131581.0,44.0,management,divorced,tertiary,yes,no,call,21.0,jul,Afternoon,2.0,2.0,0.0,,no,2422.0,108.79823916549363,8.701697528922608,no
122087.0,34.0,admin.,married,secondary,no,no,,27.0,may,morning,2.0,2.0,0.0,,no,256.0,76.85343426809723,3.430441416742136,no
121741.0,30.0,management,married,tertiary,yes,no,,26.0,may,Afternoon,4.0,4.0,0.0,,no,265.0,102.9572088410966,3.0184014133172288,no
158757.0,36.0,self-employed,married,tertiary,no,no,call,3.0,feb,morning,1.0,1.0,3.0,success,no,506.0,101.06270253300508,6.25612622511139,no
157431.0,60.0,admin.,married,,no,no,call,11.0,sep,morning,8.0,8.0,0.0,,no,478.0,107.09410458623003,6.005493689223575,no
144105.0,59.0,management,married,secondary,no,no,call,29.0,jan,Evening,1.0,1.0,0.0,,no,1245.0,92.2066000680127,3.685572890401679,no
146348.0,47.0,admin.,single,tertiary,no,no,email,5.0,feb,Morning,6.0,6.0,0.0,,no,178.0,78.40717571204839,2.763184652453475,no
133308.0,30.0,admin.,married,secondary,yes,no,call,28.0,jul,Night,3.0,3.0,0.0,,no,39.0,105.2677092623637,4.650338567813697,no
124030.0,29.0,admin.,single,secondary,yes,No,,2.0,jun,Night,4.0,4.0,0.0,,no,315.0,99.61158652540699,6.877714996980588,no
135208.0,41.0,management,married,secondary,no,no,call,6.0,aug,morning,4.0,4.0,0.0,,no,501.0,101.09406425524804,4.439449206076023,no
150512.0,34.0,services,divorced,secondary,yes,no,call,5.0,may,Evening,1.0,1.0,0.0,,no,-258.0,101.19505997362921,5.933136306947197,no
152199.0,49.0,blue-collar,married,secondary,yes,no,email,11.0,may,Night ,1.0,1.0,0.0,,no,0.0,99.10013740157298,3.66296909375807,no
122955.0,44.0,blue-collar,married,primary,yes,no,,28.0,may,Night,4.0,4.0,0.0,,no,3753.0,120.11419981902193,5.186809172825274,no
132366.0,41.0,management,married,tertiary,no,no,call,23.0,jul,morning,3.0,3.0,0.0,,no,1408.0,106.99218890823983,6.149858793486997,no
152254.0,45.0,services,married,secondary,yes,no,call,11.0,may,Afternoon,2.0,2.0,0.0,,no,462.0,108.1407765761061,5.9945178160203385,no
149320.0,32.0,technician,married,secondary,yes,no,call,20.0,apr,morning,1.0,1.0,4.0,failure,no,3322.0,112.76871694516724,4.624691883174128,no
119329.0,44.0,management,married,secondary,yes,no,,15.0,may,Night,2.0,2.0,0.0,,no,38.0,107.63820422156802,4.004090883727472,no
128529.0,36.0,management,single,tertiary,no,yes,,4.0,jul,eve,3.0,3.0,0.0,,no,678.0,92.60306882963675,4.360444944150767,no
122127.0,31.0,blue-collar,married,secondary,yes,no,,27.0,may,Night,2.0,2.0,0.0,,no,203.0,89.3822774189249,3.739435376788946,no
117778.0,48.0,unemployed,married,secondary,yes,no,,9.0,may,Afternoon,2.0,2.0,0.0,,no,855.0,103.05301223801823,3.5811448811065394,no
152376.0,31.0,services,divorced,secondary,yes,no,call,12.0,may,Evening,3.0,3.0,3.0,other,no,62.0,113.38731084764642,5.520948770532211,no
131563.0,44.0,blue-collar,married,primary,no,no,SMS,21.0,jul,morning,1.0,1.0,0.0,,no,2470.0,113.20546257649846,4.15030820957246,no
153480.0,27.0,blue-collar,married,secondary,yes,yes,call,14.0,may,eve,1.0,1.0,1.0,failure,no,1028.0,86.92174835865532,5.45868978916631,no
119456.0,44.0,management,married,secondary,yes,no,,15.0,may,Night ,2.0,2.0,0.0,,no,2984.0,105.60481104167499,6.044001883451764,no
146201.0,33.0,technician,single,,no,no,call,5.0,feb,Morning,1.0,1.0,2.0,failure,no,10600.0,103.2416564146602,6.693005848851228,no
144244.0,56.0,entrepreneur,married,primary,no,no,call,29.0,jan,morning,2.0,2.0,0.0,,no,84.0,113.06986084326287,4.858070773350773,no
127953.0,41.0,entrepreneur,married,tertiary,yes,no,,20.0,jun,Night,3.0,3.0,0.0,,no,306.0,103.04161202295577,5.067181714394818,no
153225.0,50.0,management,married,primary,yes,no,SMS,13.0,may,morning,4.0,4.0,0.0,,no,117.0,107.9805735185122,5.243620861637251,no
139255.0,31.0,management,,tertiary,yes,no,call,27.0,aug,Night,6.0,6.0,0.0,,no,347.0,99.29955841895021,5.835042741236798,no
122592.0,28.0,blue-collar,single,,yes,no,,28.0,may,eve,1.0,1.0,0.0,,no,448.0,79.30855636905018,6.647039736915765,no
154139.0,47.0,services,married,secondary,yes,no,call,15.0,may,Night ,1.0,1.0,3.0,failure,no,1474.0,83.67520481357145,2.7517064073654587,no
119566.0,58.0,retired,divorced,primary,no,no,,16.0,may,Night ,1.0,1.0,0.0,,no,6.0,102.79109902619251,7.487800208821561,no
133741.0,58.0,unemployed,married,secondary,yes,,email,29.0,jul,Evening,2.0,2.0,0.0,,no,610.0,104.81721059095092,7.464026483961837,no
148284.0,32.0,management,married,primary,yes,no,call,16.0,apr,Night,2.0,2.0,0.0,,no,5.0,107.9493603475327,3.2635161825750405,no
149289.0,33.0,housemaid,married,tertiary,yes,no,call,20.0,apr,morning,1.0,1.0,2.0,failure,no,10.0,96.3123848848511,6.471589202108383,no
160332.0,38.0,admin.,single,secondary,no,no,call,5.0,aug,morning,3.0,3.0,10.0,failure,no,115.0,88.43383190311862,2.872626871291917,no
128364.0,35.0,blue-collar,divorced,primary,no,no,,1.0,jul,morning,1.0,1.0,0.0,,no,0.0,111.78318900700981,3.851796531766724,no
135981.0,35.0,management,married,tertiary,no,no,call,11.0,aug,eve,5.0,5.0,0.0,,no,337.0,105.83066983395005,6.133150344628803,no
160441.0,49.0,services,married,primary,yes,no,call,13.0,aug,Morning,1.0,1.0,1.0,success,no,1830.0,104.04037470976718,4.788095566641145,yes
116603.0,40.0,blue-collar,divorced,secondary,yes,no,,6.0,may,Night ,2.0,2.0,0.0,,no,0.0,87.69535173716214,4.180406011825639,no
124385.0,32.0,services,married,secondary,yes,no,,3.0,jun,Night ,1.0,1.0,0.0,,no,1464.0,95.93062776608211,3.986255654105608,no
144913.0,36.0,admin.,married,secondary,yes,no,call,2.0,feb,Night ,1.0,1.0,0.0,,no,854.0,91.79346903827,5.0844694296792525,no
145259.0,48.0,management,married,tertiary,yes,no,call,2.0,feb,Evening,3.0,3.0,0.0,,no,7289.0,112.47339947510432,7.0498332727427,no
141325.0,41.0,blue-collar,,secondary,yes,No,call,18.0,nov,morning,1.0,1.0,0.0,,no,1362.0,102.29448274450392,4.793826943347929,no
148190.0,24.0,student,married,,no,no,call,16.0,apr,Morning,1.0,1.0,0.0,,no,146.0,111.29481766484858,4.323363317093465,no
142547.0,43.0,management,married,tertiary,yes,no,call,20.0,nov,Morning,1.0,1.0,0.0,,no,,91.40212467286456,7.200773220699591,no
120265.0,51.0,management,married,,yes,no,,19.0,may,eve,2.0,2.0,0.0,,no,6482.0,94.50452671822111,5.156962694946209,no
127702.0,56.0,blue-collar,married,,yes,no,,20.0,jun,Night ,2.0,2.0,0.0,,no,665.0,108.43393744391456,2.8971600775100175,no
137307.0,61.0,management,married,secondary,no,no,call,18.0,aug,morning,6.0,6.0,0.0,,no,985.0,99.73924433608734,5.0067491623290525,yes
134442.0,53.0,blue-collar,married,secondary,no,no,email,31.0,jul,morning,4.0,4.0,0.0,,no,0.0,89.6004249224832,5.053746139000429,no
140074.0,30.0,technician,single,secondary,yes,no,,14.0,nov,Night ,1.0,1.0,0.0,,no,816.0,106.09675890857943,5.2260461579340545,yes
147987.0,31.0,management,single,tertiary,yes,no,call,14.0,apr,Morning,2.0,2.0,0.0,,no,2384.0,87.288503026511,4.169082673683031,no
121680.0,33.0,management,single,secondary,yes,No,,26.0,may,Night ,1.0,1.0,0.0,,no,-424.0,97.63915484171852,5.926728152066854,no
157031.0,55.0,technician,divorced,tertiary,no,no,call,18.0,,morning,1.0,1.0,0.0,,no,0.0,96.01124846943586,3.5090964894508376,yes
126336.0,38.0,,married,secondary,,no,,12.0,,eve,3.0,3.0,0.0,,no,8.0,109.26930609784296,4.784122688425944,no
135994.0,36.0,management,single,tertiary,no,no,call,11.0,aug,Night ,2.0,2.0,0.0,,no,553.0,98.83751311497456,4.63203292531162,no
144768.0,36.0,admin.,divorced,tertiary,no,No,call,30.0,jan,Evening,2.0,2.0,1.0,other,no,281.0,,4.465222140676421,no
137026.0,46.0,self-employed,married,primary,no,no,call,14.0,aug,Night ,8.0,8.0,0.0,,no,3262.0,106.36988937291088,7.816908910901974,no
152977.0,33.0,management,married,tertiary,yes,no,SMS,13.0,may,eve,4.0,4.0,0.0,,no,1195.0,107.33784796227351,3.8618245354227074,no
153445.0,40.0,blue-collar,single,primary,yes,No,email,14.0,may,eve,7.0,7.0,0.0,,no,2226.0,95.49580618301906,3.273898917247208,no
122638.0,34.0,services,married,secondary,yes,no,,28.0,may,Afternoon,1.0,1.0,0.0,,no,1182.0,94.61296285142895,7.124783265437053,no
160375.0,75.0,retired,married,primary,no,no,SMS,9.0,aug,Afternoon,1.0,1.0,0.0,,no,3504.0,99.49150722831355,5.869421675920512,no
143489.0,42.0,services,married,,no,no,call,21.0,nov,Afternoon,2.0,2.0,0.0,,no,7482.0,120.69311471824352,5.7658425490307295,no
155359.0,36.0,services,married,tertiary,no,no,call,25.0,may,Night ,1.0,1.0,0.0,,no,562.0,113.78126252417957,5.369205969310719,no
158664.0,30.0,blue-collar,married,secondary,no,no,call,28.0,,morning,2.0,2.0,0.0,,no,,103.91759771012299,6.051995404784201,yes
153292.0,40.0,blue-collar,divorced,,yes,no,call,13.0,may,Afternoon,2.0,2.0,5.0,failure,no,528.0,97.52775299286043,4.785645795963623,no
121746.0,36.0,blue-collar,divorced,secondary,yes,No,,26.0,may,morning,2.0,2.0,0.0,,no,-140.0,92.37958019560595,4.732195064936653,no
149135.0,35.0,admin.,divorced,tertiary,yes,No,call,20.0,apr,Morning,2.0,2.0,4.0,other,no,262.0,117.20527551962127,4.111351735261227,no
153809.0,29.0,technician,single,secondary,yes,yes,call,14.0,may,eve,1.0,1.0,0.0,,no,1331.0,101.1192910136775,4.941768398841129,no
127428.0,39.0,admin.,single,secondary,no,yes,,19.0,jun,Morning,1.0,1.0,0.0,,no,0.0,110.1494525361896,7.420303490548979,no
119574.0,30.0,self-employed,single,tertiary,yes,yes,,16.0,may,eve,1.0,1.0,0.0,,no,901.0,105.55819877187592,4.067873640373661,no
121055.0,51.0,management,married,secondary,yes,No,,21.0,may,Night,10.0,10.0,0.0,,no,140.0,97.06470560151362,6.311220606049785,no
130830.0,42.0,services,married,secondary,yes,yes,call,16.0,jul,Afternoon,2.0,2.0,0.0,,no,3465.0,95.61990350531964,6.592299608956633,yes
159073.0,38.0,services,single,secondary,no,no,call,2.0,mar,Afternoon,1.0,1.0,0.0,,no,91.0,,5.929796215988531,yes
125575.0,40.0,admin.,married,secondary,no,no,,6.0,jun,morning,1.0,1.0,0.0,,no,3234.0,107.76265243524736,3.0366530691951605,no
149834.0,29.0,admin.,single,secondary,no,no,call,30.0,apr,Evening,1.0,1.0,0.0,,no,3794.0,109.15627981458111,3.8785963352298536,no
146182.0,39.0,entrepreneur,single,secondary,no,no,call,5.0,feb,Morning,1.0,1.0,0.0,,no,829.0,97.0310564844812,6.054848835789285,no
150988.0,41.0,technician,married,secondary,yes,no,call,6.0,may,Night ,3.0,3.0,6.0,other,no,741.0,100.98723548846553,4.366840285586804,no
129823.0,58.0,management,divorced,tertiary,no,no,email,10.0,jul,Night,7.0,7.0,0.0,,no,0.0,,3.401365892707434,no
117880.0,49.0,services,divorced,secondary,yes,no,,9.0,may,Afternoon,2.0,2.0,0.0,,no,315.0,88.33068609516998,4.043713811351336,no
118028.0,27.0,technician,married,secondary,yes,no,,12.0,may,Night,3.0,3.0,0.0,,no,-302.0,114.56085572773351,5.282447661832962,no
143255.0,56.0,housemaid,married,primary,no,no,call,21.0,nov,Afternoon,6.0,6.0,0.0,,no,445.0,105.12188172796819,6.432506923408283,no
134031.0,53.0,retired,married,primary,no,no,call,30.0,jul,Afternoon,1.0,1.0,0.0,,no,0.0,91.1285551488281,6.825504928885438,no
139362.0,44.0,technician,married,secondary,,yes,call,28.0,aug,morning,4.0,4.0,0.0,,no,-102.0,108.72608816142913,3.8385472029545964,no
134722.0,45.0,management,married,secondary,no,no,call,4.0,aug,Night ,1.0,1.0,0.0,,no,1098.0,108.5049234858116,4.6608938817696925,no
160231.0,69.0,retired,single,tertiary,no,no,call,29.0,jul,morning,1.0,1.0,4.0,success,no,2144.0,103.48436929662566,5.527539225687078,yes
155725.0,34.0,management,married,tertiary,yes,no,call,1.0,jun,Night,2.0,2.0,0.0,,no,690.0,102.8774026128301,5.728990165920846,no
125903.0,,housemaid,married,secondary,no,no,,9.0,jun,eve,3.0,3.0,0.0,,no,992.0,104.51902123026274,4.897977405086178,no
120922.0,33.0,technician,single,secondary,yes,no,,21.0,may,Night ,1.0,1.0,0.0,,no,239.0,114.87531532189703,4.884273942345822,no
134933.0,45.0,technician,divorced,secondary,no,no,call,5.0,aug,Morning,3.0,3.0,0.0,,no,49.0,80.43009060561873,5.131626351418629,no
117793.0,38.0,technician,single,tertiary,yes,no,,9.0,may,morning,1.0,1.0,0.0,,no,-256.0,103.71362963357014,4.315926783933498,no
141179.0,57.0,services,married,secondary,no,no,call,18.0,nov,Evening,4.0,4.0,0.0,,no,315.0,114.61245899964955,4.075638198495725,no
148455.0,39.0,services,married,tertiary,no,no,call,17.0,apr,Morning,2.0,2.0,0.0,,no,0.0,110.71173870435197,5.536812515493239,no
133568.0,54.0,housemaid,married,primary,no,no,call,29.0,jul,Evening,2.0,2.0,0.0,,no,136.0,95.8333123751572,4.466397912891769,no
153236.0,31.0,blue-collar,married,secondary,yes,no,call,13.0,may,eve,1.0,1.0,3.0,other,no,1078.0,99.86638168292838,3.6801903030996077,no
123659.0,35.0,blue-collar,married,secondary,yes,yes,,30.0,may,Night ,3.0,3.0,0.0,,no,698.0,81.64957564288189,4.396412714147898,yes
138874.0,49.0,blue-collar,married,primary,no,no,call,26.0,aug,eve,4.0,4.0,0.0,,no,3478.0,97.69054872471598,7.353952853197137,no
132974.0,32.0,services,single,secondary,no,yes,call,25.0,jul,eve,2.0,2.0,0.0,,no,441.0,95.92108169314594,3.7633136183114484,no
127921.0,36.0,management,divorced,tertiary,,no,,20.0,jun,Night,4.0,4.0,0.0,,no,563.0,109.86764870895995,5.725879840055002,no
125064.0,38.0,services,married,secondary,no,no,,,jun,Evening,2.0,2.0,0.0,,no,2600.0,96.7133263702333,2.46466601042406,no
153958.0,34.0,blue-collar,single,tertiary,no,no,call,14.0,may,Morning,3.0,3.0,0.0,,no,97.0,81.0821030690082,4.8679567648803825,no
158001.0,54.0,technician,married,secondary,no,yes,call,2.0,nov,Evening,1.0,1.0,1.0,failure,no,473.0,100.12060139685956,6.217464564729484,yes
131417.0,34.0,blue-collar,married,secondary,yes,no,call,18.0,jul,Night ,2.0,2.0,0.0,,no,584.0,110.95616676641981,8.473148701543703,no
136215.0,59.0,blue-collar,married,primary,no,no,call,11.0,aug,Evening,8.0,8.0,0.0,,no,914.0,100.36683894610194,4.447327644366649,no
151391.0,36.0,housemaid,married,secondary,yes,no,call,7.0,may,Afternoon,3.0,3.0,0.0,,no,556.0,108.87172880808893,5.571862532271356,no
124208.0,58.0,admin.,married,secondary,yes,No,,2.0,jun,Night ,4.0,4.0,0.0,,no,3496.0,90.75599740949335,2.291748204029932,no
142310.0,34.0,technician,single,,no,yes,call,20.0,nov,eve,1.0,1.0,0.0,,no,4223.0,104.81829673523401,7.109009230215715,no
151082.0,37.0,services,married,secondary,yes,yes,call,7.0,may,Night ,1.0,1.0,7.0,failure,no,343.0,91.78661144522671,3.5384594489652392,no
118534.0,38.0,admin.,married,secondary,yes,No,,13.0,may,eve,3.0,3.0,0.0,,no,607.0,114.19980769998334,6.1147686505616665,no
135607.0,34.0,technician,single,secondary,no,no,call,7.0,aug,Afternoon,3.0,3.0,0.0,,no,649.0,95.74277806413893,4.619676248619381,no
154936.0,31.0,admin.,single,secondary,yes,no,call,18.0,may,Morning,3.0,3.0,0.0,,no,1129.0,103.2105796214505,6.116820578014891,no
156597.0,33.0,unemployed,married,secondary,no,No,call,7.0,aug,morning,1.0,1.0,0.0,,no,1211.0,101.69880494700584,5.059853744791468,yes
147361.0,33.0,admin.,single,secondary,yes,No,call,1.0,apr,Night ,1.0,1.0,1.0,other,no,285.0,92.42408616827439,4.4152804566237505,no
141527.0,54.0,blue-collar,married,primary,no,no,call,19.0,nov,eve,2.0,2.0,0.0,,no,6191.0,107.23127802484562,6.368427132657392,no
143004.0,42.0,technician,married,secondary,no,No,call,21.0,nov,Evening,1.0,1.0,0.0,,no,3228.0,115.85754656420205,5.5664797968678705,no
152083.0,41.0,services,married,,yes,no,call,11.0,may,Night ,1.0,1.0,2.0,failure,no,88.0,99.99570984315903,2.8390422185469593,no
148000.0,37.0,services,married,secondary,yes,no,call,15.0,apr,morning,2.0,2.0,0.0,,no,381.0,91.79056384821924,5.6157936575626355,no
152748.0,40.0,blue-collar,married,secondary,yes,no,call,12.0,may,Morning,2.0,2.0,1.0,failure,no,327.0,90.6697522458646,3.7654678193221747,no
122454.0,36.0,blue-collar,married,primary,yes,no,,27.0,may,Night ,4.0,4.0,0.0,,no,8326.0,118.26662329481346,6.421325132974643,no
147148.0,50.0,management,married,secondary,no,no,call,5.0,mar,Afternoon,2.0,2.0,0.0,,no,268.0,89.6742900613263,6.977952601538603,no
121792.0,53.0,blue-collar,single,secondary,yes,,,26.0,may,morning,3.0,3.0,0.0,,no,105.0,99.75157784027947,4.775555059323676,no
124700.0,26.0,self-employed,single,secondary,yes,yes,,4.0,jun,morning,2.0,2.0,0.0,,no,467.0,81.9209859030237,4.710070623420246,no
142504.0,37.0,unemployed,,secondary,no,No,call,20.0,nov,Night ,2.0,2.0,2.0,other,no,2424.0,90.53577337563465,8.113923405267345,no
139087.0,30.0,management,single,tertiary,no,no,call,27.0,aug,Afternoon,3.0,3.0,0.0,,no,60.0,94.51686645705601,4.677014056338112,no
116525.0,33.0,services,married,tertiary,no,No,,6.0,may,eve,3.0,3.0,0.0,,no,85.0,100.19997696265982,3.986017453061129,no
138659.0,34.0,technician,married,secondary,yes,no,call,25.0,aug,Afternoon,4.0,4.0,0.0,,no,2.0,84.90670496169533,8.51541799568519,no
124172.0,40.0,blue-collar,married,primary,,No,,2.0,jun,morning,21.0,21.0,0.0,,no,2635.0,77.57682619264554,6.102893023300367,no
121190.0,31.0,management,married,tertiary,yes,no,,23.0,may,Night ,1.0,1.0,0.0,,no,5889.0,92.16019883420914,6.162420804117498,no
127863.0,43.0,blue-collar,married,primary,yes,no,,20.0,jun,eve,5.0,5.0,0.0,,no,-59.0,107.36337956862567,4.080957197280308,no
123342.0,45.0,housemaid,married,secondary,yes,no,,,may,Afternoon,3.0,3.0,0.0,,no,1041.0,104.14230164706397,3.4282497482099603,no
151650.0,33.0,management,divorced,tertiary,yes,no,call,8.0,may,Night,2.0,2.0,0.0,,no,0.0,90.9592938336391,5.0339654910220055,no
129577.0,29.0,admin.,single,secondary,no,no,SMS,9.0,jul,Evening,1.0,1.0,0.0,,no,1.0,107.79106769821885,5.3135702192307175,no
159269.0,42.0,technician,married,secondary,no,no,call,30.0,mar,Evening,2.0,2.0,2.0,failure,no,2152.0,100.40340227659274,4.714563748660886,no
128612.0,30.0,services,single,secondary,yes,,call,7.0,jul,eve,2.0,2.0,0.0,,no,0.0,102.48901735963113,8.011013407880775,no
153865.0,37.0,blue-collar,married,primary,yes,yes,call,14.0,may,Afternoon,1.0,1.0,2.0,failure,no,2079.0,80.80134475438835,3.8937006044876377,no
119957.0,46.0,blue-collar,married,primary,yes,No,,19.0,may,Afternoon,1.0,1.0,0.0,,no,7934.0,92.47890351897475,4.006894545153923,no
124364.0,36.0,blue-collar,married,secondary,,no,,3.0,jun,Evening,3.0,3.0,0.0,,no,16402.0,83.24209122232038,6.620349715786994,no
140580.0,54.0,admin.,married,secondary,yes,yes,call,17.0,nov,eve,2.0,2.0,0.0,,no,2935.0,90.38521986623931,3.1114170908979855,no
125067.0,46.0,technician,married,secondary,no,no,,5.0,jun,Night ,2.0,2.0,0.0,,no,792.0,111.61326854912747,5.459238079944802,no
149007.0,28.0,technician,married,secondary,yes,no,call,20.0,apr,Evening,3.0,3.0,0.0,,no,1086.0,89.69169820230982,3.6154526898169834,yes
120765.0,31.0,blue-collar,married,secondary,yes,no,,21.0,may,morning,1.0,1.0,0.0,,no,435.0,89.56888696199555,4.59273122965405,no
120893.0,38.0,services,married,tertiary,yes,no,,21.0,may,Evening,1.0,1.0,0.0,,no,-121.0,108.59035938575595,4.794203578532408,no
123182.0,38.0,admin.,married,secondary,,No,,,may,morning,1.0,1.0,0.0,,no,,86.50096413602441,6.8533120263681955,no
125501.0,45.0,services,married,secondary,no,No,,6.0,jun,Night ,4.0,4.0,0.0,,no,162.0,89.00954355968139,5.58450619125608,no
151237.0,34.0,technician,divorced,secondary,yes,no,call,7.0,may,eve,2.0,2.0,5.0,failure,no,558.0,115.89391322177241,7.4466915449615225,no
120481.0,39.0,housemaid,married,tertiary,yes,No,,20.0,may,Night,2.0,2.0,0.0,,no,75.0,108.66785980188912,5.434079634046118,no
125608.0,54.0,admin.,divorced,primary,no,no,,6.0,jun,Night,1.0,1.0,0.0,,no,0.0,121.41495714981207,4.0884353407807446,no
147889.0,37.0,blue-collar,married,,yes,no,call,13.0,apr,Morning,2.0,2.0,2.0,failure,no,897.0,104.33538062713232,5.1429552984284115,no
152740.0,47.0,blue-collar,married,,yes,No,call,12.0,may,Night,6.0,6.0,1.0,failure,no,1044.0,94.59105903416203,4.105972494979784,no
134445.0,34.0,services,married,secondary,yes,yes,call,31.0,jul,Afternoon,3.0,3.0,0.0,,no,27.0,109.36443821578158,5.513330156618583,no
129230.0,29.0,technician,single,tertiary,no,yes,call,8.0,jul,Night ,2.0,2.0,0.0,,no,313.0,123.53270508261443,0.5637697990037154,no
158269.0,35.0,technician,single,secondary,yes,no,call,30.0,nov,Night,3.0,3.0,1.0,success,no,204.0,107.69878529397693,7.161805563183391,no
124245.0,39.0,blue-collar,single,primary,yes,no,,3.0,jun,eve,2.0,2.0,0.0,,no,-360.0,96.01481183025236,4.555448992544119,no
134219.0,36.0,management,married,tertiary,yes,no,call,31.0,jul,Evening,29.0,29.0,0.0,,no,-381.0,102.66520826063066,3.4101651122743943,no
149740.0,34.0,technician,married,tertiary,yes,yes,call,28.0,apr,Evening,2.0,2.0,0.0,,no,0.0,102.12740367981355,6.7364936682423515,no
157035.0,34.0,housemaid,married,tertiary,no,no,call,18.0,aug,Morning,1.0,1.0,2.0,failure,no,0.0,123.6954674075389,2.654601646425871,yes
134659.0,44.0,services,divorced,secondary,yes,yes,call,31.0,jul,Afternoon,3.0,3.0,0.0,,no,12.0,97.63818573048091,2.671532207889019,no
134492.0,32.0,management,married,tertiary,yes,no,call,31.0,jul,Afternoon,27.0,27.0,0.0,,no,3.0,80.89109458549794,5.632464543827718,no
144817.0,36.0,technician,single,secondary,yes,yes,call,2.0,feb,Evening,1.0,1.0,1.0,failure,no,265.0,108.38152945628447,4.68323483678505,no
150908.0,37.0,management,divorced,tertiary,yes,no,call,6.0,may,Night,1.0,1.0,0.0,,no,503.0,105.55244070128334,4.057430522124701,no
124671.0,34.0,blue-collar,married,secondary,yes,no,,4.0,jun,Morning,8.0,8.0,0.0,,no,587.0,96.09265385697813,5.125068674381616,no
126787.0,48.0,blue-collar,married,secondary,no,no,,17.0,jun,Night,2.0,2.0,0.0,,no,1562.0,96.5420380363734,4.311520138302314,no
143204.0,39.0,unemployed,married,tertiary,yes,yes,call,21.0,nov,Night,1.0,1.0,0.0,,no,529.0,102.57066399529424,7.179884762427049,no
157814.0,27.0,student,single,tertiary,no,No,call,21.0,oct,Afternoon,1.0,1.0,0.0,,no,,84.668480358186,3.2853610012953895,no
150937.0,30.0,blue-collar,married,secondary,yes,yes,call,6.0,may,Afternoon,3.0,3.0,1.0,failure,no,313.0,108.25498029456881,4.626146272161886,no
130711.0,25.0,services,single,tertiary,yes,no,call,16.0,jul,Evening,1.0,1.0,0.0,,no,130.0,107.43890311672682,5.320833853923744,no
134960.0,53.0,admin.,married,secondary,no,no,call,5.0,aug,Morning,1.0,1.0,0.0,,no,257.0,83.75937728261688,3.8349243637158983,no
157870.0,70.0,retired,married,secondary,no,no,call,26.0,oct,Evening,1.0,1.0,0.0,,no,2815.0,101.41362029729072,4.296338104565925,no
132249.0,38.0,technician,divorced,secondary,no,yes,call,23.0,jul,Night ,1.0,1.0,0.0,,,1.0,105.46487909471678,4.104786825551109,no
134507.0,40.0,services,married,,no,No,call,31.0,jul,eve,34.0,34.0,0.0,,no,0.0,98.91287509285893,4.143159934865601,no
116465.0,52.0,technician,married,,no,no,,6.0,may,Morning,1.0,1.0,0.0,,no,0.0,100.43071581228114,5.5530623061554145,no
136519.0,31.0,technician,single,tertiary,no,no,call,12.0,aug,Evening,7.0,7.0,0.0,,no,208.0,89.31322675135272,8.917979876867976,yes
128319.0,45.0,entrepreneur,married,secondary,no,yes,,30.0,jun,Night ,1.0,1.0,0.0,,yes,624.0,83.43797086632978,7.705135674597808,no
133445.0,57.0,technician,married,secondary,no,no,call,29.0,jul,eve,2.0,2.0,0.0,,no,0.0,97.55322157476164,5.108936013555589,no
136261.0,59.0,retired,married,tertiary,no,no,call,11.0,aug,morning,11.0,11.0,0.0,,no,1296.0,110.82603773633417,5.29190529402622,no
151090.0,30.0,blue-collar,divorced,secondary,yes,no,call,7.0,may,Morning,1.0,1.0,5.0,other,no,292.0,93.86429166991852,5.055592448892461,no
159408.0,25.0,student,single,,no,no,SMS,21.0,apr,Night,2.0,2.0,0.0,,no,,98.3283985186516,2.356542086356384,yes
123469.0,27.0,blue-collar,married,primary,yes,no,,30.0,may,Morning,4.0,4.0,0.0,,no,713.0,113.33076888837729,6.284867631185653,no
125012.0,42.0,admin.,single,secondary,yes,no,,5.0,jun,Evening,3.0,3.0,0.0,,no,2758.0,101.81468405307454,5.289348200101184,no
130646.0,37.0,services,single,secondary,no,no,email,16.0,jul,Evening,14.0,14.0,0.0,,no,459.0,95.14341852522824,3.8001768398938025,no
117957.0,55.0,retired,married,secondary,yes,no,,12.0,may,Night ,2.0,2.0,0.0,,no,18722.0,96.55410481620586,5.323762199419118,no
153204.0,31.0,blue-collar,married,primary,yes,no,call,13.0,may,Morning,1.0,1.0,0.0,,no,951.0,95.95213165206708,2.2151290944833386,no
140121.0,39.0,admin.,married,secondary,no,no,call,17.0,nov,Night,1.0,1.0,0.0,,no,2598.0,108.49477168846069,5.545053625580246,no
116560.0,60.0,self-employed,married,primary,yes,no,,6.0,may,eve,4.0,4.0,0.0,,no,46.0,91.7363337930349,7.239489434128368,no
138116.0,40.0,management,married,tertiary,yes,no,call,21.0,aug,morning,6.0,6.0,0.0,,no,700.0,93.92819893310188,4.631823698178678,no
119958.0,55.0,blue-collar,married,secondary,no,no,,19.0,may,eve,1.0,1.0,0.0,,no,1261.0,88.2952888321078,6.671437152978786,no
127120.0,54.0,housemaid,divorced,primary,,no,,18.0,jun,morning,3.0,3.0,0.0,,no,1194.0,113.0284787935105,6.030922755870873,no
140565.0,34.0,self-employed,single,tertiary,yes,no,call,17.0,nov,eve,2.0,2.0,0.0,,no,876.0,114.35377044519821,1.1357911788585522,no
126061.0,38.0,blue-collar,married,secondary,no,no,,11.0,jun,morning,1.0,1.0,0.0,,yes,-10.0,88.70767390349975,5.235564824827803,no
121398.0,30.0,self-employed,single,tertiary,yes,no,,23.0,may,Afternoon,4.0,4.0,0.0,,no,253.0,89.69424620762473,4.670236375636725,no
126333.0,36.0,management,married,tertiary,yes,no,,12.0,jun,Night,2.0,2.0,0.0,,no,-85.0,92.46452570497101,4.434487266889263,no
117154.0,33.0,services,divorced,secondary,yes,no,,8.0,may,eve,1.0,1.0,0.0,,no,411.0,109.11933199363094,3.7224171018111645,no
124363.0,32.0,technician,single,secondary,yes,no,,3.0,,Morning,2.0,2.0,0.0,,no,471.0,101.40320353449877,5.233579964343937,no
159054.0,34.0,self-employed,married,secondary,no,No,,26.0,feb,Afternoon,1.0,1.0,0.0,,no,173.0,101.45078566259423,3.8045237594483696,no
147994.0,43.0,services,married,secondary,yes,no,call,15.0,apr,Afternoon,2.0,2.0,0.0,,no,205.0,98.87050464976473,6.503118924242001,no
151623.0,47.0,management,married,tertiary,yes,no,call,8.0,may,Night,1.0,1.0,0.0,,no,296.0,95.18624343638777,2.051414745339529,no
119137.0,41.0,blue-collar,married,primary,yes,no,,15.0,may,morning,1.0,1.0,0.0,,no,1172.0,88.26337360720201,5.3095548786738895,no
159633.0,53.0,admin.,married,secondary,yes,no,call,18.0,may,eve,1.0,1.0,0.0,,no,53.0,90.35688929522065,6.7589102295819785,yes
120231.0,43.0,blue-collar,married,primary,yes,yes,,19.0,may,Afternoon,7.0,7.0,0.0,,no,1147.0,110.20251065389232,3.55517619102488,no
119722.0,33.0,blue-collar,single,secondary,yes,no,,16.0,may,Night ,2.0,2.0,0.0,,no,-416.0,95.93844232060262,5.542987372462718,yes
128814.0,42.0,blue-collar,single,secondary,no,no,call,7.0,jul,Night,3.0,3.0,0.0,,no,419.0,100.61360401906309,5.7787098155350085,no
136018.0,34.0,technician,married,secondary,no,no,call,11.0,aug,Night ,4.0,4.0,0.0,,no,268.0,112.34973638747789,4.695089537229235,no
126008.0,49.0,services,divorced,secondary,no,no,,11.0,jun,Night,2.0,2.0,0.0,,no,725.0,120.50412810166877,7.096472249841488,no
128307.0,36.0,management,single,tertiary,yes,yes,,30.0,jun,Morning,3.0,3.0,0.0,,no,2239.0,105.92498921371244,3.9895110376182457,no
123810.0,39.0,blue-collar,married,,yes,,,30.0,may,eve,6.0,6.0,0.0,,no,157.0,111.71355676399689,5.360609433652606,no
135997.0,39.0,technician,divorced,secondary,no,no,call,11.0,aug,Morning,2.0,2.0,0.0,,no,454.0,120.35869014842265,3.9731521996901646,no
131643.0,35.0,blue-collar,married,secondary,no,yes,call,21.0,jul,Morning,1.0,1.0,0.0,,no,187.0,,4.812717376914213,no
131078.0,40.0,technician,married,tertiary,yes,no,call,17.0,jul,Morning,3.0,3.0,0.0,,no,0.0,104.51623535666555,3.85353253789132,no
131369.0,51.0,management,married,tertiary,yes,yes,call,18.0,jul,Afternoon,6.0,6.0,0.0,,no,941.0,115.97711752775864,4.885734533669117,no
156711.0,37.0,management,married,tertiary,yes,yes,call,11.0,aug,Evening,1.0,1.0,2.0,other,no,789.0,104.0094593339204,5.51710620672633,no
127886.0,57.0,blue-collar,married,primary,no,yes,,20.0,jun,Afternoon,4.0,4.0,0.0,,no,1592.0,96.70411880917682,4.737392668984514,no
121593.0,39.0,blue-collar,married,,yes,No,,26.0,may,morning,1.0,1.0,0.0,,no,0.0,102.1073334968606,7.082608189791072,no
119585.0,29.0,technician,single,tertiary,yes,no,,16.0,may,morning,11.0,11.0,0.0,,no,47.0,94.2421088396575,2.5819315741446838,no
124430.0,34.0,blue-collar,single,secondary,yes,yes,,3.0,jun,eve,2.0,2.0,0.0,,no,-42.0,102.50574914516352,3.8666565001873052,no
132441.0,34.0,management,single,tertiary,yes,no,call,24.0,jul,Evening,4.0,4.0,0.0,,no,3282.0,112.26809788459465,7.6947340642705875,no
130525.0,41.0,technician,married,secondary,yes,no,email,15.0,jul,eve,4.0,4.0,0.0,,no,10438.0,101.55378108671505,4.562553678130051,no
129035.0,42.0,unemployed,divorced,secondary,no,no,call,8.0,jul,Evening,2.0,2.0,0.0,,no,2699.0,94.32672659080646,4.395751071611513,no
135237.0,42.0,management,married,tertiary,yes,no,call,6.0,aug,Evening,2.0,2.0,0.0,,no,9261.0,84.87368404640341,3.451286913747191,no
116761.0,52.0,self-employed,married,secondary,no,no,,7.0,may,eve,1.0,1.0,0.0,,no,273.0,78.22638927994524,6.829378449333649,no
123858.0,33.0,technician,single,secondary,yes,no,,2.0,jun,Morning,9.0,9.0,0.0,,no,1994.0,98.9888680223277,2.7829051398702718,no
142951.0,49.0,self-employed,divorced,secondary,yes,no,call,21.0,nov,Night ,1.0,1.0,0.0,,no,6116.0,86.41733787416096,4.613549569616543,no
127018.0,51.0,management,married,primary,no,no,,18.0,jun,Morning,3.0,3.0,0.0,,no,192.0,100.70944683137238,7.161543051385813,no
141953.0,42.0,blue-collar,married,primary,yes,yes,call,19.0,nov,morning,2.0,2.0,12.0,other,no,792.0,100.18740930275078,3.5080330919100726,no
154231.0,25.0,student,single,tertiary,yes,no,call,15.0,may,eve,1.0,1.0,0.0,,no,1433.0,90.86414676487219,0.9367144808462289,no
121813.0,23.0,management,married,tertiary,yes,no,,26.0,may,Morning,1.0,1.0,0.0,,no,175.0,111.1126347734721,3.826586378652219,no
156853.0,29.0,admin.,single,tertiary,yes,no,call,13.0,aug,Afternoon,2.0,2.0,0.0,,no,41.0,109.63351784250797,4.957464361747614,yes
117439.0,53.0,blue-collar,married,secondary,no,yes,,8.0,may,morning,8.0,8.0,0.0,,no,359.0,96.94234652978368,7.353388017726794,no
147836.0,39.0,technician,,tertiary,yes,no,call,9.0,apr,Night,1.0,1.0,1.0,failure,no,1161.0,89.45009587995354,5.809568495061918,no
147554.0,37.0,technician,single,tertiary,no,no,call,6.0,apr,morning,2.0,2.0,1.0,failure,no,3943.0,119.46384391402744,4.681397432213503,yes
139802.0,47.0,services,married,secondary,no,no,call,29.0,,Evening,2.0,2.0,0.0,,no,518.0,106.46157318983681,3.259068551685179,no
124951.0,55.0,retired,divorced,tertiary,no,yes,,5.0,jun,Evening,1.0,1.0,0.0,,no,1218.0,99.75595986636415,4.183130722507438,no
153653.0,46.0,housemaid,single,secondary,yes,no,call,14.0,may,morning,1.0,1.0,1.0,other,no,198.0,118.14147665960809,4.792750156223338,no
157667.0,52.0,management,married,primary,no,no,call,13.0,oct,Night,1.0,1.0,0.0,,no,3343.0,95.0953235304175,2.447948105272391,no
154970.0,30.0,management,divorced,tertiary,yes,no,call,18.0,may,eve,1.0,1.0,0.0,,no,726.0,70.8386752446947,4.219278129092389,no
131760.0,49.0,technician,divorced,secondary,no,yes,call,21.0,jul,Night,2.0,2.0,0.0,,no,-403.0,94.57352233191237,4.472172914438193,no
142858.0,43.0,unemployed,divorced,secondary,yes,no,call,21.0,nov,eve,1.0,1.0,0.0,,no,4094.0,105.27974588293927,4.476103140159024,no
121085.0,39.0,unemployed,single,secondary,yes,no,,21.0,may,Evening,3.0,3.0,0.0,,no,2645.0,95.72230645204546,1.4845149201270607,no
118026.0,36.0,blue-collar,married,primary,yes,no,,12.0,may,Evening,2.0,2.0,0.0,,no,650.0,98.17035910416718,6.314885663580087,no
141473.0,34.0,blue-collar,married,secondary,yes,no,SMS,19.0,nov,Night ,1.0,1.0,2.0,failure,no,360.0,114.17466106081102,9.181799729576502,no
157024.0,58.0,technician,married,tertiary,no,No,call,18.0,aug,Night ,1.0,1.0,2.0,failure,no,883.0,99.57710568318487,3.8625564783381447,no
131278.0,28.0,admin.,married,secondary,yes,no,call,18.0,jul,eve,1.0,1.0,0.0,,no,,109.14990621283468,4.774985958173131,no
117138.0,35.0,technician,single,secondary,yes,no,,8.0,may,Morning,1.0,1.0,0.0,,no,2151.0,92.02168382296556,5.5358993693883916,no
124729.0,26.0,blue-collar,married,primary,yes,no,,4.0,jun,Night ,2.0,2.0,0.0,,no,178.0,111.32098076822982,1.1081745037550137,no
116319.0,54.0,blue-collar,married,primary,yes,no,,6.0,may,Evening,1.0,1.0,0.0,,no,2102.0,92.61662793164086,5.9443873020423865,no
154171.0,23.0,services,single,secondary,yes,yes,call,15.0,may,Afternoon,1.0,1.0,0.0,,no,567.0,89.4577402822382,4.146402645225842,no
123241.0,39.0,blue-collar,married,secondary,no,no,,29.0,may,Evening,2.0,2.0,0.0,,no,11.0,90.41777357225217,5.074668940285898,no
118933.0,47.0,services,married,secondary,yes,no,,14.0,may,eve,6.0,6.0,0.0,,no,1549.0,98.7667294128158,4.562735864186284,no
130548.0,36.0,blue-collar,married,secondary,no,yes,call,15.0,jul,morning,2.0,2.0,0.0,,no,-231.0,116.0914605168843,6.127462324977594,no
158790.0,29.0,services,single,tertiary,no,no,call,4.0,feb,Afternoon,1.0,1.0,1.0,success,no,1788.0,94.49002766680292,6.29680394411942,no
140776.0,38.0,management,single,tertiary,yes,no,call,18.0,nov,Night,1.0,1.0,1.0,failure,no,427.0,87.21009655047466,6.032289939875351,no
130390.0,35.0,technician,,secondary,yes,no,call,,jul,Afternoon,4.0,4.0,0.0,,no,-870.0,100.93203953966407,5.17376901881691,no
120665.0,33.0,admin.,single,secondary,yes,no,,21.0,may,Morning,1.0,1.0,0.0,,no,892.0,101.0005126941325,7.355322346595198,no
160946.0,34.0,admin.,single,tertiary,,no,call,19.0,oct,Evening,1.0,1.0,5.0,other,no,1077.0,93.59633969566613,3.2405566046658074,no
145361.0,27.0,technician,single,secondary,no,no,call,3.0,feb,Afternoon,1.0,1.0,0.0,,no,1235.0,93.09604557857942,7.63136700404119,no
129100.0,33.0,services,married,secondary,no,yes,call,8.0,jul,Night,1.0,1.0,0.0,,no,0.0,105.18669327260375,3.803233414469311,no
158236.0,38.0,management,single,secondary,no,yes,call,24.0,nov,Night ,2.0,2.0,0.0,,no,293.0,104.8897074302964,4.661908415404309,no
143872.0,28.0,services,single,secondary,no,No,call,28.0,jan,Afternoon,1.0,1.0,0.0,,no,0.0,106.43734138405316,7.715375906923125,no
156888.0,29.0,management,married,tertiary,no,no,call,13.0,aug,Night ,1.0,1.0,1.0,failure,no,30.0,108.54127169990404,8.413520480249424,no
153883.0,43.0,blue-collar,married,primary,yes,yes,call,14.0,may,Afternoon,2.0,2.0,0.0,,no,1.0,92.15543700383937,5.669329920291315,no
141539.0,39.0,technician,divorced,secondary,yes,yes,call,19.0,nov,eve,1.0,1.0,0.0,,no,688.0,95.25396325555143,3.8336593155410394,no
159969.0,28.0,services,single,secondary,no,no,call,5.0,jul,Afternoon,2.0,2.0,0.0,,no,198.0,108.89046579095611,4.984304025941641,yes
147020.0,59.0,retired,married,secondary,no,no,call,18.0,feb,Afternoon,3.0,3.0,0.0,,no,26.0,114.09941381196194,5.448443447035018,no
147701.0,34.0,technician,married,secondary,yes,yes,call,8.0,apr,eve,2.0,2.0,0.0,,no,209.0,89.40494769379092,7.065728111614727,no
120351.0,31.0,blue-collar,single,secondary,yes,no,,20.0,may,Night,1.0,1.0,0.0,,no,2089.0,96.98165827034562,3.7949169756923427,no
123930.0,39.0,services,divorced,secondary,yes,no,,2.0,jun,morning,1.0,1.0,0.0,,no,892.0,103.6149856452372,6.123210549597102,no
127148.0,45.0,services,single,secondary,no,No,,18.0,jun,eve,2.0,2.0,0.0,,no,1771.0,97.43392537256001,3.7663001890918193,no
143929.0,42.0,technician,married,tertiary,no,no,call,28.0,jan,Evening,2.0,2.0,0.0,,no,0.0,93.99725947794431,5.549637138317647,no
155831.0,49.0,management,married,tertiary,no,no,call,2.0,jun,Night ,3.0,3.0,2.0,failure,no,5887.0,112.58353295905836,2.640867834590127,yes
139747.0,36.0,self-employed,married,primary,no,no,call,29.0,aug,Night,2.0,2.0,0.0,,no,0.0,89.81214996846458,3.3166514065964425,no
138654.0,36.0,management,divorced,tertiary,no,,call,25.0,aug,Evening,9.0,9.0,0.0,,no,2397.0,104.03617982681544,4.688349811415476,no
128906.0,25.0,,single,secondary,no,no,call,7.0,jul,Night,1.0,1.0,0.0,,no,3.0,92.2939859200095,4.273357956488724,no
143232.0,57.0,admin.,married,secondary,no,no,call,21.0,nov,eve,2.0,2.0,0.0,,no,3944.0,98.59926322492656,4.644618837777397,no
,41.0,management,married,tertiary,no,no,call,8.0,aug,Night ,2.0,2.0,0.0,,no,881.0,,,no
158701.0,32.0,management,divorced,tertiary,yes,No,call,29.0,jan,Night,1.0,1.0,3.0,failure,no,530.0,102.87706917010628,4.663242157483831,no
129025.0,39.0,services,married,secondary,no,No,call,8.0,jul,Night ,1.0,1.0,0.0,,no,87.0,96.5640699031634,4.82745572064949,no
124701.0,26.0,admin.,single,secondary,yes,yes,,4.0,jun,eve,3.0,3.0,0.0,,no,581.0,100.97210754097718,4.346176962613094,no
126949.0,26.0,management,single,primary,no,no,,17.0,jun,Morning,2.0,2.0,0.0,,no,71.0,99.68532733469567,7.868962461903136,no
142480.0,34.0,technician,single,tertiary,no,no,call,20.0,nov,Morning,1.0,1.0,0.0,,no,2283.0,92.1054619846384,7.156166119699738,no
141025.0,31.0,admin.,single,secondary,no,yes,call,18.0,nov,Evening,1.0,1.0,7.0,other,no,2076.0,111.37937922286706,1.6362914279372172,no
147368.0,46.0,management,divorced,tertiary,yes,no,call,1.0,apr,morning,1.0,1.0,0.0,,no,507.0,106.27466227205059,3.379581036111677,yes
157067.0,39.0,technician,single,tertiary,no,no,email,19.0,aug,Evening,1.0,1.0,1.0,failure,no,139.0,98.56000139842284,2.4344317417077725,no
118977.0,44.0,technician,divorced,secondary,yes,no,,14.0,may,Night ,2.0,2.0,0.0,,no,976.0,105.65833025050193,4.248758826988123,no
123074.0,50.0,technician,married,secondary,yes,no,,29.0,may,Night,2.0,2.0,0.0,,no,841.0,115.53182944302412,5.329847331407893,no
124301.0,35.0,admin.,single,secondary,yes,no,,3.0,jun,Night,1.0,1.0,0.0,,no,182.0,96.4284837265746,4.646445901015549,no
146116.0,57.0,management,married,tertiary,no,no,call,5.0,feb,eve,1.0,1.0,0.0,,no,297.0,109.1772779507595,5.037093318490466,no
134294.0,39.0,retired,divorced,primary,no,no,email,31.0,jul,eve,8.0,8.0,0.0,,no,284.0,109.88061309049164,5.464195299147798,no
138435.0,36.0,technician,divorced,secondary,no,No,call,22.0,aug,Evening,3.0,3.0,0.0,,no,433.0,108.64045303312814,4.536560916390659,no
143945.0,51.0,unemployed,divorced,primary,no,no,SMS,28.0,jan,Morning,2.0,2.0,0.0,,no,2244.0,103.15044408504083,4.127262502294257,no
152875.0,46.0,entrepreneur,single,tertiary,yes,no,SMS,13.0,may,Night,5.0,5.0,9.0,failure,no,1410.0,97.86374068873266,5.24137860547679,no
159273.0,56.0,housemaid,single,tertiary,no,no,,30.0,mar,Morning,1.0,1.0,0.0,,no,1947.0,87.78049803392396,3.6322320121748017,yes
118503.0,44.0,technician,married,primary,yes,No,,13.0,may,Morning,1.0,1.0,0.0,,no,2887.0,102.37870265126514,7.167094412177618,no
135339.0,54.0,blue-collar,,primary,yes,no,call,7.0,aug,Night ,3.0,3.0,0.0,,no,6812.0,97.81004965037789,5.5780818965148375,no
148820.0,31.0,blue-collar,single,secondary,yes,no,call,17.0,apr,Morning,2.0,2.0,0.0,,no,1207.0,98.49216544455857,6.803708811417545,no
155804.0,28.0,self-employed,single,tertiary,no,no,call,2.0,jun,morning,1.0,1.0,0.0,,no,5215.0,99.3240016471966,7.25553111710828,no
136115.0,34.0,management,married,tertiary,no,no,call,11.0,aug,Night ,2.0,2.0,0.0,,no,0.0,,9.558896796765914,no
128508.0,35.0,admin.,married,secondary,no,yes,,4.0,jul,Night,3.0,3.0,0.0,,yes,0.0,78.61304124720424,4.989129967680113,no
129072.0,35.0,self-employed,married,tertiary,no,yes,call,8.0,jul,Afternoon,1.0,1.0,0.0,,yes,28.0,98.09365339331649,5.456080640029548,no
149227.0,45.0,blue-collar,married,primary,yes,yes,call,20.0,apr,Evening,1.0,1.0,0.0,,yes,-443.0,95.43255788390991,3.3471381016496,yes
126418.0,58.0,retired,married,primary,yes,no,,16.0,jun,Night ,4.0,4.0,0.0,,no,0.0,113.8956345420968,4.891243647820072,no
148547.0,37.0,technician,married,secondary,yes,no,call,17.0,apr,eve,2.0,2.0,3.0,failure,no,-90.0,111.38111904111948,6.097912980290539,no
140796.0,33.0,admin.,divorced,secondary,yes,no,call,18.0,nov,eve,1.0,1.0,2.0,other,no,661.0,75.1061877079577,6.244914349028178,no
130647.0,39.0,management,married,tertiary,no,no,SMS,16.0,jul,Evening,6.0,6.0,0.0,,no,0.0,89.3466048861987,5.52245492628471,no
147834.0,35.0,entrepreneur,married,tertiary,yes,no,call,,apr,Afternoon,2.0,2.0,2.0,failure,no,7962.0,99.27261600772306,4.94334173471456,no
124119.0,45.0,self-employed,married,secondary,yes,no,,2.0,jun,Afternoon,4.0,4.0,0.0,,no,976.0,113.12920770910569,6.782138678010895,no
159864.0,25.0,student,single,secondary,no,no,call,24.0,jun,Evening,4.0,4.0,1.0,failure,no,1957.0,107.08875239358599,2.895077594591813,yes
160712.0,23.0,self-employed,single,tertiary,no,no,call,16.0,sep,Night,1.0,1.0,3.0,success,no,780.0,105.67804090973303,7.4072520299338045,yes
125265.0,38.0,,married,primary,no,no,,6.0,jun,Afternoon,2.0,2.0,0.0,,no,0.0,103.61551102511216,6.982002037033837,no
119360.0,55.0,technician,married,secondary,yes,no,,15.0,may,Night,2.0,2.0,0.0,,no,741.0,94.05264466515544,3.6815791517939123,no
138615.0,47.0,technician,married,secondary,yes,yes,call,25.0,aug,eve,4.0,4.0,0.0,,no,1990.0,104.58833467849755,5.829206147960233,no
140294.0,32.0,admin.,single,secondary,yes,no,call,17.0,nov,Evening,2.0,2.0,3.0,failure,no,4344.0,94.7353708717022,3.3702330088082957,no
121500.0,36.0,blue-collar,married,primary,yes,no,,23.0,may,Morning,3.0,3.0,0.0,,no,111.0,107.02820920834533,4.978206985405336,no
139524.0,34.0,technician,single,secondary,no,no,call,28.0,aug,Afternoon,6.0,6.0,0.0,,no,0.0,107.81256687231448,7.610102985492716,no
140602.0,40.0,management,single,secondary,,no,call,17.0,nov,eve,3.0,3.0,0.0,,no,10378.0,101.92986006617382,3.135555101789649,no
152688.0,31.0,technician,single,secondary,yes,no,call,12.0,may,Evening,1.0,1.0,0.0,,no,1.0,116.3798522727697,6.6231464781481915,no
158751.0,78.0,retired,married,,no,no,email,3.0,feb,eve,2.0,2.0,4.0,success,no,4807.0,98.34577174386338,5.066291844648503,yes
116916.0,43.0,blue-collar,single,primary,yes,no,,7.0,may,Morning,1.0,1.0,0.0,,no,548.0,93.5412382575783,5.849924240618274,no
119297.0,54.0,admin.,married,,yes,No,,15.0,may,Night ,1.0,1.0,0.0,,no,907.0,115.43219088934036,4.288272283194434,no
146774.0,47.0,services,single,secondary,yes,no,call,9.0,feb,Morning,7.0,7.0,0.0,,no,870.0,106.03363253760169,3.877563741157673,no
155898.0,28.0,technician,single,tertiary,no,no,call,3.0,jun,eve,2.0,2.0,1.0,success,no,3623.0,108.25160043907042,5.471098859277915,no
128217.0,57.0,self-employed,married,secondary,no,yes,,26.0,jun,morning,3.0,3.0,0.0,,no,35.0,75.13671869086099,5.417457536695533,no
124938.0,47.0,unemployed,married,primary,no,no,,5.0,jun,morning,1.0,1.0,0.0,,no,2946.0,87.98716315260461,4.687417512223636,no
127638.0,44.0,management,married,secondary,yes,no,,20.0,jun,Evening,1.0,1.0,0.0,,no,-1746.0,86.4663655739998,3.315870851445016,no
134886.0,46.0,admin.,married,secondary,no,yes,call,4.0,aug,Night ,2.0,2.0,0.0,,no,547.0,96.16166361076326,6.011423054320029,no
149126.0,35.0,admin.,married,secondary,,no,call,20.0,apr,Afternoon,5.0,5.0,0.0,,no,0.0,83.33076972619318,3.855866854384522,no
126565.0,39.0,blue-collar,married,primary,yes,no,,16.0,jun,Evening,1.0,1.0,0.0,,no,4608.0,91.20903732723232,3.38753190391266,no
158758.0,,admin.,single,secondary,no,no,call,3.0,feb,Afternoon,2.0,2.0,6.0,failure,no,262.0,92.84334556927877,5.145099522329064,yes
138543.0,50.0,blue-collar,married,primary,no,no,call,25.0,aug,Afternoon,3.0,3.0,0.0,,no,19.0,97.36013584542879,,no
130635.0,27.0,entrepreneur,married,tertiary,no,no,call,15.0,jul,morning,5.0,5.0,0.0,,no,139.0,112.72255843772015,1.939364088983345,yes
140555.0,37.0,admin.,married,tertiary,no,no,call,17.0,nov,Night ,2.0,2.0,0.0,,no,1988.0,98.78369942307272,5.156668500812015,no
115932.0,44.0,services,divorced,secondary,yes,no,,5.0,may,Evening,1.0,1.0,0.0,,no,2586.0,107.96217945856334,5.6190554064191405,no
118533.0,33.0,blue-collar,married,primary,yes,yes,,13.0,may,Night ,4.0,4.0,0.0,,no,-306.0,84.4441950489579,4.857306616439223,no
145485.0,29.0,management,married,tertiary,yes,No,call,3.0,feb,Morning,6.0,6.0,0.0,,no,1606.0,109.26894861007429,6.678918053442681,no
158133.0,51.0,management,married,tertiary,no,no,call,12.0,nov,Night,2.0,2.0,3.0,failure,no,346.0,106.47084563214604,8.571299401159989,yes
156493.0,62.0,retired,married,secondary,no,no,call,4.0,aug,morning,1.0,1.0,0.0,,no,3.0,85.91099580948293,6.394136331846447,no
155452.0,33.0,technician,single,secondary,no,no,call,26.0,may,Morning,3.0,3.0,0.0,,no,4792.0,95.13722654471238,4.143063795708418,no
126587.0,54.0,technician,divorced,,no,no,,16.0,jun,morning,3.0,3.0,0.0,,no,1725.0,109.63315475277784,7.605257315850102,no
130872.0,31.0,management,married,tertiary,yes,no,call,16.0,jul,Afternoon,2.0,2.0,0.0,,yes,-1038.0,119.12778829970728,6.807454303187998,no
152841.0,37.0,blue-collar,single,tertiary,yes,no,call,12.0,may,eve,2.0,2.0,0.0,,no,1436.0,111.7770787221786,4.769572645222495,no
148165.0,35.0,technician,married,secondary,yes,no,call,16.0,apr,morning,1.0,1.0,4.0,failure,no,545.0,94.84158705722498,8.028421325790312,yes
135720.0,46.0,technician,married,secondary,yes,no,call,8.0,aug,Night,2.0,2.0,0.0,,no,1975.0,118.6090577069345,5.016478558857976,no
137415.0,60.0,retired,married,secondary,no,no,call,19.0,aug,Night,2.0,2.0,0.0,,no,374.0,92.07302202905458,5.565469543426227,no
139876.0,58.0,retired,married,primary,no,no,call,29.0,aug,eve,8.0,8.0,0.0,,no,69.0,92.27953954580592,6.467181520017445,no
158462.0,35.0,technician,single,tertiary,yes,no,call,28.0,dec,Night ,1.0,1.0,3.0,failure,no,7546.0,99.45755090922162,8.4263174812917,no
145838.0,31.0,unemployed,single,secondary,no,no,call,4.0,feb,Afternoon,1.0,1.0,0.0,,no,1214.0,108.93630177971033,6.769233820781565,yes
120292.0,34.0,management,single,secondary,yes,no,,20.0,may,Morning,14.0,14.0,0.0,,no,31.0,97.27595921616992,5.211631274618777,no
150351.0,53.0,management,divorced,tertiary,yes,no,call,5.0,may,Morning,1.0,1.0,0.0,,no,2894.0,88.18318827430798,3.967097230901355,no
116620.0,44.0,management,married,tertiary,yes,no,,6.0,may,Night,2.0,2.0,0.0,,no,105.0,115.31955601215091,3.842172501564148,no
134375.0,56.0,retired,married,secondary,no,no,email,31.0,jul,morning,2.0,2.0,0.0,,no,0.0,103.51989783123625,5.558573922771673,no
127887.0,50.0,technician,married,secondary,yes,yes,,20.0,jun,Morning,2.0,2.0,0.0,,no,213.0,112.25295941547435,2.402971615153561,no
152142.0,42.0,technician,,,yes,,call,11.0,may,Afternoon,2.0,2.0,0.0,,no,,94.0296550941547,,no
128615.0,54.0,services,divorced,tertiary,no,no,call,7.0,jul,Night,9.0,9.0,0.0,,no,413.0,68.52232384247607,7.9458452470632,no
138022.0,32.0,housemaid,single,tertiary,yes,no,call,21.0,aug,Night ,2.0,2.0,0.0,,no,4.0,85.48530246820255,5.245611961736075,no
152169.0,59.0,self-employed,married,tertiary,yes,no,call,11.0,may,Evening,1.0,1.0,0.0,,no,0.0,97.61059117744779,4.246785871153513,no
125009.0,54.0,entrepreneur,married,tertiary,no,no,,5.0,jun,eve,1.0,1.0,0.0,,no,11464.0,117.80080791225728,3.7956896059638066,no
134282.0,36.0,admin.,married,secondary,no,yes,call,31.0,jul,Afternoon,2.0,2.0,0.0,,no,3308.0,100.66807446681614,6.798743261540126,no
154077.0,32.0,services,married,secondary,yes,yes,call,15.0,may,Afternoon,1.0,1.0,0.0,,no,1398.0,85.89649262991526,5.512822976226255,no
123926.0,36.0,services,married,primary,yes,No,,2.0,jun,morning,1.0,1.0,0.0,,no,0.0,107.89143754052233,4.210177825649373,yes
124746.0,30.0,management,single,tertiary,yes,no,,4.0,jun,Morning,7.0,7.0,0.0,,no,17036.0,99.44183452937166,6.468658735562047,no
129608.0,42.0,admin.,married,secondary,yes,no,call,10.0,jul,Afternoon,1.0,1.0,0.0,,no,-728.0,111.72880435362313,4.992343147668519,no
128816.0,50.0,technician,married,secondary,no,no,call,7.0,jul,Night ,2.0,2.0,0.0,,no,0.0,104.21037975934897,2.981386367585841,no
121905.0,49.0,blue-collar,married,primary,no,no,,26.0,,Night,2.0,2.0,0.0,,no,365.0,87.38501199241215,4.831420640564635,no
151786.0,46.0,blue-collar,married,secondary,yes,no,call,8.0,,eve,2.0,2.0,0.0,,no,0.0,97.08374440561529,3.152311991648227,no
116385.0,55.0,unemployed,married,tertiary,no,no,,6.0,may,Night,1.0,1.0,0.0,,no,5345.0,115.44108261649929,3.5799122854007464,no
127735.0,42.0,admin.,married,secondary,no,no,,20.0,jun,Evening,1.0,1.0,0.0,,yes,-9.0,97.94765209115008,6.0381890179381,no
127989.0,23.0,services,married,secondary,yes,No,,20.0,jun,morning,10.0,10.0,0.0,,no,-19.0,109.5568961974866,5.010638571582488,no
120982.0,33.0,management,married,secondary,yes,no,,21.0,may,Evening,2.0,2.0,0.0,,no,609.0,106.92665934531476,6.108188139173794,no
117233.0,50.0,services,divorced,secondary,yes,no,,8.0,may,Night,1.0,1.0,0.0,,no,145.0,119.70928965649993,7.047419513951122,no
159729.0,41.0,entrepreneur,married,tertiary,no,no,,31.0,may,eve,1.0,1.0,1.0,failure,no,70.0,94.80644669575496,5.089306142629653,no
138974.0,32.0,technician,single,secondary,no,yes,call,26.0,aug,eve,4.0,4.0,0.0,,no,-5.0,106.6495422052297,4.807488096630261,no
139908.0,47.0,admin.,married,tertiary,no,no,email,29.0,aug,Night,2.0,2.0,0.0,,no,1077.0,99.31298763969065,3.2539945127796175,no
139445.0,34.0,technician,single,secondary,no,no,call,28.0,aug,Morning,4.0,4.0,0.0,,no,0.0,98.46295715718836,8.252200120624114,no
121161.0,30.0,technician,married,secondary,yes,no,,23.0,may,Night ,2.0,2.0,0.0,,no,207.0,113.13254746746925,4.732088119673119,no
149922.0,32.0,management,single,tertiary,no,yes,call,30.0,apr,Evening,1.0,1.0,1.0,failure,no,796.0,87.10878294749038,2.7173811812777435,no
124199.0,28.0,admin.,single,tertiary,yes,no,,2.0,jun,morning,11.0,11.0,0.0,,no,1540.0,103.71882989865966,4.4355724029823556,no
159978.0,30.0,management,married,tertiary,yes,no,,6.0,jul,Morning,1.0,1.0,0.0,,no,69.0,89.35923609700882,6.174084540831168,no
140903.0,56.0,management,married,tertiary,no,No,call,18.0,nov,morning,1.0,1.0,0.0,,no,15520.0,98.60825223149591,4.876161816531189,no
160398.0,34.0,technician,single,secondary,no,No,call,10.0,aug,Afternoon,3.0,3.0,2.0,success,no,2085.0,103.49625917535425,3.78380233328697,yes
126489.0,29.0,management,single,secondary,yes,no,,16.0,jun,Night ,19.0,19.0,0.0,,no,584.0,111.45609437868634,4.205403402110291,no
142575.0,52.0,entrepreneur,single,tertiary,yes,no,call,20.0,nov,eve,1.0,1.0,0.0,,no,3469.0,108.91342226430626,4.426364977954694,yes
139143.0,41.0,technician,married,secondary,yes,no,call,27.0,aug,Morning,2.0,2.0,0.0,,,128.0,116.70179481530603,4.889693087417985,no
120868.0,36.0,management,married,,yes,yes,,21.0,may,morning,2.0,2.0,0.0,,no,-35.0,97.99079685349461,4.395068499182664,no
138519.0,41.0,housemaid,married,primary,no,No,call,22.0,aug,morning,1.0,1.0,0.0,,no,46.0,96.5547708256126,7.084450818641123,no
140214.0,50.0,entrepreneur,married,tertiary,yes,no,call,17.0,nov,Afternoon,1.0,1.0,0.0,,no,5420.0,113.61134887869737,4.005684612410272,no
129321.0,45.0,blue-collar,single,secondary,yes,no,call,9.0,jul,Night ,1.0,1.0,0.0,,no,-100.0,96.00419376189086,5.615575428191471,no
150491.0,35.0,admin.,married,secondary,yes,yes,call,5.0,may,morning,1.0,1.0,0.0,,no,1.0,104.1136952089334,5.856733660382101,no
146587.0,55.0,entrepreneur,married,secondary,no,no,call,6.0,feb,Evening,2.0,2.0,0.0,,no,8104.0,98.28917370429274,6.111013151749568,no
156965.0,23.0,blue-collar,married,secondary,no,no,call,14.0,aug,Night ,2.0,2.0,0.0,,no,272.0,95.6587103851676,2.064799647687644,yes
146924.0,69.0,retired,married,primary,no,no,call,11.0,feb,morning,2.0,2.0,0.0,,no,2346.0,78.4848124832284,3.154691431786731,yes
159571.0,33.0,services,married,secondary,no,no,call,12.0,may,morning,1.0,1.0,5.0,success,no,386.0,89.33389543016902,6.430628638466059,yes
125203.0,42.0,blue-collar,married,secondary,yes,yes,,5.0,jun,morning,6.0,6.0,0.0,,no,-355.0,107.52367943354302,5.837321616732571,no
153213.0,29.0,entrepreneur,married,secondary,yes,No,call,13.0,may,Morning,1.0,1.0,0.0,,no,5918.0,94.58339284543358,6.655326350418013,no
153337.0,,services,single,secondary,yes,no,call,13.0,may,morning,2.0,2.0,0.0,,no,550.0,89.42903370657902,4.414304940537727,no
121944.0,35.0,blue-collar,married,secondary,no,no,,26.0,may,Afternoon,3.0,3.0,0.0,,no,229.0,96.82981265617302,8.565524851888007,no
133924.0,59.0,retired,married,secondary,yes,no,call,30.0,jul,Night,4.0,4.0,0.0,,no,0.0,81.58461859842998,3.7718528203184896,no
120360.0,,retired,single,secondary,yes,no,,20.0,may,Night,3.0,3.0,0.0,,no,-14.0,109.22570647786952,5.513318736138849,no
160920.0,60.0,retired,divorced,secondary,no,no,call,15.0,oct,Evening,2.0,2.0,10.0,success,no,514.0,105.22370190052584,5.562818902526157,yes
144769.0,51.0,unemployed,married,secondary,yes,no,email,30.0,jan,eve,2.0,2.0,0.0,,no,17418.0,91.46978824558855,6.300169912673567,no
128476.0,27.0,admin.,married,secondary,no,no,,3.0,jul,Morning,2.0,2.0,0.0,,no,-435.0,104.98622317099583,1.6497330184749925,no
119164.0,47.0,admin.,divorced,secondary,yes,no,,15.0,may,Afternoon,1.0,1.0,0.0,,no,106.0,101.33088972209161,5.255528982134198,no
147302.0,43.0,management,married,secondary,yes,yes,call,26.0,mar,eve,2.0,2.0,0.0,,no,3301.0,83.52680455525926,3.754659047271518,no
150400.0,25.0,admin.,single,tertiary,yes,no,call,5.0,may,Night ,1.0,1.0,1.0,failure,no,1141.0,94.58262575628163,3.411203731432528,no
150539.0,35.0,services,married,secondary,yes,yes,call,5.0,may,Night,2.0,2.0,3.0,failure,no,27.0,106.08460758019709,7.184688104908492,no
154876.0,23.0,blue-collar,single,secondary,yes,no,call,18.0,may,Evening,1.0,1.0,0.0,,no,4211.0,93.78646596960934,6.720974279179352,no
136002.0,31.0,technician,married,tertiary,yes,no,call,11.0,aug,Night,2.0,2.0,0.0,,no,1496.0,95.51304400790505,6.257716143337909,no
119276.0,57.0,admin.,married,,yes,no,,15.0,may,Evening,2.0,2.0,0.0,,no,0.0,95.02867849879749,6.554742849487106,no
124532.0,28.0,services,single,primary,no,no,,3.0,jun,Morning,9.0,9.0,0.0,,no,302.0,109.76204913379577,5.902371599305163,no
150586.0,45.0,management,married,tertiary,yes,no,call,5.0,may,Evening,2.0,2.0,1.0,failure,no,0.0,96.57532740930701,5.905290809496929,no
155998.0,29.0,admin.,single,tertiary,no,no,call,4.0,,Afternoon,1.0,1.0,19.0,failure,no,261.0,102.37802628277649,5.038574414263781,no
118144.0,42.0,management,married,primary,yes,no,,12.0,may,eve,1.0,1.0,0.0,,no,470.0,58.28445471697334,4.338205874126052,no
159440.0,70.0,retired,married,secondary,no,no,call,26.0,apr,morning,2.0,2.0,1.0,failure,no,2815.0,100.7012199861699,7.038099294343963,no
146973.0,42.0,unemployed,single,,yes,no,call,16.0,feb,Evening,1.0,1.0,0.0,,no,3274.0,111.156758392157,2.664614683476585,no
147631.0,31.0,student,single,secondary,no,No,call,7.0,apr,Evening,3.0,3.0,1.0,other,no,735.0,82.74586167258116,6.904642494127602,no
145685.0,55.0,blue-collar,married,primary,no,yes,call,4.0,feb,morning,2.0,2.0,0.0,,no,3957.0,106.95337910669541,3.8481644178020566,no
128711.0,35.0,admin.,single,secondary,no,yes,call,7.0,jul,Afternoon,1.0,1.0,0.0,,no,0.0,88.53334688532647,5.168533030991693,no
152076.0,44.0,blue-collar,single,secondary,yes,No,call,11.0,may,morning,4.0,4.0,0.0,,no,-210.0,87.51167066420413,3.0088078794306727,no
143465.0,51.0,management,single,tertiary,no,no,SMS,21.0,nov,eve,5.0,5.0,0.0,,no,6503.0,95.52145867323681,4.513596132157915,no
116613.0,58.0,management,married,tertiary,,no,,6.0,may,Evening,5.0,5.0,0.0,,no,68.0,92.36506258494533,7.585272819447053,no
133671.0,49.0,management,married,secondary,no,yes,call,29.0,jul,Night ,6.0,6.0,0.0,,no,633.0,107.31999441704991,2.8978902060424154,no
154531.0,31.0,technician,married,tertiary,no,no,call,15.0,may,Evening,4.0,4.0,0.0,,no,165.0,102.08527457912216,2.6441313482478117,no
118038.0,28.0,technician,single,tertiary,yes,no,,12.0,may,Night,3.0,3.0,0.0,,no,-214.0,102.19829418540706,4.128844461552474,no
127610.0,45.0,blue-collar,single,primary,no,no,,20.0,jun,morning,1.0,1.0,0.0,,no,1006.0,115.97182357202104,4.29406004918308,no
145262.0,,student,single,,no,no,call,2.0,feb,Morning,2.0,2.0,0.0,,no,1444.0,108.5911471525155,1.79173862272041,no
152447.0,32.0,admin.,divorced,tertiary,yes,no,call,12.0,may,morning,1.0,1.0,1.0,failure,no,146.0,107.60424759906279,4.9409213495744035,no
131241.0,45.0,admin.,married,secondary,no,yes,call,18.0,jul,Evening,3.0,3.0,0.0,,no,373.0,97.49946452957897,4.8214550809661505,no
154650.0,36.0,blue-collar,married,primary,yes,no,call,18.0,may,eve,7.0,7.0,0.0,,no,0.0,100.91618475804209,6.242509981387213,no
124805.0,31.0,admin.,married,secondary,yes,no,,4.0,jun,Night,1.0,1.0,0.0,,no,454.0,96.65376930757745,4.307860917642627,no
158679.0,52.0,technician,married,tertiary,no,no,call,,jan,morning,5.0,5.0,2.0,success,no,2557.0,95.7256270757366,6.77669591156431,yes
145459.0,32.0,services,married,secondary,yes,yes,call,3.0,feb,morning,4.0,4.0,6.0,failure,no,1844.0,104.1387368763421,7.056905961326948,no
151174.0,31.0,blue-collar,single,secondary,yes,no,call,7.0,may,eve,1.0,1.0,0.0,,no,11639.0,93.76935868496277,6.620537047485465,no
138649.0,54.0,blue-collar,married,secondary,yes,No,call,25.0,aug,morning,4.0,4.0,0.0,,no,2059.0,105.3463690463183,6.398327522153515,no
134420.0,36.0,management,married,tertiary,yes,no,call,31.0,jul,Night ,4.0,4.0,0.0,,no,3770.0,93.33247027517294,6.367677317342098,no
123105.0,42.0,admin.,single,,yes,no,,29.0,may,Night,1.0,1.0,0.0,,no,297.0,103.69575812755393,5.420680833014076,no
123011.0,42.0,blue-collar,married,secondary,yes,no,,29.0,may,Afternoon,1.0,1.0,0.0,,no,130.0,103.79154247989644,5.053465821158479,no
138723.0,52.0,technician,married,secondary,no,no,call,25.0,aug,morning,4.0,4.0,0.0,,no,306.0,115.16998328704845,5.422291186499926,no
152026.0,51.0,admin.,single,secondary,yes,no,call,11.0,may,Morning,1.0,1.0,8.0,success,no,726.0,93.80892525196872,5.030353759073495,no
119694.0,30.0,blue-collar,single,secondary,yes,no,,16.0,may,Morning,1.0,1.0,0.0,,no,75.0,110.55723593470424,5.837281487470335,no
158289.0,36.0,admin.,divorced,tertiary,no,no,call,3.0,dec,morning,1.0,1.0,1.0,failure,no,4708.0,84.2511803769551,3.5540229893548694,yes
157103.0,60.0,admin.,married,secondary,no,no,call,21.0,aug,eve,3.0,3.0,1.0,success,no,106.0,115.77160376865284,4.551772909844672,yes
125342.0,36.0,entrepreneur,divorced,tertiary,no,no,,6.0,jun,eve,1.0,1.0,0.0,,no,914.0,106.73534371410304,3.291252367010774,no
147412.0,46.0,self-employed,married,secondary,yes,yes,call,2.0,apr,eve,1.0,1.0,2.0,failure,no,-30.0,109.09554915833796,4.221799536061446,no
161019.0,67.0,blue-collar,married,secondary,no,no,call,27.0,oct,Night,2.0,2.0,0.0,,no,16353.0,109.07266953665925,5.3307269674715885,no
132567.0,50.0,admin.,single,secondary,no,yes,SMS,24.0,jul,Night,4.0,4.0,0.0,,no,26.0,102.24681674890371,5.836385115982319,no
138661.0,35.0,technician,divorced,secondary,no,no,call,25.0,aug,eve,4.0,4.0,0.0,,no,0.0,86.27526185401892,4.2982622474641055,no
118526.0,47.0,blue-collar,married,,yes,no,,13.0,may,Night ,2.0,2.0,0.0,,no,1045.0,101.3166302816263,2.43266938910588,no
159504.0,50.0,technician,married,secondary,no,no,call,4.0,may,Afternoon,1.0,1.0,2.0,failure,no,402.0,90.88006611734431,2.348707369351398,no
137892.0,36.0,technician,married,secondary,yes,no,call,20.0,aug,Morning,2.0,2.0,0.0,,no,196.0,100.79768436407078,,no
121275.0,24.0,technician,single,secondary,yes,no,,23.0,may,Afternoon,1.0,1.0,0.0,,no,820.0,99.8759615925295,7.28856634496888,no
135141.0,35.0,management,divorced,tertiary,no,no,call,6.0,aug,Afternoon,2.0,2.0,0.0,,no,146.0,101.05661282481583,7.444924749459561,yes
129302.0,41.0,technician,married,tertiary,yes,No,call,9.0,jul,eve,1.0,1.0,0.0,,no,532.0,91.84539720232615,6.550822294375416,no
158028.0,,management,married,,no,no,call,3.0,nov,Night,4.0,4.0,7.0,success,no,2352.0,104.41837339631114,5.2981820924662255,yes
117354.0,43.0,blue-collar,married,primary,yes,no,,8.0,may,Night ,2.0,2.0,0.0,,no,-192.0,95.20032559228044,4.8406504244163555,yes
132952.0,30.0,management,single,tertiary,yes,yes,call,25.0,jul,Night ,8.0,8.0,0.0,,no,2.0,101.68152362466083,3.8442508289659436,yes
131557.0,50.0,housemaid,divorced,primary,yes,no,call,21.0,jul,Night,1.0,1.0,0.0,,no,120.0,102.76799771734731,6.0127241552611945,no
156802.0,80.0,retired,married,secondary,no,no,call,12.0,aug,morning,1.0,1.0,0.0,,no,1610.0,92.07810541942273,6.489242405555425,no
123601.0,42.0,blue-collar,married,secondary,yes,no,,30.0,may,Morning,1.0,1.0,0.0,,no,2441.0,114.32332988995911,6.982353342658163,no
145199.0,49.0,unemployed,married,primary,yes,no,call,2.0,feb,Night ,2.0,2.0,0.0,,no,157.0,113.22902588589879,4.437320519089965,no
160067.0,27.0,student,single,,no,no,call,14.0,jul,Night,1.0,1.0,0.0,,no,132.0,103.62241493716586,4.759443153020749,yes
152207.0,52.0,services,single,secondary,yes,no,call,11.0,may,Night,2.0,2.0,0.0,,no,0.0,105.09109360252084,5.491672780236691,no
154791.0,33.0,admin.,single,secondary,yes,no,call,18.0,may,Night,1.0,1.0,0.0,,no,2557.0,92.22951936658471,4.185857383243797,no
120649.0,60.0,blue-collar,married,primary,yes,no,,20.0,may,Evening,4.0,4.0,0.0,,no,674.0,103.59472510742734,4.116094951476143,no
133815.0,52.0,admin.,married,secondary,no,no,call,,jul,Night ,2.0,2.0,0.0,,no,686.0,101.38264778956284,4.854334802254861,no
130407.0,34.0,services,married,secondary,yes,no,call,15.0,jul,morning,4.0,4.0,0.0,,no,-353.0,88.58476982504259,7.03627276446127,no
160462.0,60.0,services,married,tertiary,yes,no,call,16.0,aug,eve,3.0,3.0,1.0,other,no,4256.0,81.70666976154038,7.666341999834518,yes
130764.0,56.0,management,married,tertiary,yes,no,call,16.0,jul,Night ,2.0,2.0,0.0,,no,23.0,113.34994563041354,1.9894227740269352,no
160210.0,26.0,technician,married,secondary,,no,call,28.0,jul,Morning,2.0,2.0,0.0,,no,,101.89125934864961,7.931858150879768,yes
144989.0,43.0,services,married,,no,no,call,2.0,feb,Morning,1.0,1.0,0.0,,no,790.0,95.91576653938469,4.428996310173586,no
121899.0,33.0,blue-collar,married,secondary,yes,yes,,26.0,may,morning,2.0,2.0,0.0,,no,-367.0,82.20625081296424,4.420475729819261,no
145570.0,32.0,services,divorced,secondary,yes,no,call,3.0,feb,eve,4.0,4.0,11.0,other,no,41.0,102.4897494770386,6.021077251273292,no
131291.0,33.0,management,married,tertiary,no,yes,call,18.0,jul,eve,2.0,2.0,0.0,,no,4149.0,111.41038656953431,4.0939119181115355,no
152463.0,37.0,technician,single,tertiary,yes,no,call,12.0,may,Afternoon,1.0,1.0,5.0,other,no,-487.0,112.09082834048675,4.9113101792556515,no
126254.0,38.0,blue-collar,divorced,primary,no,no,,12.0,jun,Afternoon,1.0,1.0,0.0,,no,0.0,106.21140391374658,4.480389208575689,no
130464.0,48.0,management,married,tertiary,yes,No,call,15.0,jul,Afternoon,2.0,2.0,0.0,,no,269.0,116.65721003962562,6.901016836974032,no
123022.0,53.0,management,married,secondary,yes,no,,29.0,may,morning,1.0,1.0,0.0,,no,2895.0,106.05926033761031,4.7164216374726715,no
149245.0,44.0,admin.,divorced,secondary,yes,yes,call,20.0,apr,Night,1.0,1.0,0.0,,no,-43.0,93.65913248382577,5.798267222803936,no
129458.0,33.0,entrepreneur,,tertiary,no,yes,call,9.0,jul,Night ,1.0,1.0,0.0,,no,127.0,99.51875099657914,5.920190072937682,no
134499.0,43.0,admin.,married,secondary,no,yes,call,31.0,jul,Night ,21.0,21.0,0.0,,no,186.0,109.02273544158601,2.9534981604447625,no
148735.0,42.0,blue-collar,married,secondary,yes,no,call,17.0,apr,Morning,3.0,3.0,0.0,,no,250.0,94.33279301914936,3.3282723819370448,no
135689.0,33.0,management,married,tertiary,no,no,call,8.0,aug,eve,2.0,2.0,0.0,,no,2071.0,105.43761811339671,3.935265320324052,no
156581.0,56.0,management,divorced,tertiary,no,No,call,7.0,aug,Evening,1.0,1.0,0.0,,no,,90.2741103692988,1.3353520565711756,yes
141307.0,36.0,management,married,tertiary,no,no,call,18.0,nov,Afternoon,4.0,4.0,2.0,failure,no,369.0,92.44841966765111,2.285677037154458,no
144358.0,26.0,services,single,secondary,no,no,call,29.0,jan,Morning,1.0,1.0,0.0,,no,397.0,118.61218626637765,4.200390672636891,no
129212.0,45.0,admin.,divorced,,no,no,SMS,8.0,jul,Morning,7.0,7.0,0.0,,no,857.0,90.32920743275383,6.215888739224797,no
150900.0,33.0,blue-collar,married,primary,yes,no,call,6.0,may,Evening,2.0,2.0,0.0,,yes,-542.0,106.79191033542614,4.863205610427827,no
123423.0,40.0,services,divorced,secondary,yes,no,,30.0,may,Night,1.0,1.0,0.0,,no,1959.0,98.94850179484034,4.789829443143273,no
122451.0,38.0,admin.,married,secondary,yes,no,,27.0,may,Morning,4.0,4.0,0.0,,no,-247.0,121.371377591379,4.8913880571433745,no
149461.0,37.0,technician,single,secondary,yes,No,call,20.0,apr,Afternoon,4.0,4.0,1.0,other,no,442.0,90.41511050191664,7.143804375084867,no
141079.0,38.0,entrepreneur,,tertiary,no,yes,call,18.0,nov,Night,2.0,2.0,1.0,failure,no,678.0,107.40851098082567,3.1934641830870683,no
145655.0,38.0,management,single,tertiary,yes,yes,call,4.0,feb,morning,5.0,5.0,0.0,,no,175.0,96.71299877788259,6.776017965211636,no
117506.0,34.0,blue-collar,married,primary,yes,no,,9.0,may,Night ,2.0,2.0,0.0,,no,365.0,109.71187386023367,4.10496813691625,no
157674.0,61.0,self-employed,divorced,tertiary,yes,no,call,13.0,oct,Night,1.0,1.0,2.0,success,no,6.0,99.82237308167589,4.710808981211947,yes
159786.0,39.0,blue-collar,married,secondary,no,no,call,9.0,jun,Night ,2.0,2.0,0.0,,no,276.0,96.89764283226833,6.75536537234558,yes
159804.0,56.0,admin.,married,secondary,no,no,call,14.0,jun,Morning,1.0,1.0,8.0,success,no,602.0,94.15675019231085,3.460504283829429,yes
137946.0,33.0,management,single,tertiary,no,no,call,20.0,aug,Afternoon,5.0,5.0,0.0,,no,20794.0,,3.376389685678272,no
154895.0,26.0,blue-collar,married,secondary,yes,yes,call,18.0,may,Evening,1.0,1.0,0.0,,no,1702.0,112.61684223002936,2.652179202521884,no
122383.0,29.0,blue-collar,married,secondary,yes,no,,27.0,may,morning,2.0,2.0,0.0,,no,844.0,92.7570987760456,4.695167299834363,no
149014.0,32.0,blue-collar,single,secondary,yes,no,call,20.0,apr,Night ,1.0,1.0,0.0,,no,3044.0,106.53982473098657,6.060258446485524,no
116034.0,57.0,unemployed,married,tertiary,no,no,,5.0,may,morning,1.0,1.0,0.0,,no,42.0,104.7729572827119,4.926955021891707,no
153488.0,28.0,blue-collar,single,primary,yes,no,call,14.0,may,Evening,1.0,1.0,1.0,other,no,54.0,105.63990302808925,3.7020266559070985,yes
122926.0,29.0,blue-collar,single,secondary,yes,yes,,28.0,may,Afternoon,2.0,2.0,0.0,,no,992.0,93.3135936182633,4.69314386190424,no
129728.0,32.0,blue-collar,divorced,secondary,yes,yes,call,10.0,jul,Morning,1.0,1.0,0.0,,no,107.0,87.83081909037779,6.830623183255144,no
145006.0,54.0,technician,married,secondary,yes,no,call,2.0,feb,Afternoon,1.0,1.0,1.0,failure,no,719.0,103.75904681948157,4.429777488066588,no
147843.0,35.0,technician,married,secondary,yes,no,call,13.0,apr,morning,3.0,3.0,0.0,,no,327.0,107.6985074047405,4.337925984182309,no
151816.0,38.0,technician,divorced,secondary,yes,no,call,8.0,may,eve,2.0,2.0,2.0,failure,no,566.0,96.4345019679612,6.753417731845735,no
119173.0,54.0,blue-collar,married,primary,yes,no,,15.0,may,Afternoon,2.0,2.0,0.0,,no,950.0,94.62624819013969,7.731450345655579,no
150490.0,41.0,blue-collar,divorced,primary,yes,no,call,5.0,may,Evening,1.0,1.0,0.0,,no,169.0,90.41291689217597,5.394156396642594,no
150190.0,32.0,management,married,tertiary,yes,no,call,4.0,may,Night,2.0,2.0,0.0,,no,2458.0,93.77807021881785,2.480893642584538,no
126571.0,38.0,admin.,single,secondary,no,no,,16.0,jun,Night ,4.0,4.0,0.0,,no,439.0,101.25901778080359,7.494913368797112,no
147396.0,37.0,blue-collar,married,secondary,yes,No,call,2.0,apr,Night ,1.0,1.0,0.0,,no,0.0,104.39320934928261,4.282491275147637,no
157105.0,25.0,student,single,secondary,no,no,call,21.0,aug,Evening,1.0,1.0,0.0,,no,3090.0,106.69599782753241,5.871482454085042,no
135368.0,33.0,management,married,tertiary,no,no,call,7.0,aug,Afternoon,2.0,2.0,0.0,,no,340.0,105.37981890121405,3.732779073509383,no
143420.0,39.0,management,married,tertiary,yes,yes,call,21.0,nov,eve,2.0,2.0,0.0,,no,15.0,108.40307348619677,5.242225906401356,no
120884.0,32.0,management,married,secondary,yes,yes,,21.0,may,Night,2.0,2.0,0.0,,no,6217.0,97.68664965501955,3.582289264185757,no
143692.0,32.0,admin.,single,secondary,yes,no,call,28.0,jan,Morning,1.0,1.0,0.0,,no,254.0,110.91306911043479,3.9880880185437406,no
131469.0,33.0,blue-collar,married,secondary,yes,yes,call,21.0,jul,morning,1.0,1.0,0.0,,no,681.0,115.18778113311414,5.335369237897471,no
154202.0,42.0,services,married,secondary,yes,no,call,15.0,may,Afternoon,1.0,1.0,3.0,other,no,9277.0,103.77134435016616,9.166715643189818,no
141379.0,38.0,technician,married,tertiary,yes,no,call,19.0,nov,Night ,1.0,1.0,0.0,,no,11766.0,106.17029695160471,4.4441326650623285,no
117970.0,25.0,technician,single,secondary,yes,no,,12.0,may,Night,3.0,3.0,0.0,,no,1135.0,113.71792973845076,6.032765299994701,no
134477.0,56.0,blue-collar,married,secondary,no,no,SMS,31.0,jul,Afternoon,1.0,1.0,0.0,,no,1362.0,94.91392477692028,4.788643871511909,no
143930.0,29.0,management,married,tertiary,no,no,call,28.0,jan,eve,3.0,3.0,0.0,,no,54.0,99.75629180492672,6.129890567478261,no
145239.0,30.0,services,single,secondary,no,no,call,2.0,feb,Night ,2.0,2.0,0.0,,no,3485.0,101.31023967957054,4.831674447793142,no
119267.0,43.0,technician,married,secondary,yes,no,,15.0,,Afternoon,1.0,1.0,0.0,,no,78.0,85.86683725508044,5.555822704447058,no
118454.0,54.0,housemaid,married,secondary,yes,no,,,may,Night,5.0,5.0,0.0,,no,42.0,108.09867394150135,5.1982800544233285,no
147255.0,33.0,technician,single,tertiary,no,no,call,18.0,mar,Night ,2.0,2.0,0.0,,no,154.0,91.4921561291623,4.740134730954613,no
127892.0,47.0,entrepreneur,married,tertiary,no,no,,20.0,jun,Evening,3.0,3.0,0.0,,no,1855.0,107.12438604244004,3.622986755646649,no
117443.0,47.0,blue-collar,married,primary,no,No,,8.0,may,Afternoon,8.0,8.0,0.0,,no,430.0,81.46218056168328,5.895638739746996,no
116810.0,38.0,blue-collar,married,,yes,no,,7.0,may,Afternoon,2.0,2.0,0.0,,no,5.0,105.45821333969623,5.933026469585008,no
142696.0,32.0,technician,married,primary,yes,no,call,20.0,nov,Night ,3.0,3.0,0.0,,no,3774.0,91.89193913350337,3.6519334842902036,no
126363.0,50.0,technician,married,tertiary,no,No,,16.0,jun,eve,2.0,2.0,0.0,,no,917.0,88.86618745232869,6.56316952556422,no
144631.0,36.0,unemployed,divorced,secondary,yes,no,call,30.0,jan,Morning,1.0,1.0,2.0,other,no,5.0,109.41200932204995,5.674468958833224,no
133571.0,34.0,technician,single,secondary,yes,no,call,29.0,jul,Night ,8.0,8.0,0.0,,no,475.0,87.29570852709875,7.55935249060499,no
129274.0,31.0,services,married,secondary,yes,no,call,9.0,jul,Night,1.0,1.0,0.0,,no,1.0,80.78298476082878,6.277767650609045,no
158072.0,24.0,student,single,secondary,no,No,call,9.0,nov,Night ,1.0,1.0,1.0,failure,no,125.0,87.78316468396751,3.6748836581605078,yes
122079.0,36.0,admin.,single,,yes,no,,27.0,may,Night,2.0,2.0,0.0,,no,-69.0,98.11540317275099,5.706540523607223,no
150450.0,28.0,services,married,secondary,yes,no,call,5.0,may,Morning,2.0,2.0,8.0,failure,no,0.0,95.09452334631976,5.834228280245403,no
125529.0,60.0,technician,married,secondary,yes,no,,6.0,jun,Morning,3.0,3.0,0.0,,no,0.0,83.72967094233746,6.688340101144727,no
116539.0,31.0,student,single,secondary,yes,no,,6.0,,eve,3.0,3.0,0.0,,no,252.0,93.77129090922405,1.4337274201527261,no
148680.0,32.0,technician,single,tertiary,yes,yes,call,17.0,apr,morning,1.0,1.0,0.0,,no,-109.0,95.27345037400916,5.971669662272745,no
119558.0,41.0,management,married,secondary,yes,no,,16.0,may,morning,1.0,1.0,0.0,,no,218.0,,3.4992521776600025,no
133361.0,35.0,management,single,tertiary,yes,yes,call,28.0,jul,eve,9.0,9.0,0.0,,no,303.0,101.45137301663436,4.17344992040072,no
118181.0,53.0,blue-collar,single,,no,no,,12.0,may,eve,7.0,7.0,0.0,,no,0.0,94.69690799752739,4.797794499975103,no
116348.0,40.0,admin.,single,secondary,yes,yes,,6.0,may,Morning,1.0,1.0,0.0,,no,-109.0,87.15008274028716,3.7525516863023824,no
122031.0,32.0,management,married,tertiary,yes,no,,27.0,may,Morning,5.0,5.0,0.0,,no,3517.0,111.33982017671875,3.898558394913894,no
151165.0,44.0,blue-collar,divorced,primary,,no,call,7.0,may,Night,1.0,1.0,2.0,failure,no,-57.0,101.3442865617027,6.7625973215118655,no
119153.0,42.0,blue-collar,single,secondary,yes,no,,15.0,may,Night ,1.0,1.0,0.0,,no,1306.0,104.9207036391543,6.446663585613139,no
141650.0,58.0,blue-collar,married,secondary,,yes,call,19.0,nov,Evening,1.0,1.0,1.0,failure,no,590.0,102.54126828593547,6.540658279300957,no
153769.0,54.0,blue-collar,divorced,,yes,no,call,14.0,may,morning,1.0,1.0,2.0,failure,no,-473.0,123.6998668473993,4.433020845363747,no
133636.0,36.0,blue-collar,married,primary,yes,no,call,29.0,jul,Night,13.0,13.0,0.0,,no,106.0,96.933980470447,3.4825465955276584,no
127367.0,46.0,blue-collar,,primary,no,no,,19.0,jun,Night,1.0,1.0,0.0,,no,1712.0,95.1531060922163,6.021366339781819,no
119524.0,29.0,technician,married,secondary,yes,no,,15.0,may,Night ,12.0,12.0,0.0,,no,84.0,106.23264626983344,7.338410957838571,no
141260.0,32.0,blue-collar,married,secondary,yes,no,call,18.0,nov,Night ,3.0,3.0,0.0,,no,1.0,90.46931684186177,4.016619313375848,no
156047.0,25.0,management,single,tertiary,no,no,call,5.0,jun,eve,1.0,1.0,0.0,,no,289.0,93.89421707866042,5.6001529368089225,no
129114.0,60.0,management,married,secondary,yes,no,call,8.0,jul,Afternoon,1.0,1.0,0.0,,no,725.0,106.9693283598202,6.688622361868721,no
148576.0,45.0,blue-collar,married,primary,yes,yes,call,17.0,apr,Night ,1.0,1.0,1.0,failure,no,271.0,99.21316684140682,7.312598354267337,no
146507.0,36.0,management,divorced,tertiary,no,no,call,,feb,Night,1.0,1.0,0.0,,no,2361.0,130.74724409113455,,no
156828.0,36.0,technician,married,secondary,yes,no,call,12.0,aug,Night,1.0,1.0,0.0,,no,2474.0,94.05499243785147,5.791691973174466,no
155000.0,24.0,blue-collar,single,secondary,yes,no,call,18.0,may,Morning,1.0,1.0,0.0,,no,-287.0,91.32058443146815,4.4835563663822935,no
120779.0,31.0,blue-collar,married,secondary,yes,no,,21.0,may,Night ,1.0,1.0,0.0,,no,3176.0,105.6119655030908,5.223178892419532,no
155543.0,21.0,admin.,single,secondary,no,no,call,26.0,may,Afternoon,1.0,1.0,0.0,,no,524.0,94.90272610101033,5.551777339453849,yes
131491.0,36.0,entrepreneur,married,primary,no,no,call,21.0,jul,eve,1.0,1.0,0.0,,no,600.0,94.65809547746544,5.680330814889222,no
137413.0,53.0,management,married,tertiary,no,no,call,19.0,aug,Evening,2.0,2.0,0.0,,no,210.0,89.59310522199526,3.9943456582833585,no
116132.0,46.0,technician,married,secondary,yes,yes,,5.0,may,Night,1.0,1.0,0.0,,no,349.0,95.29028753882199,2.387923204745584,no
138762.0,31.0,entrepreneur,single,tertiary,no,no,call,25.0,aug,morning,5.0,5.0,0.0,,no,95.0,96.8842895351841,6.208235510528873,no
132283.0,39.0,entrepreneur,divorced,secondary,yes,no,call,23.0,jul,Morning,1.0,1.0,0.0,,no,990.0,107.60004693698934,3.825159041797424,no
138503.0,30.0,technician,married,secondary,no,no,call,22.0,aug,Evening,13.0,13.0,0.0,,no,394.0,101.56565577320649,0.687899056079214,no
155268.0,33.0,management,married,tertiary,yes,no,call,22.0,may,eve,1.0,1.0,1.0,failure,no,81.0,91.71713863094037,2.781100582640094,no
153699.0,34.0,self-employed,single,tertiary,yes,no,call,14.0,may,Morning,1.0,1.0,0.0,,no,1272.0,92.39497354232304,,no
147106.0,37.0,technician,married,tertiary,no,no,call,2.0,mar,Night,1.0,1.0,0.0,,no,549.0,99.00177546461484,5.655889557619848,yes
134010.0,38.0,management,married,tertiary,yes,no,call,30.0,jul,morning,3.0,3.0,0.0,,no,-299.0,104.16518022741049,5.189229075696904,no
134256.0,35.0,housemaid,divorced,secondary,no,no,call,31.0,jul,Night ,2.0,2.0,0.0,,no,39.0,108.89564886594681,6.874663955903657,no
151874.0,36.0,blue-collar,married,secondary,yes,no,call,8.0,may,Night ,1.0,1.0,2.0,failure,no,153.0,94.9533919400158,2.0347906867213053,no
153793.0,39.0,management,divorced,tertiary,no,no,call,14.0,may,Evening,1.0,1.0,0.0,,no,126.0,93.1723074570289,4.10836553704196,no
149296.0,39.0,services,married,secondary,yes,no,call,20.0,apr,eve,2.0,2.0,6.0,failure,no,104.0,100.8217305189831,2.3376049974929893,no
120217.0,30.0,blue-collar,married,secondary,no,no,,19.0,may,Morning,3.0,3.0,0.0,,no,0.0,104.83518325967079,5.905213238602363,no
121265.0,42.0,admin.,single,secondary,yes,no,,23.0,may,morning,1.0,1.0,0.0,,no,61.0,94.1820153735091,5.802234728414511,no
149001.0,34.0,blue-collar,married,secondary,yes,no,call,20.0,apr,Evening,1.0,1.0,0.0,,no,2076.0,97.14607439255927,5.698613862430365,no
143333.0,59.0,unemployed,single,primary,no,no,call,21.0,nov,eve,3.0,3.0,0.0,,no,7724.0,108.46903951005318,4.320064581711356,yes
158631.0,42.0,,single,,no,no,call,27.0,jan,Evening,1.0,1.0,2.0,success,no,942.0,117.82459019552056,4.940486653910704,yes
124482.0,,management,single,tertiary,yes,no,,3.0,jun,eve,6.0,6.0,0.0,,no,156.0,108.06100648975008,3.5360965856934743,no
148955.0,,services,single,secondary,yes,no,call,17.0,apr,Afternoon,4.0,4.0,0.0,,no,49.0,94.30308645497601,2.500770920886681,no
120866.0,27.0,services,married,secondary,yes,yes,,,may,Morning,1.0,1.0,0.0,,no,1303.0,104.37693648637847,3.8646325690247925,no
148913.0,30.0,blue-collar,single,secondary,yes,no,call,17.0,apr,Night,3.0,3.0,1.0,failure,no,1012.0,96.37546508489672,3.675980397888472,no
149722.0,55.0,management,married,tertiary,no,no,call,27.0,apr,Night,1.0,1.0,0.0,,no,6770.0,72.73046234311654,5.417303352272851,no
129848.0,49.0,blue-collar,married,secondary,no,yes,email,10.0,jul,Evening,2.0,2.0,0.0,,no,0.0,90.37955344978036,5.772430484076343,no
122997.0,31.0,services,married,secondary,yes,no,,29.0,may,Evening,7.0,7.0,0.0,,no,3181.0,107.56500188765949,4.974568741724653,no
134145.0,27.0,services,,secondary,yes,no,call,31.0,jul,Night ,6.0,6.0,0.0,,no,0.0,104.21607667886285,7.097961308452872,no
147135.0,56.0,retired,married,tertiary,no,No,call,3.0,mar,Afternoon,2.0,2.0,0.0,,no,281.0,98.57153352497042,,yes
131992.0,30.0,blue-collar,married,secondary,yes,no,call,22.0,jul,Night ,2.0,2.0,0.0,,no,537.0,100.9855192630095,4.70600011757963,no
117245.0,40.0,blue-collar,married,primary,yes,yes,,8.0,may,Evening,1.0,1.0,0.0,,no,968.0,112.80007317293777,4.249948897372747,no
139229.0,47.0,technician,divorced,secondary,no,no,call,27.0,aug,Afternoon,8.0,8.0,0.0,,no,598.0,83.86577247312303,3.716288106185848,no
130095.0,44.0,admin.,married,secondary,yes,no,call,11.0,jul,Afternoon,2.0,2.0,0.0,,no,1074.0,116.81311210813138,5.7956963252119715,yes
135300.0,46.0,blue-collar,married,primary,no,no,call,6.0,aug,Afternoon,3.0,3.0,0.0,,yes,575.0,119.5401472327384,5.466580432048863,no
152309.0,35.0,technician,married,secondary,yes,no,call,11.0,may,Night ,2.0,2.0,2.0,failure,no,6.0,112.43821891811413,5.253542940577932,no
127400.0,23.0,technician,single,secondary,yes,yes,,19.0,jun,eve,10.0,10.0,0.0,,no,-782.0,99.57897895890608,5.7261397300743875,no
144069.0,45.0,management,divorced,tertiary,yes,no,call,29.0,jan,Morning,1.0,1.0,1.0,failure,no,-90.0,96.65370895123914,6.224301136017971,no
135672.0,32.0,technician,married,secondary,no,no,call,8.0,aug,eve,4.0,4.0,0.0,,no,3333.0,91.00749276158635,5.377904378572013,no
147225.0,58.0,self-employed,married,tertiary,no,no,call,12.0,mar,Night ,1.0,1.0,0.0,,no,5810.0,102.00247866960761,2.6863690598167533,yes
143165.0,36.0,management,divorced,tertiary,yes,no,email,21.0,nov,morning,1.0,1.0,2.0,failure,no,210.0,98.00387699569839,4.508303881332307,no
160159.0,37.0,technician,single,tertiary,yes,no,call,23.0,jul,Morning,6.0,6.0,0.0,,no,0.0,95.21271214007098,6.820121901652914,yes
148825.0,25.0,self-employed,single,tertiary,no,no,call,17.0,apr,eve,4.0,4.0,0.0,,no,1294.0,103.41398967145177,5.584319147607753,no
118975.0,43.0,services,divorced,secondary,yes,no,,14.0,may,Morning,1.0,1.0,0.0,,no,206.0,104.1630041974608,3.9703447357702073,no
117944.0,47.0,admin.,single,secondary,no,no,,12.0,may,Evening,4.0,4.0,0.0,,no,15.0,96.1184080243188,3.3991167665342075,no
121256.0,32.0,technician,single,tertiary,yes,no,,23.0,may,Morning,2.0,2.0,0.0,,no,1212.0,95.92364899345027,4.28033943269151,no
138758.0,58.0,management,married,tertiary,no,no,call,25.0,aug,Morning,3.0,3.0,0.0,,no,657.0,104.03398016507975,4.742988874419167,no
119507.0,61.0,retired,married,secondary,yes,no,,15.0,may,Morning,3.0,3.0,0.0,,no,280.0,111.70174742601776,3.6000152421958687,no
137680.0,43.0,technician,divorced,tertiary,no,no,call,19.0,aug,Evening,3.0,3.0,0.0,,no,101.0,94.28688512825839,2.785754807358763,no
130109.0,47.0,technician,married,secondary,yes,No,call,11.0,jul,eve,2.0,2.0,0.0,,no,3466.0,98.69635701137689,5.742170036771315,yes
141553.0,43.0,management,married,tertiary,yes,no,call,19.0,nov,morning,1.0,1.0,2.0,other,no,1429.0,99.37359809371814,4.072759264440121,yes
124846.0,43.0,management,divorced,tertiary,yes,no,,4.0,,Night,1.0,1.0,0.0,,no,350.0,102.26977499557005,5.135527722441209,no
140436.0,40.0,services,married,secondary,no,no,email,17.0,nov,Night ,1.0,1.0,0.0,,no,28.0,95.46201736925433,2.1145200844705516,no
119527.0,58.0,management,married,tertiary,no,no,,15.0,may,Night ,3.0,3.0,0.0,,no,2360.0,,5.6210031810625,no
136975.0,42.0,self-employed,married,secondary,no,no,call,14.0,aug,Night,2.0,2.0,0.0,,no,68.0,102.30579053353149,3.8446810296778553,no
148521.0,38.0,management,married,tertiary,yes,no,call,17.0,apr,Afternoon,1.0,1.0,3.0,failure,no,-113.0,115.5610476332747,6.70901159771763,no
119904.0,36.0,services,married,secondary,no,no,,16.0,may,morning,6.0,6.0,0.0,,no,279.0,94.26432106136215,4.915174612205658,no
159677.0,29.0,unemployed,single,tertiary,no,no,call,25.0,may,eve,1.0,1.0,0.0,,no,70.0,97.69332158327974,8.445162112025043,yes
133812.0,38.0,unemployed,single,secondary,no,no,SMS,30.0,jul,Afternoon,2.0,2.0,0.0,,no,7159.0,95.21174658536688,3.0931374344611378,no
153580.0,33.0,blue-collar,married,secondary,yes,no,call,14.0,may,morning,2.0,2.0,0.0,,no,705.0,114.26238958410838,4.5411148756950634,no
132302.0,29.0,blue-collar,married,,yes,yes,call,23.0,jul,Night,2.0,2.0,0.0,,yes,163.0,101.63305304824205,2.555431692540639,no
141545.0,46.0,technician,divorced,secondary,yes,yes,call,19.0,nov,morning,1.0,1.0,2.0,other,no,-26.0,99.2236452520176,5.448616384037009,no
125419.0,28.0,blue-collar,single,secondary,yes,no,,6.0,jun,Night,6.0,6.0,0.0,,no,3430.0,105.3969440783185,6.236505162383589,no
138835.0,45.0,blue-collar,married,secondary,no,no,call,26.0,aug,Night,10.0,10.0,0.0,,no,2.0,114.4502899191767,4.664911343197946,no
145350.0,34.0,blue-collar,single,primary,no,yes,call,3.0,feb,Night ,2.0,2.0,0.0,,no,517.0,84.10887153615212,9.07417064477425,no
148748.0,37.0,blue-collar,married,secondary,yes,no,call,17.0,apr,morning,1.0,1.0,2.0,failure,no,982.0,108.79673885182007,2.3333828287553793,no
133360.0,25.0,blue-collar,single,secondary,no,yes,call,28.0,jul,Morning,4.0,4.0,0.0,,no,76.0,93.50212836977502,6.455951714781784,no
134940.0,43.0,management,divorced,tertiary,no,No,call,5.0,aug,morning,1.0,1.0,0.0,,no,187.0,125.64251648156566,4.810650327858616,no
126386.0,46.0,services,divorced,secondary,no,yes,,16.0,jun,eve,3.0,3.0,0.0,,no,2044.0,100.4818026716748,4.630640397526212,no
156463.0,75.0,retired,married,secondary,no,No,email,15.0,jul,Night,2.0,2.0,0.0,,no,26452.0,101.86128639305277,6.572746413755629,no
127016.0,48.0,admin.,married,secondary,yes,no,,18.0,jun,Morning,5.0,5.0,0.0,,no,1096.0,104.03538250656673,5.880781783681513,no
159750.0,,blue-collar,married,secondary,no,no,call,2.0,jun,Night,2.0,2.0,2.0,failure,no,3310.0,105.51902047954488,6.097671418215076,no
137304.0,34.0,management,single,tertiary,no,no,call,18.0,aug,Afternoon,4.0,4.0,0.0,,no,757.0,110.52772659740464,,no
126234.0,38.0,admin.,married,secondary,no,no,,12.0,jun,Night ,1.0,1.0,0.0,,no,545.0,104.82265803450508,4.793983500960381,no
136091.0,32.0,technician,married,secondary,yes,no,call,11.0,aug,Afternoon,2.0,2.0,0.0,,no,3184.0,85.81284057366719,4.319173749854044,no
118662.0,41.0,technician,married,secondary,yes,yes,,14.0,may,morning,9.0,9.0,0.0,,no,102.0,120.08170372626694,4.094139209255033,no
120092.0,31.0,blue-collar,married,secondary,yes,no,,19.0,may,Night,4.0,4.0,0.0,,no,754.0,106.96310435889576,4.89552742356872,yes
136697.0,37.0,technician,single,secondary,yes,no,call,13.0,aug,Morning,6.0,6.0,0.0,,no,-242.0,107.56908456400593,3.689898641544888,yes
153729.0,34.0,management,single,tertiary,yes,no,call,14.0,may,Night,1.0,1.0,2.0,failure,no,28.0,93.0011592342333,3.0614852921985394,no
154772.0,43.0,blue-collar,married,secondary,yes,no,call,18.0,may,morning,1.0,1.0,0.0,,no,95.0,98.59782951578815,5.1601869284377315,no
124262.0,31.0,technician,married,secondary,yes,yes,,3.0,jun,Afternoon,1.0,1.0,0.0,,no,-292.0,89.85836715208997,8.202717015750636,no
157564.0,59.0,management,married,tertiary,yes,no,call,1.0,oct,Night ,6.0,6.0,13.0,failure,no,4152.0,97.27402883471491,6.12767376399913,no
152502.0,39.0,blue-collar,married,secondary,yes,yes,call,12.0,may,Night ,2.0,2.0,0.0,,no,1403.0,94.21529862084407,6.0679577646892415,no
129090.0,36.0,unemployed,married,secondary,no,no,call,8.0,jul,morning,1.0,1.0,0.0,,no,,100.42205807841401,5.7301507316798475,no
141425.0,33.0,services,married,secondary,yes,yes,call,19.0,nov,Morning,1.0,1.0,0.0,,no,1082.0,109.70711817158337,5.2566413265277845,no
160481.0,21.0,student,single,secondary,no,no,,20.0,aug,Morning,1.0,1.0,0.0,,no,681.0,97.98401100954675,6.2485086876362335,no
131057.0,34.0,management,married,tertiary,yes,no,call,17.0,jul,Morning,2.0,2.0,0.0,,no,1784.0,88.7970224036336,7.098988544712145,no
127991.0,45.0,,married,secondary,no,no,,20.0,jun,morning,5.0,5.0,0.0,,no,11285.0,120.87078144169888,3.298765576750699,no
147354.0,35.0,services,divorced,secondary,yes,yes,call,1.0,apr,Night,1.0,1.0,0.0,,no,-121.0,91.88341235686667,5.038324677522349,no
120562.0,36.0,admin.,married,tertiary,yes,no,,20.0,may,Morning,2.0,2.0,0.0,,no,3127.0,104.07491799301428,5.165831467918192,no
140480.0,41.0,management,married,tertiary,yes,no,call,17.0,nov,Night,1.0,1.0,2.0,failure,no,20.0,80.7080082748885,,no
159848.0,29.0,management,single,tertiary,no,no,call,18.0,jun,Night,4.0,4.0,0.0,,no,1431.0,97.80713409369487,4.282616642916768,no
133856.0,51.0,blue-collar,married,secondary,no,No,SMS,30.0,jul,Evening,4.0,4.0,0.0,,no,0.0,95.30007276211381,4.027599839196976,no
150735.0,39.0,blue-collar,married,secondary,yes,yes,call,6.0,may,Afternoon,1.0,1.0,0.0,,no,854.0,88.07555270644418,,no
153040.0,32.0,technician,married,tertiary,yes,yes,call,13.0,may,morning,1.0,1.0,2.0,failure,no,1503.0,90.42798088405235,5.984914638424626,no
140015.0,34.0,entrepreneur,married,tertiary,yes,No,SMS,4.0,nov,Night,1.0,1.0,0.0,,no,,107.37575700088773,3.816947619743811,no
123331.0,45.0,admin.,married,secondary,yes,no,,29.0,may,eve,16.0,16.0,0.0,,no,5244.0,114.30375410762856,6.999802563259168,no
127964.0,35.0,management,married,tertiary,yes,no,,20.0,jun,Night ,29.0,29.0,0.0,,,1256.0,107.76856789767074,6.349070981780907,no
138001.0,48.0,blue-collar,married,primary,no,yes,call,21.0,aug,Evening,2.0,2.0,0.0,,no,492.0,85.76015993580137,3.356004064709415,no
143300.0,33.0,management,married,tertiary,yes,no,call,21.0,nov,morning,1.0,1.0,0.0,,no,418.0,108.51985218707226,2.6196255804459128,no
160996.0,73.0,retired,married,primary,,no,email,25.0,oct,Night,1.0,1.0,6.0,failure,no,1388.0,106.38184155259651,4.612220331537924,no
152351.0,50.0,self-employed,married,tertiary,yes,no,call,11.0,may,Night ,5.0,5.0,0.0,,no,50.0,95.33100360622274,5.168541588874126,no
125338.0,38.0,admin.,married,secondary,yes,yes,,6.0,jun,Night,2.0,2.0,0.0,,no,215.0,99.93396483588256,4.994909302744919,no
124490.0,45.0,management,married,secondary,yes,no,,3.0,jun,morning,2.0,2.0,0.0,,no,21.0,104.83136057954252,5.8781376482384,no
119593.0,33.0,management,married,tertiary,yes,no,,16.0,may,Morning,1.0,1.0,0.0,,no,273.0,89.44772117313644,9.032443208769838,yes
147044.0,26.0,blue-collar,,secondary,no,no,call,26.0,feb,Evening,1.0,1.0,0.0,,no,834.0,110.70139273312616,4.903169118630229,no
160272.0,33.0,management,married,tertiary,no,no,call,2.0,aug,eve,4.0,4.0,4.0,other,no,7154.0,95.19741259001017,4.908457830372484,no
123258.0,24.0,student,single,secondary,yes,no,,29.0,may,Night ,5.0,5.0,0.0,,no,2530.0,93.8076570908233,1.4291046328523427,no
140456.0,42.0,admin.,single,secondary,yes,yes,SMS,17.0,nov,morning,1.0,1.0,0.0,,no,1143.0,109.89976648594143,3.879077836789021,no
143693.0,48.0,technician,married,secondary,yes,no,call,28.0,jan,Morning,1.0,1.0,1.0,failure,no,0.0,92.26095050356759,0.9568414456770409,no
121601.0,59.0,technician,divorced,secondary,yes,no,,26.0,may,Evening,1.0,1.0,0.0,,no,879.0,87.09916252893153,6.345691153668687,no
154198.0,58.0,technician,married,primary,yes,no,call,15.0,may,Afternoon,1.0,1.0,0.0,,no,10.0,104.11186437760063,5.554619259577753,no
125559.0,59.0,,single,secondary,no,no,,6.0,jun,Afternoon,3.0,3.0,0.0,,no,3237.0,103.46039702056001,6.730667835932619,no
154480.0,31.0,technician,single,tertiary,yes,no,call,15.0,may,Evening,5.0,5.0,0.0,,no,6138.0,97.38403287837468,3.3199190575007482,no
150171.0,36.0,self-employed,married,secondary,yes,yes,call,4.0,may,Night,3.0,3.0,2.0,success,no,188.0,110.31363444039992,5.777996862346132,yes
123441.0,44.0,unemployed,divorced,primary,no,no,,30.0,may,Night,4.0,4.0,0.0,,no,757.0,103.49891713532244,7.146039977909046,no
158579.0,40.0,technician,single,tertiary,no,no,call,15.0,jan,morning,2.0,2.0,0.0,,no,226.0,107.85032924256001,6.087883702654731,no
154009.0,37.0,blue-collar,married,primary,yes,no,call,15.0,may,eve,2.0,2.0,3.0,other,no,357.0,103.98436208057899,7.893115766748338,no
128785.0,40.0,services,married,secondary,yes,yes,call,7.0,jul,Night ,1.0,1.0,0.0,,no,193.0,94.33252570461747,5.40165408603905,no
156774.0,53.0,services,married,secondary,no,no,call,12.0,aug,Night ,2.0,2.0,2.0,success,no,341.0,102.38101580603299,3.1201736860634632,no
124454.0,32.0,blue-collar,married,secondary,yes,no,,3.0,jun,morning,1.0,1.0,0.0,,no,478.0,107.67808180481609,3.3900729601085846,no
134213.0,56.0,technician,married,,no,,call,31.0,jul,Afternoon,2.0,2.0,0.0,,no,689.0,91.83140287641083,5.1150645221041735,no
129014.0,42.0,unemployed,married,secondary,no,yes,call,8.0,jul,Night,2.0,2.0,0.0,,no,-283.0,106.40230822408819,3.3300360363809878,no
135571.0,45.0,management,married,secondary,yes,yes,call,7.0,aug,Night ,1.0,1.0,0.0,,no,724.0,81.32645953306948,2.425372009040906,no
136737.0,36.0,management,married,tertiary,no,no,call,13.0,aug,Afternoon,2.0,2.0,0.0,,no,274.0,102.06463724590857,5.020334733780607,no
116556.0,41.0,entrepreneur,married,,yes,no,,6.0,may,Night ,2.0,2.0,0.0,,no,89.0,90.63802952270179,5.036994434379679,no
129317.0,59.0,self-employed,married,secondary,no,no,call,9.0,jul,morning,1.0,1.0,0.0,,no,170.0,96.53979799131704,5.210559865897812,no
147518.0,33.0,technician,single,tertiary,yes,no,call,6.0,apr,Evening,2.0,2.0,17.0,failure,no,127.0,100.51841929989149,5.504392663889498,yes
151390.0,39.0,technician,divorced,secondary,yes,no,call,7.0,may,morning,2.0,2.0,0.0,,no,411.0,93.6254797198056,5.306416294462511,no
127137.0,52.0,management,married,tertiary,no,no,,18.0,jun,Night,1.0,1.0,0.0,,no,1147.0,117.6430952252667,7.4615659839083115,no
127961.0,53.0,self-employed,divorced,secondary,no,no,,20.0,jun,eve,3.0,3.0,0.0,,no,1287.0,89.94517957903044,4.547232393079091,no
133400.0,58.0,retired,married,secondary,yes,no,email,29.0,jul,Morning,17.0,17.0,0.0,,no,3542.0,102.30163389565881,4.862196247945125,no
141228.0,33.0,technician,married,tertiary,yes,yes,call,,nov,Night,3.0,3.0,4.0,failure,no,17455.0,91.49151245365323,1.96962054606065,no
119739.0,24.0,services,single,secondary,no,no,,16.0,may,Night ,1.0,1.0,0.0,,no,0.0,123.22257725548056,5.031823394692576,no
138914.0,54.0,admin.,married,tertiary,no,no,call,26.0,aug,Evening,2.0,2.0,0.0,,no,19.0,111.96175382695621,6.61681344202652,no
150737.0,32.0,technician,single,secondary,yes,No,call,6.0,may,Night,1.0,1.0,1.0,success,no,6402.0,95.43353876281436,4.7864947667069835,no
157515.0,39.0,admin.,married,secondary,no,no,call,25.0,sep,Night,1.0,1.0,7.0,other,no,150.0,103.93570180857589,4.48279977714296,no
157007.0,35.0,management,single,tertiary,no,no,call,17.0,aug,Night ,2.0,2.0,1.0,failure,no,431.0,85.04091517183116,3.2658750779915873,yes
145513.0,36.0,management,married,tertiary,no,no,call,3.0,feb,Morning,2.0,2.0,0.0,,no,618.0,85.44952622713743,5.21905454031781,no
121264.0,43.0,technician,divorced,secondary,yes,no,,23.0,may,eve,1.0,1.0,0.0,,no,353.0,95.58275918168988,4.871047989094204,no
143247.0,30.0,self-employed,married,primary,yes,no,call,21.0,nov,Evening,2.0,2.0,0.0,,no,674.0,88.46473094329912,4.970542875294533,no
128461.0,60.0,blue-collar,married,primary,no,yes,,3.0,jul,Morning,3.0,3.0,0.0,,no,241.0,96.79478242001814,4.529889299012033,no
159530.0,54.0,housemaid,married,secondary,yes,no,call,6.0,may,Night ,2.0,2.0,2.0,failure,no,1182.0,86.27535000070728,3.9019560783464033,no
156687.0,34.0,admin.,single,secondary,no,yes,call,11.0,aug,Evening,3.0,3.0,2.0,success,no,-32.0,108.05828476269427,5.762893487517766,no
121787.0,26.0,blue-collar,single,secondary,yes,no,,26.0,may,Night ,2.0,2.0,0.0,,no,381.0,97.68945727081001,5.57128686387828,no
150005.0,31.0,management,single,tertiary,no,no,call,30.0,apr,Evening,2.0,2.0,0.0,,no,1619.0,102.13730525112955,5.883531221331273,yes
143966.0,32.0,management,single,tertiary,yes,no,email,28.0,jan,Night ,2.0,2.0,0.0,,no,1218.0,100.48893370529834,3.1692295158857515,no
149028.0,35.0,management,married,tertiary,yes,No,call,20.0,apr,morning,1.0,1.0,0.0,,,43.0,116.22429244048965,4.988743963221732,yes
123368.0,46.0,blue-collar,married,secondary,yes,No,,29.0,may,morning,2.0,2.0,0.0,,no,0.0,108.42130187907382,4.213616225751557,no
159849.0,50.0,admin.,married,secondary,yes,no,,18.0,jun,Evening,1.0,1.0,0.0,,no,100.0,111.04458614334459,4.033135502650652,no
151120.0,30.0,blue-collar,single,secondary,yes,no,call,7.0,may,morning,1.0,1.0,0.0,,no,959.0,92.79507207908588,6.411343497466435,no
137508.0,36.0,technician,single,secondary,yes,yes,call,19.0,aug,Night ,4.0,4.0,0.0,,no,818.0,111.60357692172246,4.562887107973063,no
125985.0,37.0,management,married,primary,no,no,,11.0,jun,Morning,1.0,1.0,0.0,,no,1959.0,101.41000855522032,4.218104159874942,no
160535.0,75.0,retired,married,primary,no,no,call,1.0,sep,Night ,2.0,2.0,2.0,success,no,1413.0,105.81396854387945,4.31632195661486,yes
160162.0,49.0,admin.,married,secondary,yes,no,call,23.0,jul,Night,1.0,1.0,3.0,success,no,197.0,99.13074482455512,3.7547487323285638,no
159997.0,23.0,student,single,secondary,no,No,call,8.0,jul,Afternoon,2.0,2.0,0.0,,no,1809.0,92.1785602722255,4.863173354982777,yes
121098.0,52.0,blue-collar,married,primary,no,no,,23.0,may,Morning,4.0,4.0,0.0,,no,126.0,95.14022747223645,5.183821811354924,no
120071.0,29.0,management,single,tertiary,yes,no,,19.0,may,Afternoon,1.0,1.0,0.0,,no,617.0,101.04079613630645,3.9931999364301745,no
140023.0,44.0,self-employed,married,secondary,no,no,,5.0,nov,Afternoon,1.0,1.0,0.0,,no,706.0,91.57428501776091,4.742875499867047,yes
155531.0,34.0,management,married,tertiary,no,no,call,26.0,may,Morning,1.0,1.0,0.0,,no,402.0,111.70563339372875,3.7689568469884103,no
136495.0,49.0,blue-collar,married,primary,no,no,call,12.0,aug,Night,2.0,2.0,0.0,,no,128.0,109.6595324784566,4.009600868707576,yes
124504.0,43.0,blue-collar,married,,yes,no,,3.0,jun,Evening,4.0,4.0,0.0,,no,705.0,81.33429804203087,6.174659915699346,no
135338.0,57.0,technician,married,tertiary,yes,no,call,7.0,aug,Night,4.0,4.0,0.0,,no,4043.0,102.78318414158312,6.247683659701044,no
156669.0,31.0,management,married,tertiary,no,no,call,10.0,aug,Afternoon,3.0,3.0,2.0,success,no,10884.0,84.40199902958175,2.1552308887759883,yes
152808.0,44.0,blue-collar,single,secondary,no,yes,call,12.0,may,Night ,2.0,2.0,3.0,other,no,492.0,106.82739514910416,6.628199208412845,no
117082.0,33.0,blue-collar,divorced,primary,yes,no,,8.0,may,eve,1.0,1.0,0.0,,no,176.0,93.38440227654033,7.62360753519989,no
123016.0,31.0,blue-collar,married,secondary,yes,yes,,29.0,may,eve,3.0,3.0,0.0,,no,283.0,113.37335818556627,3.330047100634996,no
119372.0,39.0,admin.,married,secondary,yes,no,,15.0,may,Night ,1.0,1.0,0.0,,no,598.0,69.5664641948087,6.249094419161871,no
135546.0,35.0,management,married,tertiary,no,no,call,7.0,aug,Evening,4.0,4.0,0.0,,no,416.0,110.35087129703103,5.142728850550174,no
151545.0,57.0,blue-collar,divorced,secondary,yes,no,call,8.0,may,Evening,1.0,1.0,2.0,failure,no,75.0,123.27139840664125,2.868119033458368,no
158453.0,47.0,technician,married,secondary,no,yes,call,28.0,dec,Morning,1.0,1.0,1.0,failure,no,3519.0,99.19797523851044,1.9833324991115737,no
123352.0,38.0,management,divorced,tertiary,yes,no,,29.0,may,Evening,2.0,2.0,0.0,,no,4692.0,96.60842775635432,5.559925479066656,yes
144128.0,31.0,management,married,tertiary,yes,no,call,29.0,jan,Morning,1.0,1.0,1.0,failure,no,732.0,97.80853208710383,4.4616355594799595,no
116489.0,30.0,blue-collar,married,secondary,no,,,6.0,may,morning,2.0,2.0,0.0,,no,450.0,123.70563029763989,3.347429431689413,no
132756.0,28.0,technician,single,tertiary,yes,no,call,25.0,jul,Morning,2.0,2.0,0.0,,no,1628.0,76.96616565728691,3.102474507384011,yes
117637.0,22.0,admin.,single,secondary,yes,,,9.0,may,Night,1.0,1.0,0.0,,no,-1.0,99.860078495203,6.305577379798443,no
154755.0,27.0,services,married,secondary,yes,no,call,18.0,may,Morning,1.0,1.0,1.0,failure,no,54.0,94.09731378340368,4.0483658744538245,no
135075.0,31.0,management,single,tertiary,no,no,call,5.0,aug,Night ,2.0,2.0,0.0,,no,1377.0,93.51011198706085,7.6604946141116,no
142816.0,30.0,admin.,single,secondary,yes,no,call,21.0,nov,morning,1.0,1.0,0.0,,no,4925.0,103.16980767889028,7.636410632595737,no
121778.0,29.0,management,single,tertiary,yes,yes,,26.0,may,Night,3.0,3.0,0.0,,no,54.0,88.47313059976304,4.714065055677373,no
124564.0,41.0,management,single,tertiary,yes,no,,3.0,jun,eve,6.0,6.0,0.0,,no,,95.41185018576978,7.076744186844401,no
134736.0,50.0,,married,,no,no,call,4.0,aug,Afternoon,1.0,1.0,0.0,,no,1533.0,112.43895973326781,3.649129792097167,no
131452.0,29.0,technician,single,tertiary,yes,no,call,21.0,jul,Night ,2.0,2.0,0.0,,no,1221.0,89.65823529145602,3.959541410877404,no
136387.0,55.0,management,divorced,tertiary,no,no,call,12.0,aug,Night ,3.0,3.0,0.0,,no,277.0,85.51722589165882,5.1875301802717715,no
160353.0,45.0,management,married,secondary,no,no,call,6.0,aug,Afternoon,3.0,3.0,0.0,,no,446.0,93.00198629010359,3.597975554880238,yes
158822.0,46.0,blue-collar,married,secondary,yes,no,call,8.0,feb,Night,2.0,2.0,3.0,other,no,1144.0,105.13599510503492,2.1616217867865406,yes
132412.0,51.0,admin.,divorced,secondary,no,no,call,23.0,jul,Night ,17.0,17.0,0.0,,no,21.0,96.92134148463997,5.588482217567046,no
127614.0,57.0,management,married,,no,No,,20.0,jun,eve,3.0,3.0,0.0,,no,1054.0,116.32253478290095,1.9648065386100075,no
140543.0,32.0,services,single,,no,no,call,17.0,nov,morning,2.0,2.0,0.0,,no,2378.0,108.80179765148094,7.128317541127538,yes
118392.0,50.0,blue-collar,married,primary,no,no,,13.0,may,eve,1.0,1.0,0.0,,no,5356.0,113.34012134128388,5.458097043455681,no
148036.0,57.0,services,married,primary,yes,no,call,15.0,apr,Evening,3.0,3.0,0.0,,no,491.0,86.33023834186876,6.63382054608905,yes
153199.0,44.0,blue-collar,divorced,primary,,no,call,13.0,may,eve,1.0,1.0,0.0,,no,70.0,104.19069330595993,6.629290099922118,no
159397.0,36.0,management,single,tertiary,no,no,call,20.0,apr,eve,1.0,1.0,1.0,other,no,3669.0,100.938968959267,4.655434622231855,no
122994.0,45.0,technician,single,secondary,no,no,,29.0,may,morning,1.0,1.0,0.0,,no,31.0,111.84901655649605,5.394321189961976,no
132218.0,35.0,management,single,secondary,no,no,call,23.0,jul,eve,8.0,8.0,0.0,,no,329.0,113.83252852451372,5.2614783791777375,no
145481.0,51.0,housemaid,married,primary,no,no,call,3.0,feb,Night,2.0,2.0,14.0,failure,no,605.0,108.16819984588884,5.259204259563202,no
160097.0,64.0,retired,married,secondary,no,no,call,16.0,jul,eve,1.0,1.0,3.0,success,no,,93.42073725523547,4.580747156043571,yes
118355.0,51.0,services,married,,yes,No,,13.0,may,Night ,3.0,3.0,0.0,,no,193.0,106.81519374351673,4.184909625309611,no
122528.0,29.0,management,single,tertiary,yes,no,,28.0,may,eve,7.0,7.0,0.0,,no,0.0,106.8462002623899,7.045009669598709,no
116528.0,52.0,blue-collar,divorced,primary,yes,no,,6.0,may,Evening,1.0,1.0,0.0,,yes,-183.0,94.1674456878558,2.7369773228882055,no
128752.0,29.0,blue-collar,married,primary,no,no,call,,jul,morning,1.0,1.0,0.0,,no,707.0,112.40815713807774,5.88048240520569,no
127517.0,42.0,management,divorced,secondary,yes,no,,19.0,jun,Night ,2.0,2.0,0.0,,yes,923.0,102.6932997673744,7.26588242373324,no
131017.0,28.0,management,married,tertiary,no,no,call,17.0,jul,Night ,1.0,1.0,0.0,,no,3516.0,98.30794401005643,4.462820863119302,no
131283.0,57.0,retired,married,primary,yes,yes,call,18.0,jul,Night ,1.0,1.0,0.0,,no,1623.0,91.23006340365573,5.408487199599455,no
140273.0,51.0,services,divorced,secondary,,yes,call,17.0,nov,Night,1.0,1.0,0.0,,no,135.0,91.58393805818153,2.188043848258469,no
134466.0,41.0,management,married,tertiary,yes,yes,call,31.0,jul,morning,1.0,1.0,0.0,,yes,-1176.0,94.82422044677115,5.033046467695248,no
118928.0,41.0,services,married,primary,yes,,,14.0,may,Evening,2.0,2.0,0.0,,no,450.0,98.24013135321461,3.5279034420445576,no
146069.0,48.0,blue-collar,married,secondary,yes,No,SMS,5.0,feb,morning,8.0,8.0,0.0,,no,558.0,111.00349599938329,2.5776908325711814,no
144630.0,58.0,entrepreneur,married,tertiary,no,yes,call,30.0,jan,Evening,1.0,1.0,2.0,other,no,0.0,79.43299586399829,4.119517583981287,no
156816.0,53.0,services,married,,yes,no,call,12.0,aug,Night,1.0,1.0,2.0,other,no,442.0,100.0080339799006,4.813100308651821,no
138613.0,33.0,housemaid,married,primary,,no,call,25.0,aug,Evening,6.0,6.0,0.0,,no,2054.0,107.38515576849012,5.1531014832045665,yes
139676.0,35.0,technician,single,secondary,yes,no,call,29.0,aug,Night ,2.0,2.0,0.0,,no,634.0,110.50450596995947,4.628786295113315,no
145927.0,59.0,retired,divorced,secondary,no,no,call,4.0,feb,Night,5.0,5.0,0.0,,no,479.0,102.6605234913305,3.885670520344149,no
119068.0,50.0,technician,married,tertiary,yes,no,,15.0,may,morning,5.0,5.0,0.0,,no,2938.0,98.90007778679445,5.892328318671973,no
153980.0,32.0,student,married,tertiary,yes,no,call,14.0,may,Night,2.0,2.0,1.0,other,no,744.0,107.77239809795103,5.106556686541969,no
154930.0,27.0,management,single,tertiary,yes,no,call,18.0,may,Evening,1.0,1.0,0.0,,no,2802.0,100.38431988802563,3.963186976570726,no
129694.0,42.0,blue-collar,divorced,secondary,yes,no,call,10.0,jul,morning,1.0,1.0,0.0,,no,898.0,110.0520938770996,5.4821114488226845,no
145120.0,28.0,unemployed,single,tertiary,no,no,SMS,2.0,feb,eve,1.0,1.0,0.0,,no,0.0,97.372312771902,4.454760866825828,no
135030.0,49.0,admin.,married,secondary,no,no,call,5.0,aug,Evening,1.0,1.0,0.0,,,2254.0,97.64770740259605,7.084608037646059,no
152253.0,57.0,retired,divorced,tertiary,,no,call,11.0,may,Night ,2.0,2.0,0.0,,no,66.0,102.84618365740045,3.8053407879656156,no
134821.0,37.0,technician,single,secondary,no,no,call,4.0,aug,Afternoon,2.0,2.0,0.0,,no,0.0,89.72469535044056,8.04745840297938,no
145754.0,51.0,technician,married,secondary,yes,yes,call,4.0,feb,Morning,1.0,1.0,0.0,,no,536.0,98.15302324297183,6.170916575073931,no
115991.0,46.0,management,married,tertiary,yes,no,,5.0,may,eve,1.0,1.0,0.0,,no,229.0,95.90285816213266,4.612853905373645,no
126320.0,55.0,management,married,tertiary,,no,,12.0,jun,morning,3.0,3.0,0.0,,no,1433.0,100.17531265289828,4.777785087530092,no
131663.0,34.0,services,married,secondary,yes,yes,call,21.0,jul,Evening,7.0,7.0,0.0,,no,382.0,103.61501827017443,4.3126380705657255,no
157436.0,30.0,management,single,tertiary,yes,no,call,11.0,sep,Night ,2.0,2.0,0.0,,no,440.0,107.88806959133822,2.4263719306017224,no
158326.0,32.0,admin.,single,secondary,no,no,call,,dec,Evening,1.0,1.0,2.0,failure,no,8626.0,97.28644174970444,9.940408976485827,no
147275.0,73.0,retired,married,tertiary,no,no,call,24.0,mar,Night,1.0,1.0,0.0,,no,448.0,103.42794211679693,6.393098468414186,yes
120403.0,35.0,technician,divorced,secondary,yes,no,,20.0,may,eve,1.0,1.0,0.0,,yes,-52.0,92.57971857044137,3.2192801621308567,no
124976.0,56.0,management,divorced,tertiary,no,no,,5.0,jun,Afternoon,1.0,1.0,0.0,,no,982.0,74.13731526917613,6.550716902971677,no
141993.0,37.0,housemaid,divorced,secondary,no,yes,call,19.0,nov,Morning,2.0,2.0,3.0,other,no,226.0,103.68971879080637,6.034143873725416,no
127606.0,38.0,blue-collar,married,primary,no,no,,20.0,jun,Evening,2.0,2.0,0.0,,no,15477.0,96.40526554536275,2.645408703658426,no
134942.0,57.0,retired,divorced,tertiary,no,yes,call,5.0,aug,morning,1.0,1.0,0.0,,no,241.0,90.22333012891455,5.734305980067723,no
145307.0,33.0,services,married,secondary,yes,yes,call,3.0,feb,Night,8.0,8.0,0.0,,no,,110.15539874734341,4.170030262261574,no
141352.0,44.0,admin.,married,secondary,no,no,call,19.0,nov,Afternoon,3.0,3.0,0.0,,no,1206.0,84.56994426958012,6.159622574770326,no
132139.0,46.0,management,divorced,tertiary,yes,no,call,23.0,jul,Afternoon,1.0,1.0,0.0,,no,2166.0,106.89688709809688,4.24098850346934,yes
142852.0,34.0,services,married,secondary,yes,no,call,21.0,nov,Night,1.0,1.0,0.0,,no,0.0,105.30922381572145,3.709234892957157,no
147569.0,26.0,self-employed,single,secondary,no,no,call,7.0,apr,morning,1.0,1.0,0.0,,no,3676.0,106.10122491572243,5.089809090334295,yes
129844.0,50.0,blue-collar,married,primary,no,yes,SMS,10.0,jul,eve,3.0,3.0,0.0,,no,888.0,91.35467803061829,4.7346263656698815,no
142040.0,32.0,blue-collar,single,primary,no,No,call,20.0,nov,Night ,3.0,3.0,0.0,,no,,90.11953489744991,5.007516025391706,no
122744.0,26.0,blue-collar,married,primary,yes,No,,28.0,may,Morning,2.0,2.0,0.0,,no,3529.0,91.01949368469137,8.364955257745159,no
116628.0,40.0,blue-collar,married,primary,yes,no,,6.0,may,Night,2.0,2.0,0.0,,no,-7.0,97.06869135568515,5.5569701812214625,no
116649.0,55.0,housemaid,divorced,tertiary,yes,no,,6.0,may,Night ,3.0,3.0,0.0,,no,6920.0,97.66246147638522,5.695918179848331,no
119024.0,44.0,blue-collar,married,primary,yes,no,,14.0,may,morning,2.0,2.0,0.0,,no,112.0,115.58875927750776,4.500789898765547,no
157620.0,24.0,blue-collar,single,secondary,yes,no,call,8.0,oct,Afternoon,1.0,1.0,5.0,other,no,1857.0,84.62046417765423,2.1016635130816055,yes
159176.0,72.0,retired,married,secondary,no,yes,call,12.0,mar,eve,3.0,3.0,1.0,failure,no,951.0,109.82745338939003,4.460958287325212,yes
123847.0,37.0,admin.,divorced,secondary,yes,no,,30.0,may,morning,5.0,5.0,0.0,,no,0.0,98.70416164174098,3.468973136181785,no
139888.0,32.0,technician,single,secondary,no,no,call,29.0,aug,Evening,4.0,4.0,0.0,,no,224.0,103.67815166958746,4.812005534291685,no
149452.0,22.0,technician,single,secondary,yes,no,call,20.0,apr,Afternoon,2.0,2.0,0.0,,no,,102.30700291357961,3.5136156188321657,no
133748.0,25.0,technician,single,secondary,yes,No,call,30.0,jul,Night ,29.0,29.0,0.0,,no,35.0,107.09118929204993,6.397588649577526,no
119057.0,43.0,technician,divorced,tertiary,no,no,,14.0,may,morning,2.0,2.0,0.0,,no,123.0,102.51017284108383,4.428924711680825,no
134214.0,57.0,management,married,tertiary,no,No,call,31.0,jul,Evening,2.0,2.0,0.0,,no,179.0,94.82112532555423,3.4554388617846663,no
130802.0,29.0,services,married,secondary,yes,no,call,16.0,jul,Evening,2.0,2.0,0.0,,no,249.0,82.02960220962433,3.9584410037658238,no
116918.0,40.0,technician,married,primary,yes,No,,7.0,may,Night ,1.0,1.0,0.0,,no,164.0,88.86694668428508,5.9630568195834055,no
131252.0,29.0,technician,single,secondary,yes,no,call,18.0,jul,eve,1.0,1.0,0.0,,yes,28.0,80.78970516399673,5.363202085426187,no
123732.0,25.0,blue-collar,single,secondary,yes,no,,30.0,may,Night,5.0,5.0,0.0,,no,352.0,110.12798600804034,7.782854600056209,no
127295.0,49.0,technician,married,secondary,no,no,,19.0,jun,eve,1.0,1.0,0.0,,no,148.0,94.98415491893094,6.854280994385807,no
135121.0,51.0,blue-collar,married,secondary,yes,no,call,6.0,aug,Afternoon,3.0,3.0,0.0,,no,187.0,96.79037172083585,5.35602561220535,no
133894.0,36.0,unemployed,divorced,secondary,yes,no,call,30.0,jul,Morning,2.0,2.0,0.0,,no,2178.0,104.97455676118561,4.096165170255543,no
146061.0,51.0,technician,divorced,primary,no,yes,call,5.0,feb,Morning,6.0,6.0,0.0,,no,300.0,88.26718173220347,6.330880983468927,no
124904.0,58.0,blue-collar,married,secondary,no,yes,,5.0,jun,Evening,1.0,1.0,0.0,,no,590.0,,5.512246983910111,no
157917.0,68.0,retired,married,primary,no,no,call,28.0,oct,Morning,1.0,1.0,0.0,,no,7945.0,87.859874173475,4.326454270295603,no
143099.0,32.0,technician,married,,no,yes,call,21.0,nov,Night ,1.0,1.0,0.0,,no,0.0,106.26709205672677,2.998960411145612,no
118537.0,32.0,blue-collar,single,secondary,yes,no,,13.0,may,eve,3.0,3.0,0.0,,no,338.0,102.94715557060162,4.525883435295392,no
158267.0,53.0,technician,married,secondary,yes,yes,call,27.0,nov,Afternoon,1.0,1.0,0.0,,no,1982.0,114.39755173539238,3.584022086290733,yes
153423.0,47.0,services,single,secondary,yes,no,email,13.0,may,Night,4.0,4.0,2.0,failure,no,897.0,104.06421548390222,5.739814520006741,no
126888.0,47.0,admin.,married,secondary,no,no,,17.0,jun,Afternoon,3.0,3.0,0.0,,no,726.0,101.5623172651096,3.5679858068335015,no
156710.0,31.0,services,single,tertiary,no,No,call,11.0,aug,Evening,1.0,1.0,2.0,failure,no,620.0,101.22536476641366,8.20921947687431,no
148442.0,33.0,admin.,married,secondary,yes,no,call,17.0,apr,Night,1.0,1.0,1.0,failure,no,7.0,87.01934617942285,3.8895151912201102,no
143234.0,33.0,services,married,secondary,yes,no,call,21.0,nov,Morning,2.0,2.0,0.0,,no,4402.0,117.00986204270444,4.351892732316103,no
160944.0,49.0,blue-collar,married,secondary,no,no,call,19.0,oct,Night,1.0,1.0,1.0,success,no,1946.0,92.84177032924173,6.180790735035526,yes
122370.0,28.0,admin.,single,secondary,yes,yes,,27.0,may,Night ,2.0,2.0,0.0,,no,428.0,102.88093228215045,6.505735920083142,no
121405.0,34.0,admin.,married,secondary,yes,no,,23.0,may,morning,14.0,14.0,0.0,,no,1049.0,102.95621664628418,4.438181932382739,no
154456.0,33.0,management,married,tertiary,yes,No,call,15.0,may,Night,3.0,3.0,1.0,failure,no,2044.0,100.59969579719781,4.949895863488151,no
125279.0,48.0,blue-collar,divorced,primary,no,no,,6.0,jun,Morning,2.0,2.0,0.0,,no,0.0,107.8519005691386,4.203676633907249,no
142997.0,57.0,management,married,tertiary,no,no,call,21.0,nov,Evening,3.0,3.0,0.0,,no,372.0,98.76857625880794,4.579084892976698,yes
136088.0,43.0,technician,divorced,secondary,no,no,call,11.0,aug,Evening,2.0,2.0,0.0,,no,159.0,92.69121493468188,7.2402703597224285,no
159724.0,83.0,retired,divorced,primary,no,no,SMS,31.0,may,Night,1.0,1.0,3.0,success,no,0.0,97.61819002901319,6.43030991884249,no
156177.0,35.0,services,single,secondary,yes,no,call,15.0,jun,eve,1.0,1.0,3.0,other,no,1701.0,116.86601612590178,4.661502403114016,no
117059.0,30.0,admin.,divorced,secondary,yes,no,,8.0,may,morning,5.0,5.0,0.0,,no,1.0,113.69333330759565,4.646975764874556,no
150605.0,56.0,management,married,tertiary,yes,no,email,5.0,may,Afternoon,2.0,2.0,0.0,,no,0.0,92.48090816375543,2.9170031336073503,no
139640.0,34.0,management,single,tertiary,yes,yes,call,28.0,aug,Morning,7.0,7.0,0.0,,no,-64.0,93.33911308137118,4.908611873297033,no
118553.0,26.0,blue-collar,single,secondary,yes,no,,13.0,may,Night ,4.0,4.0,0.0,,no,-214.0,98.06174034688627,2.60401103182971,no
138756.0,30.0,technician,single,secondary,no,yes,call,25.0,aug,Evening,5.0,5.0,0.0,,no,276.0,74.96628333572087,7.247226316050642,no
121869.0,26.0,admin.,married,tertiary,yes,no,,26.0,may,morning,2.0,2.0,0.0,,no,685.0,90.19393388115532,6.113667866648431,no
133608.0,48.0,services,married,secondary,yes,no,call,29.0,jul,Evening,2.0,2.0,0.0,,no,3726.0,92.74926054112144,7.4698777030065635,no
157894.0,,management,married,secondary,no,no,call,27.0,oct,Night,1.0,1.0,8.0,other,no,0.0,101.47064594690814,4.467482317292033,yes
145567.0,33.0,unemployed,single,tertiary,yes,no,call,3.0,feb,Afternoon,3.0,3.0,0.0,,no,14889.0,102.37517764927776,5.274765905381566,no
140878.0,50.0,technician,married,secondary,yes,yes,call,18.0,nov,Night,1.0,1.0,2.0,failure,no,-353.0,79.13775299261269,5.2150804728501985,no
149416.0,37.0,technician,divorced,secondary,yes,no,call,20.0,apr,Night ,2.0,2.0,0.0,,no,630.0,77.48975620720418,6.209756643939873,no
128914.0,50.0,technician,married,tertiary,no,yes,call,7.0,jul,Night,1.0,1.0,0.0,,no,92.0,102.26412154014882,3.3800536821099185,no
160203.0,46.0,technician,married,,no,no,call,28.0,jul,Evening,2.0,2.0,0.0,,no,3308.0,99.46246605598623,5.8488481025245065,yes
118968.0,47.0,management,divorced,tertiary,yes,no,,14.0,may,Night ,1.0,1.0,0.0,,no,4556.0,100.99265569448012,5.7259851706509615,no
139909.0,37.0,admin.,married,secondary,no,No,call,29.0,aug,Evening,10.0,10.0,0.0,,no,373.0,93.0266721711399,5.845117827071367,no
145478.0,29.0,technician,,secondary,no,no,call,3.0,feb,Morning,3.0,3.0,0.0,,no,18.0,105.5765306256402,7.183618632273224,no
142152.0,42.0,management,single,tertiary,no,no,call,20.0,nov,Evening,6.0,6.0,0.0,,no,7104.0,114.45704837553777,3.556390158852608,no
145974.0,56.0,admin.,married,,yes,no,call,4.0,feb,morning,2.0,2.0,1.0,failure,no,1848.0,98.04835877716742,4.368464681345183,no
157233.0,32.0,technician,married,secondary,no,no,call,,aug,Night,3.0,3.0,0.0,,no,1026.0,111.12169901111866,8.363692823445534,no
157530.0,61.0,management,married,tertiary,,no,call,28.0,sep,Afternoon,2.0,2.0,0.0,,no,3371.0,110.6288781549122,5.2326532386082185,yes
143216.0,30.0,self-employed,married,secondary,yes,no,call,21.0,nov,Night ,3.0,3.0,0.0,,no,581.0,111.88799197488538,2.868710923091639,no
143586.0,35.0,self-employed,married,secondary,no,no,call,21.0,nov,Morning,3.0,3.0,0.0,,no,8883.0,113.15971113549084,3.586123803822024,no
152780.0,56.0,admin.,married,secondary,yes,no,call,12.0,may,Night,2.0,2.0,0.0,,no,550.0,86.15707321262843,4.4863055963641,no
135727.0,35.0,management,single,tertiary,yes,no,call,8.0,aug,Night,4.0,4.0,0.0,,no,181.0,104.41646075913705,4.455523956624788,no
155526.0,34.0,technician,single,secondary,yes,no,call,26.0,may,morning,1.0,1.0,0.0,,no,2178.0,97.60316377416942,4.176241964401301,no
122902.0,45.0,admin.,married,secondary,yes,yes,,28.0,may,Night,7.0,7.0,0.0,,no,935.0,89.48723342771427,5.104301157433872,no
155861.0,41.0,blue-collar,married,secondary,yes,no,call,3.0,jun,Night,1.0,1.0,2.0,failure,no,140.0,104.92227554646085,6.43900610909073,no
136703.0,50.0,self-employed,married,secondary,no,no,call,13.0,aug,morning,2.0,2.0,0.0,,no,10052.0,106.07865199287146,5.97823797771628,yes
121045.0,35.0,blue-collar,single,primary,yes,no,,21.0,may,eve,2.0,2.0,0.0,,no,49.0,81.57015039155496,6.911613501380236,no
144981.0,40.0,blue-collar,married,secondary,yes,yes,call,2.0,feb,Afternoon,1.0,1.0,3.0,other,no,746.0,112.17764819836505,3.6301437008614523,no
130592.0,28.0,admin.,married,secondary,yes,no,call,15.0,jul,eve,2.0,2.0,0.0,,no,317.0,105.21760942056096,4.507126481674143,no
131121.0,34.0,management,married,tertiary,no,yes,email,17.0,jul,Evening,3.0,3.0,0.0,,no,118.0,99.04175547601741,6.112093596849805,no
135625.0,55.0,technician,married,tertiary,yes,no,call,7.0,aug,eve,4.0,4.0,0.0,,no,1097.0,103.05803664735923,4.494853594871047,no
133851.0,45.0,unemployed,married,tertiary,yes,no,call,30.0,jul,eve,2.0,2.0,0.0,,no,579.0,87.10389829142815,3.4101360435710797,no
118105.0,28.0,services,single,secondary,yes,no,,12.0,may,Afternoon,2.0,2.0,0.0,,no,-260.0,94.99598736793666,4.361048704898603,no
153573.0,35.0,services,married,secondary,yes,no,call,14.0,may,Night,1.0,1.0,0.0,,no,341.0,96.13773288874324,3.2205674300253144,yes
145736.0,57.0,admin.,married,secondary,no,no,SMS,4.0,feb,Afternoon,1.0,1.0,0.0,,no,4391.0,92.62606720479633,5.764974741621677,yes
121332.0,39.0,self-employed,divorced,secondary,yes,no,,,may,Night ,2.0,2.0,0.0,,no,0.0,92.34846181552355,6.413273893955148,no
159125.0,33.0,management,divorced,tertiary,no,no,call,8.0,mar,eve,2.0,2.0,1.0,success,no,2240.0,93.39552793029338,4.580897990220366,yes
153972.0,42.0,services,married,secondary,yes,no,SMS,14.0,may,Evening,5.0,5.0,1.0,other,no,154.0,85.29080201151419,3.1611434736985977,no
118676.0,48.0,management,married,primary,yes,yes,,14.0,may,Night,1.0,1.0,0.0,,no,247.0,109.19171488750331,5.9457689217069225,no
116644.0,36.0,management,married,tertiary,yes,no,,6.0,may,eve,2.0,2.0,0.0,,no,144.0,104.10279719577653,2.593580166310402,no
122067.0,27.0,admin.,single,secondary,yes,no,,27.0,may,Morning,1.0,1.0,0.0,,no,0.0,105.07174377728255,4.9231087478678,no
140418.0,53.0,services,divorced,primary,no,no,call,17.0,nov,Evening,3.0,3.0,0.0,,no,200.0,100.4622840197286,5.659723978385525,no
123491.0,46.0,services,,secondary,yes,yes,,30.0,may,Morning,1.0,1.0,0.0,,no,1227.0,109.46922083528392,3.35515861904701,no
131562.0,37.0,admin.,married,tertiary,yes,No,call,21.0,jul,morning,1.0,1.0,0.0,,no,0.0,119.05092666735908,3.2520613589327336,no
121828.0,32.0,technician,married,secondary,yes,No,,26.0,may,morning,2.0,2.0,0.0,,no,-91.0,105.08423741568295,5.099508446095211,no
158178.0,33.0,management,married,tertiary,yes,no,call,13.0,nov,Afternoon,2.0,2.0,2.0,success,,271.0,99.97100693819199,6.453601282045012,yes
145121.0,38.0,management,married,tertiary,yes,no,call,2.0,feb,morning,1.0,1.0,0.0,,no,1308.0,96.91669749914713,3.9595251433389524,yes
145821.0,39.0,management,married,secondary,yes,no,call,4.0,feb,Night ,1.0,1.0,3.0,failure,no,794.0,106.55469135150723,8.49141237784404,no
124517.0,61.0,retired,married,primary,yes,yes,,3.0,jun,eve,2.0,2.0,0.0,,no,296.0,104.06232388996717,5.116441879263916,no
120427.0,32.0,blue-collar,single,secondary,yes,no,,20.0,may,morning,1.0,1.0,0.0,,no,706.0,76.88314771467756,5.117944727463284,no
154230.0,28.0,blue-collar,single,secondary,yes,yes,call,15.0,may,morning,1.0,1.0,0.0,,no,-545.0,89.6956490701748,4.452254014838659,no
157317.0,55.0,management,married,primary,no,no,call,4.0,sep,Afternoon,2.0,2.0,2.0,success,no,2587.0,106.67482621124094,6.537413876490885,yes
127037.0,48.0,management,,tertiary,no,no,,18.0,jun,Afternoon,3.0,3.0,0.0,,no,0.0,105.74040103930196,2.78055375821096,no
132560.0,39.0,admin.,divorced,secondary,no,No,call,24.0,jul,morning,1.0,1.0,0.0,,no,1086.0,106.95813997155018,3.636465618498256,no
153486.0,33.0,services,single,secondary,yes,no,call,14.0,may,eve,8.0,8.0,7.0,other,no,100.0,104.4828484410596,3.214351752389058,no
160572.0,27.0,self-employed,single,tertiary,no,no,email,3.0,sep,Night,9.0,9.0,2.0,failure,no,560.0,91.49275367027883,4.930394640518003,no
142006.0,31.0,management,married,tertiary,yes,yes,call,19.0,nov,morning,2.0,2.0,0.0,,no,35.0,79.87630246204805,3.7383125161854185,no
126639.0,36.0,technician,single,tertiary,no,no,,17.0,jun,Morning,4.0,4.0,0.0,,no,0.0,108.93685099772499,5.486439886427983,no
125900.0,35.0,unemployed,married,primary,no,no,,9.0,jun,Afternoon,3.0,3.0,0.0,,no,859.0,83.40808107298153,5.835153400056455,no
123233.0,33.0,student,single,tertiary,yes,no,,29.0,may,Morning,13.0,13.0,0.0,,no,254.0,101.73746365058282,5.999521089200394,no
125295.0,58.0,technician,divorced,secondary,yes,no,,6.0,jun,Morning,2.0,2.0,0.0,,no,797.0,112.58081998661099,4.784735501110067,no
159971.0,30.0,technician,single,tertiary,yes,no,call,5.0,jul,Evening,1.0,1.0,8.0,success,no,0.0,87.58855737499638,5.903886827453209,yes
125269.0,51.0,management,married,tertiary,no,yes,,6.0,jun,Afternoon,1.0,1.0,0.0,,no,9796.0,101.62148606299294,7.268276323248147,no
118079.0,30.0,services,single,secondary,yes,no,,12.0,,Night ,1.0,1.0,0.0,,no,290.0,89.92042870010049,3.462260720386983,no
120787.0,23.0,blue-collar,single,secondary,yes,no,,21.0,may,eve,1.0,1.0,0.0,,no,9.0,98.41444220590623,3.1583477348085776,no
147744.0,23.0,admin.,single,tertiary,no,yes,call,8.0,apr,eve,4.0,4.0,0.0,,no,314.0,99.31963887655277,5.09177821256736,yes
147218.0,33.0,technician,single,tertiary,no,no,call,12.0,mar,Morning,4.0,4.0,0.0,,no,258.0,92.87368846960223,5.9710388410367194,yes
135758.0,39.0,self-employed,divorced,tertiary,no,no,call,8.0,aug,Evening,2.0,2.0,0.0,,no,0.0,106.37900495390737,4.839830951435851,no
160931.0,22.0,management,single,tertiary,no,yes,call,18.0,oct,Afternoon,1.0,1.0,3.0,success,no,104.0,93.2825715166817,7.2655155508763976,yes
128827.0,38.0,management,married,tertiary,yes,no,call,7.0,jul,Evening,3.0,3.0,0.0,,no,76.0,87.6646099106415,7.348280054207175,no
159754.0,37.0,admin.,divorced,tertiary,no,no,call,2.0,jun,Night ,1.0,1.0,2.0,success,no,4708.0,94.63298806950424,5.545873576663528,yes
160273.0,38.0,technician,single,tertiary,no,No,SMS,2.0,aug,Evening,2.0,2.0,6.0,other,no,1727.0,95.11588792657089,4.685310365336115,no
118193.0,40.0,blue-collar,married,secondary,yes,no,,12.0,may,eve,3.0,3.0,0.0,,no,3122.0,101.68104113053138,7.36747644337835,no
119606.0,26.0,blue-collar,married,secondary,yes,no,,16.0,may,Morning,3.0,3.0,0.0,,no,246.0,94.27091746253602,7.520470935536158,yes
120235.0,39.0,management,married,tertiary,yes,no,,19.0,may,Afternoon,8.0,8.0,0.0,,no,198.0,84.64479609531048,3.413205842822974,no
137571.0,36.0,admin.,divorced,secondary,no,No,call,19.0,aug,Evening,2.0,2.0,0.0,,no,11.0,100.95892705304004,4.753411548551972,no
122562.0,30.0,technician,single,tertiary,yes,no,,28.0,may,Evening,1.0,1.0,0.0,,no,0.0,104.4604025123892,5.966665788345065,no
143936.0,44.0,technician,married,secondary,no,no,call,28.0,jan,eve,2.0,2.0,3.0,failure,no,-199.0,94.55886646087895,6.2988105986770435,no
129989.0,32.0,entrepreneur,married,secondary,yes,no,call,11.0,jul,eve,2.0,2.0,0.0,,no,0.0,110.41466903435266,5.592917324496099,no
129754.0,35.0,blue-collar,married,primary,yes,no,call,10.0,jul,Afternoon,1.0,1.0,0.0,,no,0.0,98.56982811221108,3.987258007279234,no
160962.0,49.0,technician,married,secondary,no,no,call,21.0,oct,Afternoon,3.0,3.0,0.0,,no,2400.0,95.35534701205206,3.625212348186241,no
156435.0,46.0,blue-collar,married,secondary,yes,no,SMS,8.0,jul,Night,1.0,1.0,0.0,,no,922.0,97.33580301020578,5.353319935334267,yes
144602.0,36.0,technician,single,secondary,no,no,call,30.0,jan,Night,1.0,1.0,0.0,,no,98.0,104.23464286762855,3.8467859043491277,yes
157236.0,55.0,admin.,divorced,secondary,no,no,call,28.0,aug,Evening,2.0,2.0,8.0,failure,no,1872.0,98.96914475381855,5.804303533815151,yes
131221.0,52.0,technician,married,secondary,no,yes,call,18.0,jul,Morning,1.0,1.0,0.0,,no,383.0,116.14034217350974,2.4951122176068665,no
160845.0,38.0,admin.,married,secondary,no,no,call,8.0,oct,Night,1.0,1.0,12.0,other,no,5270.0,90.76896523620825,4.109247544193041,no
151747.0,50.0,entrepreneur,married,primary,yes,no,call,8.0,may,Night ,1.0,1.0,2.0,other,no,300.0,91.1788477869672,6.3970535907619,no
155700.0,,management,married,tertiary,no,yes,call,1.0,jun,eve,1.0,1.0,0.0,,no,85.0,,8.011530686491891,no
148155.0,39.0,services,divorced,secondary,yes,yes,call,16.0,apr,Morning,1.0,1.0,1.0,failure,,1957.0,75.02687712165653,1.721249068858942,no
121146.0,37.0,blue-collar,married,secondary,yes,yes,,23.0,may,eve,1.0,1.0,0.0,,no,453.0,94.56071064895616,2.950489997867869,no
151832.0,31.0,services,married,secondary,yes,no,call,8.0,may,morning,2.0,2.0,0.0,,no,0.0,84.83212707117387,4.1674528830329365,no
126322.0,37.0,technician,single,secondary,no,no,,12.0,jun,Night,2.0,2.0,0.0,,no,18.0,89.68220344208797,6.981660475164832,no
158346.0,30.0,management,married,tertiary,no,no,call,9.0,dec,Morning,1.0,1.0,0.0,,no,1077.0,91.3704248027774,4.669706710581885,no
139814.0,49.0,blue-collar,married,secondary,no,no,call,29.0,aug,morning,2.0,2.0,0.0,,no,102.0,,4.682514061970155,no
148458.0,52.0,blue-collar,married,secondary,yes,no,email,17.0,apr,Night,1.0,1.0,1.0,failure,no,568.0,91.77814748017369,4.267963007747298,no
156590.0,32.0,services,single,secondary,no,No,call,7.0,aug,Afternoon,1.0,1.0,0.0,,,6983.0,,4.925407668781754,yes
122912.0,50.0,blue-collar,married,secondary,yes,no,,28.0,may,eve,2.0,2.0,0.0,,no,-160.0,106.25701604070001,3.1189222145043303,no
133780.0,59.0,retired,single,secondary,no,yes,SMS,30.0,jul,Evening,2.0,2.0,0.0,,no,2303.0,96.89484681921044,5.444814553861815,no
151484.0,22.0,student,single,secondary,yes,no,call,7.0,may,Afternoon,3.0,3.0,0.0,,no,252.0,96.72369356277447,3.847092901470769,no
144589.0,38.0,management,single,tertiary,yes,no,call,30.0,jan,Night ,2.0,2.0,0.0,,no,1495.0,108.7883276542799,6.933129436651071,no
159402.0,31.0,admin.,divorced,secondary,no,no,call,20.0,apr,eve,4.0,4.0,2.0,other,no,2980.0,88.14115786473775,4.12776920162301,no
143103.0,37.0,management,married,tertiary,yes,no,call,21.0,nov,morning,1.0,1.0,0.0,,no,0.0,98.7291510745672,4.115978241175661,no
140240.0,51.0,services,divorced,secondary,yes,No,email,17.0,nov,Morning,1.0,1.0,0.0,,no,518.0,80.50395734280295,4.903758986500675,no
157097.0,34.0,technician,married,tertiary,no,No,call,20.0,aug,Night ,3.0,3.0,0.0,,no,197.0,97.61145114358884,5.276557720752186,yes
128988.0,25.0,services,single,secondary,no,no,call,8.0,jul,Morning,1.0,1.0,0.0,,no,2.0,95.25750628493624,5.110174325099393,no
144879.0,52.0,technician,married,secondary,no,yes,call,2.0,feb,Evening,1.0,1.0,3.0,failure,no,279.0,102.89753337008449,6.259828629487097,no
138164.0,37.0,management,married,secondary,no,no,call,21.0,,Night,13.0,13.0,0.0,,no,38.0,103.22435256426787,6.087213528330657,no
150571.0,51.0,blue-collar,married,primary,yes,yes,call,5.0,may,morning,7.0,7.0,3.0,failure,no,565.0,,7.43032440971203,no
149839.0,46.0,blue-collar,married,secondary,no,no,call,30.0,apr,eve,1.0,1.0,0.0,,no,1603.0,94.97049296031963,5.053342102019294,no
125949.0,36.0,blue-collar,married,primary,yes,no,,11.0,jun,Night ,3.0,3.0,0.0,,no,,92.2953918340745,3.5059345563762587,no
142982.0,59.0,retired,married,tertiary,no,no,call,21.0,nov,Afternoon,1.0,1.0,0.0,,no,41242.0,87.77501743292208,4.087817893895218,no
135508.0,30.0,technician,single,secondary,no,no,call,7.0,aug,Night ,4.0,4.0,0.0,,yes,1.0,103.06730728436135,6.2321237335667705,no
132398.0,47.0,blue-collar,married,secondary,yes,yes,email,23.0,jul,eve,2.0,2.0,0.0,,no,13.0,92.24183512094875,6.402063865730576,no
134508.0,34.0,management,married,tertiary,yes,no,call,31.0,jul,Afternoon,39.0,39.0,0.0,,no,4.0,91.44554069160202,1.4334919840723064,no
157062.0,42.0,management,married,tertiary,no,no,call,19.0,aug,Night,1.0,1.0,0.0,,no,976.0,90.84564417104042,4.57255181505347,yes
141061.0,52.0,entrepreneur,married,tertiary,no,no,call,18.0,nov,Night ,1.0,1.0,0.0,,yes,-2.0,91.93964938004619,2.9392119019945886,no
151456.0,27.0,housemaid,single,tertiary,yes,No,call,7.0,may,Afternoon,4.0,4.0,1.0,other,no,979.0,102.93832772585584,6.14096068656237,no
134176.0,42.0,self-employed,married,tertiary,yes,no,SMS,31.0,jul,Morning,19.0,19.0,0.0,,no,0.0,90.8107566411159,4.31492246153141,no
160176.0,27.0,technician,single,secondary,no,no,,26.0,jul,morning,1.0,1.0,0.0,,no,-69.0,90.96227441898647,6.806686191381695,no
141493.0,35.0,entrepreneur,married,secondary,yes,no,call,19.0,nov,Night ,1.0,1.0,0.0,,no,6851.0,106.26623668557748,5.1477990772958435,no
120437.0,26.0,student,single,secondary,yes,no,,20.0,may,Night,2.0,2.0,0.0,,no,268.0,104.6249468365321,3.5410107052838593,no
139397.0,34.0,management,married,tertiary,no,No,call,28.0,aug,morning,10.0,10.0,0.0,,no,3486.0,101.56603771716048,5.132026957338338,no
136427.0,30.0,management,single,tertiary,no,no,call,12.0,aug,Evening,4.0,4.0,0.0,,no,1466.0,98.09247013116801,2.9692315121845234,no
122652.0,53.0,services,divorced,secondary,yes,no,,28.0,may,Night ,1.0,1.0,0.0,,no,-905.0,110.90732711172967,4.219607586839528,no
120352.0,39.0,self-employed,married,tertiary,yes,yes,,20.0,may,Night,1.0,1.0,0.0,,no,3059.0,114.67037980837905,7.189287285146559,no
158888.0,75.0,blue-collar,married,secondary,no,no,call,11.0,feb,Night ,2.0,2.0,1.0,failure,no,6053.0,105.56919108346736,4.463462748372226,no
133910.0,45.0,management,married,primary,yes,no,call,30.0,jul,Morning,4.0,4.0,0.0,,no,321.0,102.33239289246309,5.3813123885404535,no
129117.0,30.0,admin.,divorced,secondary,no,no,call,8.0,jul,Morning,3.0,3.0,0.0,,no,4.0,98.15179037273853,3.7739243134332336,no
136069.0,32.0,management,single,tertiary,yes,no,call,11.0,aug,Night,2.0,2.0,0.0,,no,11797.0,102.08761157321055,5.769244279945492,no
146723.0,41.0,admin.,single,tertiary,yes,no,call,9.0,feb,eve,9.0,9.0,0.0,,no,873.0,94.20666561729601,7.958024661585647,no
117931.0,34.0,technician,married,secondary,yes,no,,12.0,may,Night,6.0,6.0,0.0,,no,222.0,116.15461101643437,3.0359696152538405,no
158879.0,27.0,student,single,tertiary,no,no,call,11.0,feb,Night ,1.0,1.0,4.0,success,no,5291.0,99.60669785068899,5.196560297897786,yes
137437.0,42.0,management,married,tertiary,no,no,call,19.0,aug,Morning,4.0,4.0,0.0,,no,2137.0,107.35039461736216,4.83182095331658,no
118809.0,53.0,blue-collar,married,primary,yes,no,,14.0,may,morning,1.0,1.0,0.0,,no,600.0,104.67030458693627,6.849707268566674,no
152212.0,37.0,services,married,secondary,yes,yes,call,11.0,may,morning,2.0,2.0,0.0,,no,812.0,98.90019545893082,4.619208438031538,no
120449.0,59.0,blue-collar,married,primary,yes,yes,,20.0,,Night ,1.0,1.0,0.0,,no,14.0,85.58705418879453,5.629502890239705,no
120757.0,34.0,self-employed,single,tertiary,yes,no,,21.0,may,morning,2.0,2.0,0.0,,no,1129.0,95.96957109038792,6.714625066737437,no
151999.0,39.0,management,married,tertiary,yes,no,call,11.0,may,Afternoon,1.0,1.0,0.0,,no,0.0,117.12054780776458,5.24178028982926,no
158308.0,69.0,retired,divorced,secondary,no,no,call,4.0,dec,Night,2.0,2.0,0.0,,no,344.0,92.08964037478947,4.532549299731508,no
135070.0,46.0,technician,married,secondary,no,no,call,5.0,aug,Night,2.0,2.0,0.0,,,940.0,105.09483029494164,5.967915411425794,yes
129922.0,38.0,blue-collar,married,secondary,yes,yes,call,11.0,jul,Evening,2.0,2.0,0.0,,no,50.0,102.17656388758806,4.860799976616503,no
155202.0,28.0,self-employed,married,secondary,yes,yes,call,18.0,may,Afternoon,2.0,2.0,0.0,,no,-522.0,97.63712476182168,2.9585135192532985,yes
129224.0,27.0,services,single,secondary,no,no,call,8.0,jul,Night ,2.0,2.0,0.0,,no,-151.0,106.67632914897976,4.884529850194053,no
152299.0,34.0,technician,single,secondary,no,no,email,11.0,may,eve,4.0,4.0,0.0,,no,174.0,87.55146776790232,6.4395821714682,no
154340.0,34.0,services,single,secondary,yes,yes,call,15.0,may,Evening,1.0,1.0,0.0,,no,4062.0,88.05478854187376,2.585283888592836,no
116868.0,60.0,retired,married,secondary,yes,yes,,7.0,may,Evening,2.0,2.0,0.0,,no,42.0,90.90347370049662,7.011185978283411,no
146386.0,31.0,blue-collar,married,secondary,yes,no,call,5.0,feb,Night ,2.0,2.0,0.0,,no,823.0,91.6708625975163,5.595473952089913,no
155206.0,47.0,admin.,married,secondary,yes,yes,call,18.0,may,Morning,4.0,4.0,4.0,failure,no,-121.0,112.11124371938763,6.81351015166684,no
139502.0,47.0,admin.,divorced,secondary,no,no,call,28.0,aug,morning,4.0,4.0,0.0,,no,225.0,112.6423385109229,4.807751669089511,yes
144387.0,52.0,blue-collar,married,secondary,no,no,call,29.0,jan,Morning,2.0,2.0,0.0,,no,408.0,94.96057705416767,4.185056605877867,no
141972.0,45.0,unemployed,married,tertiary,no,no,call,19.0,nov,morning,2.0,2.0,0.0,,no,1148.0,103.24816195162381,3.6028840232835604,no
119682.0,30.0,technician,single,secondary,yes,no,,16.0,,Afternoon,1.0,1.0,0.0,,no,677.0,98.1846889891619,7.8434064567169415,no
155751.0,44.0,management,married,tertiary,no,No,call,2.0,jun,Morning,1.0,1.0,0.0,,no,1954.0,109.7973241722497,5.715880775274871,yes
123633.0,44.0,technician,married,secondary,no,no,,30.0,may,Afternoon,2.0,2.0,0.0,,no,858.0,109.16678202799636,5.748684513494234,no
142881.0,37.0,management,married,secondary,yes,no,call,21.0,nov,Evening,3.0,3.0,0.0,,no,-499.0,82.32322907380598,4.2255819886046915,no
135649.0,41.0,technician,married,tertiary,no,no,call,8.0,aug,Night,3.0,3.0,0.0,,no,1517.0,97.42820500684972,4.344868292577713,yes
126162.0,47.0,management,married,,no,no,,12.0,jun,Evening,3.0,3.0,0.0,,no,0.0,102.59771427618016,1.7029696332295,no
152813.0,38.0,blue-collar,married,secondary,yes,no,call,12.0,may,morning,3.0,3.0,0.0,,no,1556.0,100.3408365599,4.787731355670607,no
122610.0,,services,married,secondary,yes,no,,28.0,may,eve,1.0,1.0,0.0,,no,308.0,108.0011708016181,3.5387882405022992,no
146226.0,50.0,blue-collar,married,secondary,no,yes,call,5.0,feb,eve,8.0,8.0,0.0,,yes,-812.0,83.4461119991536,1.8828394310196312,no
133223.0,38.0,management,single,tertiary,yes,no,call,28.0,jul,Morning,2.0,2.0,0.0,,no,-476.0,103.50893022860716,4.926607965196946,no
120959.0,35.0,blue-collar,married,primary,yes,no,,21.0,may,Afternoon,3.0,3.0,0.0,,no,3468.0,114.13467176574278,2.8364232018745694,no
152157.0,52.0,blue-collar,single,secondary,yes,no,call,11.0,may,Night ,1.0,1.0,3.0,other,no,201.0,117.85482440906864,6.22396002003577,no
156621.0,57.0,entrepreneur,married,secondary,no,no,call,7.0,aug,eve,1.0,1.0,0.0,,no,905.0,86.81950688347732,5.733411075251734,no
145248.0,35.0,management,single,,no,yes,call,2.0,feb,Morning,4.0,4.0,0.0,,no,342.0,89.1958470975918,6.387448897726426,no
134001.0,31.0,entrepreneur,married,secondary,yes,no,call,30.0,jul,eve,3.0,3.0,0.0,,no,1302.0,96.09250434471025,6.624823814404601,no
132970.0,44.0,technician,married,secondary,yes,yes,call,25.0,jul,Night ,3.0,3.0,0.0,,no,111.0,104.75589905600847,5.463239260286409,no
116535.0,42.0,technician,single,secondary,yes,no,,6.0,may,eve,1.0,1.0,0.0,,no,0.0,91.80775018821576,6.617140625480897,no
142921.0,32.0,services,divorced,secondary,yes,no,call,21.0,nov,Morning,1.0,1.0,2.0,failure,no,5267.0,71.79321781602992,3.450439414866168,no
139249.0,44.0,technician,married,secondary,no,no,call,27.0,aug,Morning,3.0,3.0,0.0,,no,682.0,104.26327804525545,5.66360454437556,no
139446.0,30.0,management,single,tertiary,yes,no,call,28.0,aug,Afternoon,10.0,10.0,0.0,,no,20261.0,108.19476515625314,5.474297799236152,no
124074.0,34.0,blue-collar,married,secondary,yes,no,,2.0,jun,Morning,2.0,2.0,0.0,,no,8558.0,93.5720570302947,4.199687784651775,no
123146.0,39.0,blue-collar,married,secondary,no,no,,29.0,may,eve,2.0,2.0,0.0,,yes,-16.0,104.08230682444517,5.805502518714586,no
132261.0,29.0,housemaid,married,primary,no,no,call,23.0,jul,Night ,2.0,2.0,0.0,,no,417.0,98.946276766436,2.9595323201947545,no
138675.0,46.0,management,married,tertiary,no,no,call,25.0,aug,Night,4.0,4.0,0.0,,no,-3.0,83.52649798140291,4.2979931815269445,no
131660.0,28.0,unemployed,married,secondary,no,yes,call,21.0,jul,Night,1.0,1.0,0.0,,no,-353.0,95.60930786643634,2.456085508462568,no
144789.0,33.0,management,single,tertiary,yes,no,call,30.0,jan,Night,4.0,4.0,0.0,,no,1859.0,90.17535926692503,3.1155163024913284,no
143915.0,44.0,services,married,secondary,yes,no,call,28.0,jan,Morning,2.0,2.0,0.0,,no,237.0,116.43313425601245,0.5320535663493065,no
141026.0,32.0,services,divorced,secondary,yes,no,call,18.0,nov,Night,2.0,2.0,0.0,,no,453.0,98.96003412064519,3.260762178572299,no
159543.0,32.0,technician,married,secondary,no,yes,call,7.0,may,morning,3.0,3.0,0.0,,no,473.0,96.69204487578752,3.228707594026031,yes
160405.0,24.0,student,single,secondary,no,no,call,11.0,aug,morning,1.0,1.0,0.0,,no,1925.0,113.23176035085106,5.474393092223888,yes
160340.0,41.0,management,married,tertiary,no,no,call,5.0,aug,morning,1.0,1.0,0.0,,no,1092.0,85.17251311820583,5.887012295519035,yes
146089.0,50.0,admin.,divorced,secondary,no,no,call,5.0,feb,Evening,1.0,1.0,2.0,other,no,381.0,96.89175633136745,5.964115490557395,no
120852.0,41.0,management,single,tertiary,yes,no,,21.0,may,Evening,3.0,3.0,0.0,,no,1216.0,103.35852915316107,5.403485288983088,no
124057.0,24.0,blue-collar,single,primary,yes,no,,2.0,jun,Night,2.0,2.0,0.0,,no,147.0,92.48536234182292,6.730034563879048,no
160196.0,49.0,admin.,divorced,secondary,no,no,call,27.0,jul,Night,2.0,2.0,4.0,success,no,1180.0,109.55132510037464,4.3829186671412455,no
143011.0,40.0,admin.,married,primary,yes,yes,call,21.0,nov,Morning,1.0,1.0,0.0,,no,72.0,111.29502551930184,5.1363143720639,yes
119805.0,60.0,management,married,tertiary,yes,no,,16.0,may,Evening,3.0,3.0,0.0,,no,36.0,85.94582144500401,5.1430151215325015,no
160778.0,38.0,management,married,tertiary,no,no,call,24.0,sep,eve,12.0,12.0,6.0,failure,no,0.0,103.97570254090185,5.458835079957648,no
156475.0,25.0,student,single,tertiary,no,no,call,24.0,jul,Night,5.0,5.0,0.0,,no,58.0,116.99229862508994,3.532574044656581,yes
140484.0,56.0,management,married,tertiary,yes,yes,call,17.0,nov,Morning,1.0,1.0,2.0,failure,no,505.0,91.65745891107832,3.9346355896635243,no
129632.0,56.0,retired,married,secondary,no,no,call,10.0,jul,eve,1.0,1.0,0.0,,no,289.0,97.59080173052797,5.492202538341328,no
140499.0,31.0,technician,,secondary,yes,no,call,17.0,nov,Night,2.0,2.0,0.0,,no,0.0,114.8880038229489,2.49835187313006,no
160434.0,26.0,unemployed,,secondary,no,no,call,12.0,aug,Night,3.0,3.0,1.0,success,no,632.0,85.4840425976653,3.6783204247409054,yes
125824.0,43.0,services,divorced,secondary,no,no,,9.0,jun,Afternoon,1.0,1.0,0.0,,no,5571.0,104.328764890009,3.6061371785420078,no
142806.0,40.0,services,married,secondary,yes,yes,call,21.0,nov,morning,2.0,2.0,4.0,failure,no,87.0,107.20994246022875,6.42764611431558,no
117496.0,41.0,blue-collar,married,primary,yes,no,,8.0,may,Night ,5.0,5.0,0.0,,no,-97.0,85.01777515377236,2.200755989232035,no
157920.0,27.0,management,single,tertiary,no,no,call,28.0,oct,Afternoon,1.0,1.0,1.0,success,no,390.0,77.45118531229512,5.263598610543092,no
157630.0,42.0,management,married,,yes,no,call,8.0,oct,Morning,1.0,1.0,1.0,other,no,849.0,96.14943406483515,4.434765488835625,yes
158342.0,37.0,admin.,married,secondary,yes,no,call,9.0,dec,Night ,1.0,1.0,1.0,success,no,0.0,120.62228306589888,5.647412767726321,yes
138943.0,35.0,admin.,married,tertiary,no,no,call,26.0,aug,Night,2.0,2.0,0.0,,no,6.0,88.90992622340661,3.714488277903019,no
127996.0,52.0,blue-collar,married,secondary,no,no,,20.0,jun,Night ,3.0,3.0,0.0,,no,1860.0,93.98872037539746,4.8699806232974145,no
126935.0,36.0,blue-collar,married,secondary,no,no,,17.0,jun,Afternoon,2.0,2.0,0.0,,no,1409.0,111.70837030596515,4.678253767107365,no
156569.0,65.0,retired,married,tertiary,no,no,call,6.0,aug,eve,3.0,3.0,2.0,failure,no,162.0,91.15749431118792,4.18940462855529,no
135961.0,34.0,housemaid,married,primary,no,no,call,8.0,aug,morning,7.0,7.0,0.0,,no,326.0,101.59293324691612,3.6536626452985534,no
137622.0,35.0,management,single,tertiary,yes,no,call,19.0,aug,Afternoon,1.0,1.0,0.0,,no,3576.0,94.29142943588786,4.66302901460447,no
121662.0,32.0,technician,divorced,secondary,no,no,,26.0,may,Evening,1.0,1.0,0.0,,no,18.0,82.64738843368787,3.523107480976738,no
138866.0,52.0,blue-collar,married,secondary,no,yes,call,26.0,aug,eve,2.0,2.0,0.0,,no,60.0,80.86457594585852,2.2059630888402557,no
160298.0,63.0,entrepreneur,married,secondary,no,No,SMS,4.0,aug,Morning,2.0,2.0,2.0,success,no,3904.0,109.88890440674233,4.832002711558382,yes
157247.0,63.0,retired,married,secondary,no,No,call,31.0,aug,eve,1.0,1.0,0.0,,no,243.0,114.7224754021372,3.2108820021274194,no
123827.0,32.0,admin.,married,secondary,yes,yes,,30.0,may,Night,7.0,7.0,0.0,,no,-540.0,123.23976639135967,5.33787241412156,no
117675.0,48.0,blue-collar,married,secondary,yes,no,,9.0,may,eve,1.0,1.0,0.0,,no,149.0,85.20287198433432,4.563855702454278,no
125528.0,45.0,admin.,divorced,primary,yes,no,,6.0,jun,morning,2.0,2.0,0.0,,no,1807.0,99.5150897476047,7.094228519570496,no
149052.0,43.0,admin.,,secondary,yes,no,call,20.0,apr,Afternoon,2.0,2.0,3.0,failure,no,101.0,112.0128726662771,6.4834218370328935,no
158916.0,51.0,management,married,tertiary,no,no,call,12.0,,eve,1.0,1.0,5.0,success,no,346.0,99.22474736668664,3.002895955911836,yes
130163.0,59.0,retired,single,secondary,no,yes,call,14.0,jul,Afternoon,3.0,3.0,0.0,,,-341.0,95.96261077082852,4.296086674559232,no
122541.0,29.0,services,married,secondary,yes,no,,28.0,may,Night ,1.0,1.0,0.0,,no,1386.0,109.50557041314208,7.825391218921649,no
117641.0,27.0,self-employed,single,secondary,yes,no,,9.0,may,Night ,1.0,1.0,0.0,,no,78.0,93.58104656869187,5.509875092378856,no
128182.0,58.0,blue-collar,married,secondary,yes,no,,25.0,jun,Evening,1.0,1.0,0.0,,no,2592.0,85.80983337049264,5.24265720571825,no
135506.0,57.0,technician,married,tertiary,no,No,call,7.0,,Morning,2.0,2.0,0.0,,no,6822.0,104.04331358872409,3.185448478020213,yes
124395.0,59.0,management,married,tertiary,yes,no,,3.0,jun,Night ,6.0,6.0,0.0,,no,202.0,86.60463972848686,5.1783950725682715,no
139807.0,33.0,management,single,tertiary,no,No,call,29.0,aug,Night,4.0,4.0,0.0,,no,335.0,106.54129908468073,4.113971038342303,no
127935.0,29.0,management,single,tertiary,yes,yes,,20.0,jun,Night ,27.0,27.0,0.0,,no,1422.0,82.35654026777323,2.9484645840561927,no
122024.0,39.0,technician,married,secondary,yes,no,,27.0,may,Evening,11.0,11.0,0.0,,no,214.0,115.61879207952273,6.200066384874622,no
145078.0,37.0,management,married,primary,yes,No,call,2.0,feb,morning,1.0,1.0,0.0,,no,1404.0,90.47191709213045,7.315895017168545,no
156361.0,40.0,services,married,tertiary,no,No,call,3.0,,morning,4.0,4.0,3.0,failure,no,35.0,99.54088715157368,4.285121785231782,no
143728.0,31.0,management,married,tertiary,no,no,call,28.0,jan,Night,1.0,1.0,0.0,,no,804.0,96.74303248828346,3.318891163583295,no
151656.0,45.0,services,married,secondary,yes,no,call,8.0,may,eve,1.0,1.0,3.0,failure,no,972.0,99.14450650368656,4.653486496367695,no
132642.0,37.0,blue-collar,married,secondary,yes,yes,call,24.0,jul,Morning,1.0,1.0,0.0,,no,-59.0,116.41831749316987,4.876711771017002,no
119767.0,29.0,technician,single,secondary,yes,no,,16.0,may,Night ,2.0,2.0,0.0,,no,-166.0,92.11003986116008,4.545701342853093,no
147584.0,45.0,entrepreneur,single,primary,no,no,call,7.0,apr,Afternoon,1.0,1.0,0.0,,no,0.0,112.00934554973118,6.4496826016356215,no
133113.0,51.0,self-employed,married,secondary,no,yes,call,28.0,jul,Morning,3.0,3.0,0.0,,yes,-206.0,115.43543733109288,4.124914041500065,no
125586.0,48.0,entrepreneur,married,secondary,no,no,,6.0,jun,Evening,1.0,1.0,0.0,,no,4037.0,110.00569101456756,5.136606172180785,no
129719.0,56.0,retired,divorced,secondary,yes,no,call,10.0,jul,Night ,1.0,1.0,0.0,,no,-890.0,99.80770596354833,5.055224450322555,no
154245.0,28.0,services,single,secondary,yes,no,call,15.0,may,eve,1.0,1.0,0.0,,no,221.0,100.68323594302115,8.291917390274051,no
153564.0,44.0,admin.,single,secondary,yes,no,call,14.0,may,Night ,5.0,5.0,4.0,failure,no,275.0,97.63804482136167,7.120692114510184,no
128881.0,31.0,housemaid,married,primary,yes,yes,SMS,7.0,jul,Night,2.0,2.0,0.0,,no,-367.0,93.41069959373976,1.7260309552980786,no
137418.0,57.0,entrepreneur,married,secondary,no,no,call,19.0,aug,Night ,2.0,2.0,0.0,,no,1179.0,94.42945756244158,3.65515161191679,no
124406.0,36.0,blue-collar,single,secondary,yes,no,,3.0,jun,eve,3.0,3.0,0.0,,no,35.0,96.60036388910012,8.791480911597501,no
138485.0,38.0,housemaid,married,secondary,no,no,call,22.0,aug,Afternoon,4.0,4.0,0.0,,no,316.0,79.84115080242326,2.2483619505866996,no
121917.0,41.0,blue-collar,married,primary,yes,yes,,26.0,may,eve,4.0,4.0,0.0,,no,-571.0,85.72216466449709,3.2709444996314074,no
127456.0,52.0,admin.,divorced,secondary,no,yes,,19.0,jun,morning,1.0,1.0,0.0,,no,98.0,90.7393630713793,4.647102203778063,no
156670.0,26.0,student,single,tertiary,no,No,call,10.0,aug,eve,1.0,1.0,2.0,failure,no,2.0,86.55298376291402,5.99498830499206,no
130348.0,31.0,technician,married,secondary,yes,no,call,14.0,jul,morning,3.0,3.0,0.0,,no,1173.0,98.72266719333165,5.499707107141906,yes
127536.0,53.0,blue-collar,married,secondary,no,No,,20.0,jun,Evening,15.0,15.0,0.0,,no,208.0,94.17609917174073,2.875794783000189,no
138033.0,45.0,blue-collar,married,secondary,no,yes,call,21.0,aug,Afternoon,2.0,2.0,0.0,,no,430.0,112.03332082783712,3.986560244838108,no
135621.0,50.0,blue-collar,married,primary,yes,no,email,7.0,aug,Night,4.0,4.0,0.0,,no,506.0,90.01250701109737,6.286306255000262,no
144055.0,31.0,admin.,single,secondary,no,No,call,29.0,jan,Night,1.0,1.0,0.0,,no,50.0,101.93954569368546,5.529211155226101,no
139903.0,46.0,unemployed,married,secondary,,no,SMS,29.0,aug,Morning,2.0,2.0,0.0,,no,46.0,100.18375344639966,5.299692096395016,no
116809.0,28.0,blue-collar,single,secondary,yes,no,,7.0,may,morning,1.0,1.0,0.0,,no,97.0,,6.865205895333645,no
126324.0,49.0,blue-collar,married,primary,no,no,,12.0,jun,morning,2.0,2.0,0.0,,no,3049.0,99.97160701265572,5.204486831054317,no
154022.0,30.0,technician,single,secondary,yes,no,call,15.0,may,Afternoon,5.0,5.0,1.0,failure,yes,28.0,110.22050648982113,5.553698148842331,no
129039.0,42.0,admin.,married,secondary,no,yes,call,8.0,jul,Afternoon,3.0,3.0,0.0,,no,-150.0,98.19003150281097,6.889267957087176,no
145064.0,32.0,admin.,married,secondary,yes,no,call,2.0,feb,Night,1.0,1.0,1.0,other,no,56.0,89.48982367190087,4.795074328387623,no
145164.0,36.0,management,married,tertiary,no,no,call,2.0,feb,Evening,1.0,1.0,0.0,,no,630.0,103.07674735456324,8.64575488784811,yes
120915.0,25.0,blue-collar,single,secondary,yes,no,,21.0,may,morning,1.0,1.0,0.0,,no,491.0,92.10991760848138,4.428829666355576,no
151805.0,38.0,management,divorced,,yes,No,call,8.0,may,morning,6.0,6.0,0.0,,no,488.0,82.10232063492361,6.390089108088612,no
116352.0,58.0,blue-collar,divorced,secondary,no,no,,6.0,may,Evening,1.0,1.0,0.0,,no,-11.0,107.21541667685385,6.242743547453451,no
135754.0,37.0,management,married,tertiary,no,no,call,8.0,aug,Evening,2.0,2.0,0.0,,no,3288.0,100.03468230281756,3.5157559842753523,no
141646.0,58.0,blue-collar,married,primary,yes,No,call,19.0,nov,morning,1.0,1.0,1.0,failure,no,630.0,106.56500476496345,3.934185899752092,no
126620.0,33.0,self-employed,married,tertiary,no,no,,16.0,jun,morning,6.0,6.0,0.0,,no,6.0,91.28086976450076,2.5320115519569826,no
144377.0,33.0,services,single,tertiary,no,no,call,29.0,jan,morning,2.0,2.0,0.0,,no,-452.0,91.68986725864889,3.3729359155221266,yes
149602.0,71.0,retired,married,tertiary,,no,SMS,21.0,apr,morning,3.0,3.0,0.0,,no,1486.0,92.71569495690713,5.729535440608655,no
156919.0,33.0,blue-collar,married,secondary,no,No,call,13.0,aug,Night,2.0,2.0,1.0,failure,no,5164.0,93.07729285498337,5.771550947688642,no
159416.0,62.0,management,married,tertiary,,no,call,22.0,apr,Afternoon,1.0,1.0,2.0,success,no,997.0,109.44778568220926,7.347597069715251,yes
150268.0,25.0,student,married,tertiary,yes,yes,call,4.0,may,Morning,4.0,4.0,14.0,failure,no,4923.0,94.38789283770569,5.442247105095879,no
142375.0,46.0,technician,single,tertiary,no,no,call,20.0,nov,Evening,5.0,5.0,0.0,,no,628.0,121.8600890228945,4.0544182352321325,no
123229.0,45.0,blue-collar,married,secondary,yes,no,,29.0,may,Afternoon,5.0,5.0,0.0,,no,1778.0,110.86546576125544,8.613224758232827,no
136506.0,49.0,management,married,tertiary,no,no,call,12.0,aug,eve,6.0,6.0,0.0,,no,53.0,106.88675684952634,1.6803622276853503,no
160074.0,56.0,blue-collar,married,secondary,,yes,,14.0,jul,eve,1.0,1.0,0.0,,no,813.0,115.74951395462526,7.227704681949974,no
121990.0,42.0,admin.,married,secondary,yes,no,,27.0,may,Morning,2.0,2.0,0.0,,no,208.0,111.39212524252108,6.535870322108295,no
129744.0,56.0,services,divorced,secondary,no,no,call,10.0,jul,Evening,1.0,1.0,0.0,,no,140.0,69.90302754112636,3.3240078617730426,no
116111.0,39.0,management,married,tertiary,yes,yes,,5.0,may,Afternoon,2.0,2.0,0.0,,no,378.0,110.7925491888552,4.417979188531133,no
117826.0,55.0,blue-collar,married,secondary,yes,yes,,9.0,may,eve,2.0,2.0,0.0,,no,-256.0,110.05706618947634,5.324855598039924,no
160427.0,29.0,management,single,tertiary,,no,call,12.0,aug,eve,1.0,1.0,1.0,failure,no,266.0,119.55817124639391,7.083295664743165,no
148151.0,38.0,services,divorced,secondary,yes,no,call,16.0,apr,eve,1.0,1.0,1.0,failure,no,904.0,104.61012311768278,2.393520998085374,no
134204.0,37.0,management,married,,yes,no,call,31.0,jul,Morning,4.0,4.0,0.0,,yes,62.0,85.04462201405303,4.778100404599372,no
146269.0,29.0,self-employed,married,tertiary,no,no,call,5.0,feb,morning,1.0,1.0,0.0,,no,4.0,103.24460819111496,8.568138880064927,no
117491.0,33.0,services,married,secondary,yes,no,,8.0,may,Night,4.0,4.0,0.0,,no,310.0,94.33473928548676,6.259557520718921,no
160201.0,49.0,technician,married,secondary,no,no,call,27.0,jul,Night,5.0,5.0,0.0,,no,308.0,79.37103793712016,6.851622204189487,no
125204.0,42.0,self-employed,married,tertiary,no,no,,5.0,jun,morning,2.0,2.0,0.0,,no,21861.0,94.9139731009278,4.207454830671406,no
139129.0,44.0,admin.,married,tertiary,no,no,call,27.0,aug,Night ,19.0,19.0,0.0,,no,6485.0,115.18479885910972,2.9751604752172733,no
154431.0,32.0,services,divorced,secondary,yes,no,call,15.0,may,Evening,2.0,2.0,0.0,,no,-34.0,93.52662864551594,5.891687087871915,no
132518.0,47.0,housemaid,married,primary,yes,no,SMS,24.0,jul,Evening,1.0,1.0,0.0,,no,0.0,111.0060088393091,5.711635462508359,no
118027.0,45.0,admin.,married,secondary,yes,no,,12.0,may,eve,1.0,1.0,0.0,,no,171.0,130.81847247440814,5.2542950324847695,no
140593.0,56.0,management,single,tertiary,yes,yes,call,17.0,nov,Evening,3.0,3.0,4.0,failure,no,1092.0,110.99494539227605,5.659230047630675,no
129762.0,40.0,blue-collar,single,secondary,yes,no,call,10.0,jul,Afternoon,1.0,1.0,0.0,,no,3571.0,112.91520561244228,4.881593923398258,no
150053.0,33.0,technician,married,tertiary,no,no,call,30.0,apr,morning,2.0,2.0,0.0,,no,0.0,96.99776496001937,7.703053970064547,yes
116473.0,56.0,technician,divorced,secondary,yes,no,,6.0,may,eve,2.0,2.0,0.0,,no,99.0,96.29694923314075,4.632866127320959,no
160911.0,57.0,admin.,married,secondary,no,no,call,14.0,oct,Night,3.0,3.0,1.0,failure,no,,103.31557680261024,4.6813303039092675,no
159795.0,73.0,retired,married,primary,no,No,call,14.0,jun,Evening,4.0,4.0,1.0,success,,508.0,110.30189942860375,5.067774126389103,no
131388.0,42.0,management,married,tertiary,yes,no,call,18.0,jul,Evening,5.0,5.0,0.0,,no,0.0,90.73661188425461,2.445870139112845,no
154072.0,26.0,services,married,secondary,yes,no,call,15.0,may,eve,1.0,1.0,4.0,failure,no,77.0,89.18605267769793,7.2696187598278925,yes
129616.0,30.0,technician,single,secondary,yes,no,call,10.0,jul,morning,1.0,1.0,0.0,,no,10152.0,109.0946965117661,6.661315945417314,no
153177.0,40.0,services,married,secondary,yes,yes,call,13.0,may,morning,1.0,1.0,6.0,failure,no,-378.0,95.53210840045874,6.647475860365402,no
118777.0,33.0,blue-collar,single,secondary,yes,no,,14.0,may,Night,1.0,1.0,0.0,,no,164.0,103.43089953631194,4.104005342576095,no
135025.0,37.0,technician,married,secondary,no,no,call,5.0,aug,morning,1.0,1.0,0.0,,no,0.0,104.69487562361925,3.233604682849704,no
155723.0,27.0,services,single,secondary,no,no,call,1.0,jun,Night,1.0,1.0,0.0,,no,0.0,,4.208745846894597,no
135389.0,35.0,management,married,tertiary,no,no,call,7.0,aug,Afternoon,2.0,2.0,0.0,,no,260.0,105.07454877987153,5.613364445176094,no
126459.0,55.0,retired,married,tertiary,no,no,,16.0,jun,Morning,3.0,3.0,0.0,,no,2929.0,102.24075719436705,,no
132361.0,42.0,housemaid,married,secondary,yes,no,call,23.0,jul,Night,1.0,1.0,0.0,,no,279.0,99.96088593371626,3.9554393160979413,no
121234.0,34.0,blue-collar,married,secondary,yes,no,,23.0,may,Night ,1.0,1.0,0.0,,no,,120.1417963561407,7.313117972892977,yes
130907.0,52.0,entrepreneur,married,secondary,no,yes,call,17.0,jul,eve,3.0,3.0,0.0,,no,10.0,109.75246209078112,3.277373253234638,no
124279.0,43.0,blue-collar,married,primary,yes,no,,3.0,jun,morning,1.0,1.0,0.0,,no,-120.0,95.35380961212591,3.383519880419203,no
152964.0,30.0,services,single,secondary,yes,no,call,13.0,may,eve,1.0,1.0,0.0,,no,248.0,89.7319559623857,6.900001753919687,no
123955.0,36.0,technician,single,secondary,yes,no,,2.0,jun,Morning,1.0,1.0,0.0,,no,1614.0,105.47834342997726,5.66163211183411,no
118202.0,49.0,technician,divorced,secondary,yes,no,,12.0,may,Evening,6.0,6.0,0.0,,no,265.0,97.24660854189925,5.333738743032856,no
122412.0,,self-employed,single,tertiary,no,No,,27.0,,morning,7.0,7.0,0.0,,no,2593.0,89.44118032543108,,no
115895.0,47.0,blue-collar,married,,yes,no,,5.0,may,Afternoon,1.0,1.0,0.0,,no,1506.0,92.16261060534389,4.528345250264331,no
119403.0,59.0,management,single,secondary,yes,yes,,15.0,may,Morning,5.0,5.0,0.0,,no,671.0,118.6672883299884,5.446737868131145,no
125078.0,56.0,retired,married,primary,no,no,,5.0,jun,Night,2.0,2.0,0.0,,no,855.0,105.72813684694498,7.26497122638621,no
124424.0,28.0,blue-collar,married,secondary,yes,no,,3.0,jun,Morning,1.0,1.0,0.0,,no,217.0,75.27326577507043,2.8216158534581273,no
153535.0,35.0,blue-collar,married,primary,yes,no,call,14.0,may,Afternoon,6.0,6.0,0.0,,no,602.0,105.73820898013479,6.935092763681643,no
150469.0,34.0,blue-collar,married,secondary,yes,no,call,,may,Night ,9.0,9.0,0.0,,no,393.0,,5.486735537515635,no
143487.0,45.0,retired,single,secondary,no,no,call,21.0,nov,Night,5.0,5.0,0.0,,yes,86.0,108.34304373422988,2.9697195455026484,no
148019.0,48.0,blue-collar,married,secondary,,no,call,15.0,apr,Afternoon,1.0,1.0,0.0,,no,1738.0,82.92556958293476,6.370502115374043,no
116762.0,33.0,services,divorced,secondary,yes,No,,7.0,may,Night ,1.0,1.0,0.0,,no,327.0,113.47495969308572,3.645310949714177,no
140960.0,34.0,management,divorced,tertiary,yes,no,call,18.0,nov,Night ,1.0,1.0,1.0,failure,no,5754.0,,3.6783898128592973,no
149876.0,43.0,unemployed,divorced,secondary,no,no,call,,apr,Morning,1.0,1.0,0.0,,no,1854.0,96.1177367025436,2.3695551628911806,yes
134866.0,60.0,entrepreneur,married,,yes,yes,call,4.0,aug,Afternoon,8.0,8.0,0.0,,yes,-284.0,95.50773625260945,1.1470950159940312,no
132137.0,37.0,services,married,secondary,yes,No,SMS,23.0,jul,morning,1.0,1.0,0.0,,no,658.0,112.53700716730715,5.853337167463508,no
133272.0,54.0,retired,single,secondary,no,yes,call,28.0,jul,Night ,2.0,2.0,0.0,,no,129.0,107.28610819440529,3.7179471920642144,yes
152091.0,50.0,blue-collar,married,secondary,yes,no,SMS,11.0,may,Night ,1.0,1.0,0.0,,no,372.0,79.74692666508855,3.956539403816338,no
142817.0,32.0,management,single,tertiary,no,no,call,21.0,nov,Night,1.0,1.0,0.0,,no,5276.0,107.30401805645343,5.473313175477001,no
117412.0,37.0,unemployed,single,secondary,yes,no,,8.0,may,eve,2.0,2.0,0.0,,no,381.0,91.10735884210713,8.040699754222015,yes
126743.0,45.0,blue-collar,married,secondary,no,yes,,17.0,jun,Evening,1.0,1.0,0.0,,no,530.0,112.5964669507247,5.689678584898384,no
142622.0,43.0,blue-collar,married,secondary,yes,no,SMS,20.0,nov,eve,2.0,2.0,3.0,other,no,3311.0,121.25536593667043,7.716686608956623,no
124252.0,31.0,admin.,married,secondary,yes,yes,,3.0,jun,Evening,1.0,1.0,0.0,,no,7634.0,97.16076480980779,7.896783508626213,no
156770.0,41.0,management,married,tertiary,no,no,call,12.0,aug,Evening,2.0,2.0,1.0,failure,no,27696.0,109.88982619326069,3.6020334729077215,yes
134264.0,41.0,management,married,,no,no,call,31.0,jul,Morning,2.0,2.0,0.0,,no,944.0,99.53467154466918,5.933235215351902,no
159370.0,26.0,technician,single,tertiary,no,no,call,15.0,apr,Morning,1.0,1.0,0.0,,no,1066.0,102.6097075798223,4.7164581418509455,yes
132927.0,54.0,technician,married,secondary,yes,no,SMS,25.0,jul,Night,2.0,2.0,0.0,,no,1331.0,112.07283324902988,2.769319195237394,no
122607.0,28.0,blue-collar,single,secondary,yes,no,,28.0,may,Afternoon,1.0,1.0,0.0,,no,0.0,102.07665523336702,5.135050364588971,no
130061.0,40.0,entrepreneur,divorced,tertiary,yes,no,call,11.0,jul,Evening,2.0,2.0,0.0,,no,1225.0,107.27922544792891,3.1852560343036287,no
137579.0,33.0,self-employed,married,secondary,no,no,call,19.0,aug,Afternoon,2.0,2.0,0.0,,no,47.0,106.31922198623273,4.27609036842974,no
156526.0,48.0,management,married,tertiary,no,no,call,5.0,aug,Morning,1.0,1.0,2.0,success,no,1147.0,104.44966447194665,3.554286761959348,yes
136712.0,41.0,technician,married,secondary,yes,no,call,13.0,aug,morning,4.0,4.0,0.0,,no,563.0,107.10446268572151,3.814952071302742,no
126906.0,55.0,self-employed,divorced,secondary,no,no,,17.0,jun,Night ,3.0,3.0,0.0,,no,148.0,102.97662411422526,7.757552139317683,no
119457.0,40.0,blue-collar,married,primary,yes,no,,15.0,may,Morning,4.0,4.0,0.0,,no,2562.0,110.57630323548113,4.374025792917112,no
138779.0,52.0,management,married,tertiary,no,no,call,25.0,aug,Afternoon,6.0,6.0,0.0,,no,3163.0,95.20705925275713,4.6213662265112365,no
116937.0,34.0,blue-collar,married,secondary,yes,no,,7.0,may,Evening,2.0,2.0,0.0,,no,42.0,80.35638773441018,5.9018792653673495,no
136656.0,48.0,technician,divorced,secondary,yes,no,call,13.0,,Morning,5.0,5.0,0.0,,no,145.0,85.4353435506075,3.7475101426831046,no
115915.0,25.0,services,married,secondary,yes,no,,5.0,may,morning,1.0,1.0,0.0,,no,50.0,99.04262051299514,3.9344332533545145,no
141104.0,58.0,services,married,secondary,no,no,email,18.0,nov,Afternoon,3.0,3.0,0.0,,no,4428.0,82.65361901297709,,no
122821.0,30.0,entrepreneur,married,secondary,yes,no,,28.0,may,Morning,8.0,8.0,0.0,,no,2926.0,94.48218948114382,4.79888428519658,no
139317.0,47.0,blue-collar,married,tertiary,no,no,call,27.0,aug,Afternoon,7.0,7.0,0.0,,no,1707.0,112.27124683585849,5.383785050231607,no
135072.0,50.0,services,married,secondary,yes,no,call,5.0,aug,eve,2.0,2.0,0.0,,no,486.0,107.46522118408606,7.874934562818061,no
147455.0,38.0,technician,married,secondary,yes,no,call,3.0,apr,eve,2.0,2.0,1.0,failure,no,275.0,108.17532737160104,2.802841290487394,no
140376.0,44.0,blue-collar,married,secondary,yes,no,call,17.0,nov,Night ,1.0,1.0,0.0,,no,508.0,88.479910698395,4.792456706993238,no
158959.0,66.0,retired,married,secondary,no,yes,call,18.0,feb,Afternoon,1.0,1.0,1.0,success,no,2326.0,95.42292574819007,3.129699610134502,yes
141875.0,42.0,management,single,tertiary,no,no,call,19.0,nov,eve,3.0,3.0,0.0,,no,3445.0,112.07270512208027,3.3321242814274514,no
126755.0,39.0,technician,single,secondary,yes,no,,17.0,jun,Evening,5.0,5.0,0.0,,no,2910.0,97.26674145087367,6.502729148534715,no
155300.0,39.0,management,married,tertiary,no,no,call,22.0,may,Evening,2.0,2.0,1.0,failure,no,622.0,91.22219736929961,4.303872911601931,no
161000.0,36.0,technician,married,tertiary,yes,yes,call,25.0,oct,Evening,1.0,1.0,0.0,,no,844.0,118.79142433657344,6.445159692603049,no
157762.0,62.0,retired,married,primary,yes,No,call,19.0,oct,Afternoon,1.0,1.0,2.0,failure,no,1515.0,111.89384758940719,5.098072655156655,no
131418.0,35.0,entrepreneur,single,tertiary,yes,no,call,18.0,jul,Evening,2.0,2.0,0.0,,no,145.0,114.82593892659091,3.2552039204891257,yes
152851.0,37.0,technician,married,secondary,yes,no,call,12.0,may,Afternoon,3.0,3.0,0.0,,no,135.0,95.50336827785787,6.392766260330745,no
141233.0,32.0,technician,single,tertiary,no,No,call,18.0,nov,morning,2.0,2.0,0.0,,no,-311.0,117.75075491900127,4.052501146759587,no
133877.0,46.0,management,married,secondary,no,yes,call,30.0,jul,Morning,2.0,2.0,0.0,,yes,-333.0,99.12369224128098,5.403366250983951,no
131720.0,30.0,management,married,tertiary,yes,No,call,21.0,jul,Morning,3.0,3.0,0.0,,no,74.0,80.13128697988026,7.12574743475405,no
158688.0,62.0,technician,married,,yes,no,SMS,28.0,jan,Evening,4.0,4.0,4.0,other,no,4727.0,96.71652866610158,4.022880473461711,no
143422.0,30.0,services,married,secondary,yes,no,call,21.0,nov,Morning,2.0,2.0,0.0,,no,973.0,93.48877776598448,6.896198383696946,no
126132.0,41.0,self-employed,single,tertiary,no,no,,11.0,jun,Night,10.0,10.0,0.0,,no,1755.0,93.07751415637236,5.583848031911994,no
121511.0,26.0,technician,single,secondary,yes,no,,23.0,may,morning,2.0,2.0,0.0,,yes,-516.0,98.99520263320976,5.679287743971499,no
151792.0,38.0,admin.,married,secondary,yes,no,call,8.0,may,Night,2.0,2.0,0.0,,no,0.0,109.41840521153215,5.250753174418042,no
160420.0,34.0,technician,single,secondary,no,no,call,12.0,aug,Afternoon,1.0,1.0,6.0,failure,no,1313.0,113.67891089332825,5.908786637196943,no
158705.0,42.0,management,single,tertiary,no,no,call,29.0,jan,Night ,2.0,2.0,0.0,,no,706.0,95.16054125097159,5.14436247547383,no
139624.0,33.0,technician,married,secondary,no,no,call,28.0,aug,morning,19.0,19.0,0.0,,no,95.0,116.22101756734504,4.9953681024922725,no
121896.0,54.0,retired,married,secondary,yes,yes,,26.0,may,eve,11.0,11.0,0.0,,no,-152.0,89.1000596317762,4.573283545332743,no
147237.0,62.0,self-employed,married,tertiary,yes,no,email,16.0,mar,Afternoon,1.0,1.0,0.0,,no,4886.0,91.0863805810747,6.575544933810633,no
138129.0,45.0,management,married,tertiary,no,no,call,,aug,Night ,2.0,2.0,0.0,,no,0.0,89.08998668925327,5.198391482596685,no
133969.0,59.0,management,married,tertiary,no,no,call,30.0,jul,Afternoon,4.0,4.0,0.0,,no,1308.0,92.96183511246194,6.223813205757854,no
150653.0,32.0,admin.,married,secondary,yes,no,call,6.0,may,Morning,1.0,1.0,0.0,,no,59.0,104.09256065633618,4.515035365658093,no
146680.0,46.0,entrepreneur,married,secondary,no,No,call,6.0,feb,Night ,2.0,2.0,7.0,failure,no,122.0,96.07371333037361,4.847487144994318,no
140724.0,39.0,self-employed,married,primary,yes,no,call,,nov,Afternoon,1.0,1.0,0.0,,no,2165.0,96.34572938662075,4.942847409102196,no
149024.0,36.0,blue-collar,married,primary,yes,no,call,20.0,apr,Evening,1.0,1.0,0.0,,no,345.0,98.27125919617903,2.8882581201329898,no
159753.0,28.0,admin.,married,secondary,no,no,call,2.0,jun,eve,2.0,2.0,4.0,success,no,330.0,103.7476695116415,6.796138495536816,yes
160663.0,47.0,technician,married,secondary,yes,no,call,13.0,sep,Night,1.0,1.0,1.0,failure,no,1740.0,91.59165273443303,5.503940312606774,no
140248.0,,management,married,tertiary,no,no,call,17.0,nov,Morning,1.0,1.0,0.0,,no,14107.0,89.08439045782913,6.026027092338287,no
126841.0,59.0,management,divorced,tertiary,no,no,,17.0,jun,Night,2.0,2.0,0.0,,no,0.0,87.82659793551156,1.3226684835980809,no
134473.0,41.0,services,divorced,primary,no,No,call,31.0,jul,eve,1.0,1.0,0.0,,no,308.0,94.89475102783786,5.692303825364673,no
127206.0,45.0,services,single,secondary,yes,no,,18.0,jun,Night,8.0,8.0,0.0,,no,359.0,100.58855814948568,7.930477168175253,no
139044.0,45.0,management,married,tertiary,no,no,call,26.0,aug,Evening,7.0,7.0,0.0,,no,10.0,88.55777497813796,6.07460525966731,no
159998.0,34.0,services,single,secondary,no,No,call,8.0,jul,eve,2.0,2.0,0.0,,no,267.0,106.87138705596739,4.684305590734924,yes
143094.0,35.0,technician,divorced,secondary,yes,no,call,21.0,nov,Afternoon,1.0,1.0,0.0,,no,0.0,99.16784560865153,1.5947901976832477,no
116642.0,30.0,admin.,single,secondary,yes,no,,6.0,may,Afternoon,3.0,3.0,0.0,,no,115.0,93.55199905212002,6.1645916940517385,no
122717.0,29.0,services,married,secondary,yes,no,,28.0,may,morning,2.0,2.0,0.0,,no,11417.0,86.18342820089306,4.862099924873469,no
143090.0,35.0,blue-collar,married,secondary,yes,yes,call,21.0,nov,Morning,2.0,2.0,2.0,failure,no,80.0,104.18986646041485,4.351761593892603,no
136808.0,53.0,technician,married,secondary,no,no,call,13.0,aug,morning,4.0,4.0,0.0,,no,100.0,100.94801388155982,,no
121423.0,38.0,blue-collar,,secondary,yes,yes,,23.0,may,Afternoon,2.0,2.0,0.0,,no,526.0,98.97213311231927,3.1555689862817706,no
129146.0,35.0,admin.,,secondary,no,yes,call,8.0,jul,Evening,2.0,2.0,0.0,,no,57.0,97.84990127751773,5.610200202910588,no
137613.0,33.0,technician,single,secondary,no,no,call,19.0,aug,eve,1.0,1.0,0.0,,no,268.0,119.21686400027968,4.2623709656604625,no
139119.0,48.0,technician,married,secondary,no,no,call,27.0,aug,Morning,4.0,4.0,0.0,,no,98.0,90.75323944697416,4.536156578646589,no
142017.0,36.0,management,married,tertiary,yes,yes,call,19.0,nov,eve,2.0,2.0,0.0,,no,9269.0,103.90601585808872,6.758675823867444,no
146275.0,34.0,services,single,primary,yes,no,call,5.0,feb,Afternoon,1.0,1.0,0.0,,no,3648.0,95.90069851976745,8.220463504343678,no
147659.0,54.0,technician,married,secondary,yes,yes,call,8.0,apr,Night ,3.0,3.0,0.0,,no,3323.0,89.01620024994038,3.4176426063302983,no
123448.0,43.0,admin.,married,secondary,yes,yes,,30.0,may,eve,1.0,1.0,0.0,,no,1807.0,104.8885246591856,5.0637737917464865,no
153284.0,47.0,admin.,divorced,tertiary,yes,no,call,13.0,may,morning,2.0,2.0,2.0,failure,no,846.0,107.94002364264938,4.955156762670809,no
132587.0,49.0,management,married,secondary,yes,no,call,24.0,jul,Morning,2.0,2.0,0.0,,no,27.0,83.32101677351403,7.485471648159275,no
118214.0,45.0,blue-collar,married,primary,yes,No,,13.0,may,morning,3.0,3.0,0.0,,no,333.0,112.03590342336155,4.855863111554423,no
119573.0,39.0,technician,married,tertiary,yes,yes,,16.0,may,Morning,1.0,1.0,0.0,,no,94.0,91.89259940652056,6.0394604399698135,yes
136463.0,30.0,management,single,tertiary,no,no,call,12.0,aug,eve,4.0,4.0,0.0,,no,812.0,88.460718237187,4.54807091700427,no
161072.0,66.0,retired,married,secondary,no,no,call,15.0,nov,Night,2.0,2.0,6.0,failure,no,3409.0,85.63212559891639,,no
122026.0,31.0,blue-collar,married,primary,yes,no,,27.0,may,Evening,2.0,2.0,0.0,,yes,0.0,112.3788251109337,4.513961142067227,no
128485.0,47.0,technician,married,secondary,yes,yes,,4.0,jul,Afternoon,1.0,1.0,0.0,,no,321.0,85.82490794501769,4.5681333264339665,no
151490.0,35.0,blue-collar,married,secondary,yes,no,call,7.0,may,Evening,2.0,2.0,0.0,,no,1615.0,93.73604037509322,4.910646401715916,no
129889.0,44.0,management,married,tertiary,yes,yes,call,10.0,jul,morning,5.0,5.0,0.0,,no,284.0,104.0129680812971,4.5869051960781455,no
154323.0,41.0,self-employed,married,tertiary,yes,no,call,15.0,may,Afternoon,6.0,6.0,1.0,failure,no,6000.0,101.26298343514672,2.746633004836653,no
139535.0,34.0,management,single,tertiary,no,no,call,28.0,aug,Morning,5.0,5.0,0.0,,no,6766.0,93.51194568668274,2.728143740208232,no
148463.0,33.0,blue-collar,married,secondary,yes,no,call,17.0,apr,Night ,1.0,1.0,0.0,,no,202.0,109.35953421562498,2.2056399473094532,no
124267.0,37.0,management,married,tertiary,yes,no,,3.0,jun,morning,1.0,1.0,0.0,,no,1125.0,91.18249271174747,4.729619050484062,no
124698.0,28.0,blue-collar,married,secondary,yes,yes,,4.0,jun,Evening,2.0,2.0,0.0,,no,509.0,110.7298267616807,4.64892755973078,no
125837.0,48.0,technician,married,secondary,no,no,,9.0,jun,eve,6.0,6.0,0.0,,no,5.0,87.6486442522571,3.2218622272058273,no
123620.0,35.0,technician,divorced,secondary,yes,no,,30.0,may,Night ,10.0,10.0,0.0,,no,5724.0,97.08386377921681,6.3438761448060506,yes
120698.0,39.0,blue-collar,married,primary,yes,yes,,21.0,may,eve,1.0,1.0,0.0,,no,4146.0,99.60538768105451,4.486283813447099,no
125840.0,36.0,admin.,single,tertiary,no,no,,9.0,jun,morning,2.0,2.0,0.0,,no,3819.0,103.51694637724432,4.936477519261145,no
135466.0,50.0,services,married,secondary,no,no,call,7.0,aug,eve,4.0,4.0,0.0,,no,5569.0,111.91628531479077,5.611442254212515,no
144562.0,35.0,blue-collar,married,secondary,yes,yes,call,30.0,jan,Night,1.0,1.0,2.0,failure,no,6411.0,99.11539325688477,6.102279695634007,no
131849.0,33.0,technician,single,tertiary,yes,,call,22.0,jul,Morning,1.0,1.0,0.0,,no,1257.0,94.0055733714128,4.367842989374682,no
126137.0,36.0,blue-collar,married,secondary,no,no,,11.0,jun,Evening,4.0,4.0,0.0,,no,1704.0,112.0086488773312,5.070796618254372,no
131644.0,26.0,management,single,secondary,yes,no,call,21.0,jul,Afternoon,1.0,1.0,0.0,,no,609.0,94.35906359094429,6.092152646978801,no
142553.0,43.0,management,married,tertiary,no,no,call,20.0,nov,morning,2.0,2.0,0.0,,no,14355.0,89.76983283865312,2.7485205578423244,no
125260.0,38.0,management,married,secondary,yes,,,6.0,jun,Night ,3.0,3.0,0.0,,no,794.0,85.53240472389442,6.485795670630486,no
145059.0,29.0,admin.,single,secondary,yes,no,call,2.0,feb,Evening,1.0,1.0,0.0,,no,1027.0,90.42391215384065,7.043234307527147,yes
129898.0,41.0,entrepreneur,married,primary,no,No,email,10.0,jul,Night ,7.0,7.0,0.0,,no,1331.0,101.04810750313035,5.44617432659131,no
133167.0,31.0,self-employed,married,tertiary,no,yes,call,28.0,jul,Morning,16.0,16.0,0.0,,no,170.0,105.38172841866155,4.145968167902012,no
121779.0,48.0,technician,married,secondary,yes,no,,26.0,may,morning,3.0,3.0,0.0,,no,302.0,113.90437954023844,4.863643954677117,no
147152.0,59.0,management,married,,no,no,call,5.0,mar,Night,1.0,1.0,0.0,,no,8674.0,107.2831304684321,4.714835754835267,no
159650.0,30.0,technician,single,tertiary,yes,no,call,,may,eve,2.0,2.0,0.0,,no,780.0,94.86613761246859,4.135248688719787,no
155315.0,36.0,unemployed,single,tertiary,yes,no,call,22.0,may,Evening,1.0,1.0,2.0,other,no,953.0,100.92786671288579,5.599598556457708,no
132958.0,31.0,technician,married,tertiary,yes,no,call,25.0,jul,eve,6.0,6.0,0.0,,no,0.0,88.26564361839299,4.471672922785691,no
130788.0,31.0,management,single,tertiary,yes,no,call,16.0,jul,Morning,2.0,2.0,0.0,,no,574.0,114.40641161161946,7.34455900815451,no
142899.0,49.0,management,married,tertiary,yes,No,call,21.0,nov,Morning,3.0,3.0,2.0,other,no,1105.0,100.52916216996286,5.71169175433049,no
118679.0,50.0,admin.,married,secondary,yes,no,,14.0,may,morning,1.0,1.0,0.0,,no,736.0,120.23365739875281,5.428151018774895,no
149753.0,30.0,technician,single,tertiary,no,no,call,29.0,apr,morning,1.0,1.0,0.0,,no,53.0,132.2822290892254,8.359128756096554,yes
158103.0,35.0,management,single,tertiary,no,no,call,11.0,nov,morning,1.0,1.0,1.0,failure,no,612.0,96.56150282187242,5.175348465274583,no
131865.0,42.0,entrepreneur,married,secondary,yes,no,call,22.0,jul,Night,1.0,1.0,0.0,,no,2239.0,90.20369783214194,3.8777331872031935,no
157943.0,45.0,admin.,divorced,secondary,no,no,call,29.0,oct,Evening,1.0,1.0,0.0,,no,0.0,103.8225736541888,4.9994642090914345,yes
150769.0,29.0,services,married,secondary,yes,yes,call,6.0,may,Night,1.0,1.0,15.0,other,no,0.0,108.55160133293218,6.133606071221002,no
149707.0,71.0,technician,married,tertiary,no,no,call,27.0,apr,Morning,3.0,3.0,0.0,,no,383.0,104.3745724293213,4.677102413335885,yes
154917.0,25.0,management,married,tertiary,yes,yes,call,18.0,may,Evening,4.0,4.0,4.0,other,no,-242.0,89.12504069991529,7.096698662601483,yes
159449.0,31.0,management,single,tertiary,yes,no,call,27.0,apr,Night ,1.0,1.0,1.0,other,no,725.0,102.94034070968185,5.3707874160565385,no
130768.0,57.0,retired,married,secondary,yes,yes,call,16.0,jul,Morning,1.0,1.0,0.0,,no,374.0,96.83724479878687,6.684359333829066,no
127762.0,38.0,student,single,,no,no,,20.0,jun,Evening,3.0,3.0,0.0,,no,9669.0,108.0300523858323,5.239625111998347,no
132200.0,29.0,blue-collar,married,secondary,yes,no,call,23.0,jul,Night ,1.0,1.0,0.0,,no,721.0,84.20637374307842,4.484515186979101,no
128708.0,34.0,technician,single,secondary,no,No,call,7.0,jul,Night,1.0,1.0,0.0,,no,232.0,84.65061223409413,4.7599061518543735,no
129026.0,30.0,student,single,,no,yes,call,8.0,jul,Evening,1.0,1.0,0.0,,no,-145.0,90.76240692119666,4.130934442043133,no
121717.0,39.0,blue-collar,married,primary,yes,yes,,26.0,may,Afternoon,1.0,1.0,0.0,,no,519.0,105.77761203908558,5.222683325937414,no
118799.0,41.0,blue-collar,single,primary,yes,no,,14.0,may,Evening,1.0,1.0,0.0,,no,22.0,97.5306628814545,5.510517432313055,no
118422.0,27.0,services,single,secondary,yes,no,,13.0,may,morning,2.0,2.0,0.0,,no,331.0,100.4855038719121,2.6892121588055455,no
124356.0,35.0,blue-collar,married,secondary,yes,no,,3.0,jun,Morning,1.0,1.0,0.0,,no,412.0,98.23065460440272,2.7505873099297813,no
131264.0,50.0,blue-collar,married,secondary,yes,no,call,18.0,jul,Morning,1.0,1.0,0.0,,no,1498.0,106.66452911512962,3.1294667919333135,no
156769.0,40.0,admin.,married,secondary,no,no,call,12.0,aug,Night,1.0,1.0,0.0,,no,3138.0,91.76046654529415,6.341987889256123,no
149821.0,42.0,technician,married,,no,no,call,30.0,apr,morning,1.0,1.0,0.0,,no,1559.0,101.07326307834643,4.425089817223719,yes
137422.0,39.0,technician,married,secondary,yes,no,call,19.0,aug,Night,4.0,4.0,0.0,,no,,103.48026504154737,6.906180727477835,no
119996.0,32.0,services,married,secondary,yes,yes,,19.0,may,Morning,2.0,2.0,0.0,,no,132.0,109.1961220181004,4.0017671406149375,no
121411.0,46.0,technician,divorced,secondary,yes,no,,23.0,may,eve,1.0,1.0,0.0,,no,772.0,92.12476359705884,5.118995340055251,no
129984.0,47.0,entrepreneur,married,tertiary,yes,yes,SMS,11.0,jul,Morning,2.0,2.0,0.0,,no,,96.2269740850203,4.15506935998047,no
156179.0,28.0,admin.,single,secondary,no,no,call,15.0,jun,Morning,1.0,1.0,0.0,,no,2.0,119.76318536059061,5.573654975045662,no
143807.0,54.0,management,married,,yes,no,call,28.0,jan,Night ,2.0,2.0,3.0,failure,no,876.0,116.7818755538705,5.158182217020317,no
136740.0,52.0,unemployed,married,secondary,no,no,call,13.0,aug,eve,2.0,2.0,0.0,,no,9139.0,117.002987220246,6.802847952088577,no
141985.0,32.0,unemployed,married,secondary,no,no,call,19.0,nov,Morning,3.0,3.0,0.0,,no,0.0,96.65378614877403,5.527052442515797,no
130498.0,36.0,services,married,secondary,yes,yes,call,15.0,jul,Afternoon,4.0,4.0,0.0,,no,0.0,100.1413002442941,6.3799912910067516,no
120261.0,44.0,blue-collar,married,secondary,yes,no,,19.0,may,Evening,5.0,5.0,0.0,,no,261.0,95.77249649052119,3.559117750887625,no
118895.0,54.0,blue-collar,married,secondary,yes,no,,14.0,may,eve,1.0,1.0,0.0,,no,1480.0,110.44134298386574,3.6078452822007234,no
135873.0,39.0,technician,single,secondary,no,no,call,8.0,aug,Afternoon,1.0,1.0,0.0,,no,316.0,103.84746557868363,3.228746451277258,no
144854.0,48.0,blue-collar,,secondary,no,no,call,2.0,feb,Afternoon,1.0,1.0,3.0,other,no,-269.0,102.96012364358174,5.001442096918687,no
121766.0,33.0,admin.,married,tertiary,yes,no,,26.0,may,Afternoon,3.0,3.0,0.0,,no,899.0,84.57448810216887,6.361575984594573,no
157783.0,57.0,,married,primary,no,no,SMS,19.0,oct,Evening,2.0,2.0,0.0,,no,8.0,97.05665362515015,5.073949910606674,no
148534.0,48.0,blue-collar,married,secondary,yes,no,call,17.0,apr,Evening,1.0,1.0,1.0,failure,no,1143.0,97.85892776595209,1.1889518474947556,no
143066.0,38.0,management,single,,yes,no,call,21.0,nov,morning,1.0,1.0,2.0,failure,no,715.0,113.68589232884285,4.570245012264188,no
134070.0,30.0,self-employed,single,tertiary,no,no,call,30.0,jul,Morning,4.0,4.0,0.0,,no,166.0,82.73884766520084,6.340058987415416,no
128194.0,42.0,technician,single,secondary,no,no,,25.0,jun,Evening,1.0,1.0,0.0,,no,-15.0,77.52498238775947,6.996022902869296,no
137823.0,37.0,management,divorced,secondary,no,no,call,20.0,aug,Night ,4.0,4.0,0.0,,no,414.0,107.3180777781598,,no
139185.0,55.0,blue-collar,married,secondary,no,yes,call,27.0,aug,Afternoon,4.0,4.0,0.0,,no,328.0,98.3884524029295,5.965682088387714,no
127080.0,49.0,retired,single,,,no,,18.0,jun,Night ,2.0,2.0,0.0,,no,,100.8477688124753,5.01811036320072,no
124265.0,41.0,admin.,single,secondary,yes,no,,3.0,jun,Night,3.0,3.0,0.0,,no,734.0,76.7818557889383,3.738726164241135,no
158366.0,47.0,management,single,tertiary,no,no,SMS,10.0,dec,eve,1.0,1.0,1.0,other,no,4402.0,90.34559107987602,5.91833470930465,yes
132136.0,37.0,management,married,tertiary,yes,no,call,23.0,jul,Evening,1.0,1.0,0.0,,no,1066.0,99.01411703232131,7.3307227316734265,no
132870.0,29.0,blue-collar,married,secondary,yes,no,call,25.0,jul,eve,8.0,8.0,0.0,,no,9.0,108.04130986760372,6.072813924554724,no
131854.0,43.0,technician,married,tertiary,no,yes,call,22.0,jul,Morning,3.0,3.0,0.0,,no,788.0,110.31166504960476,5.520271994533792,no
140300.0,30.0,management,single,tertiary,yes,no,call,17.0,nov,Night,3.0,3.0,0.0,,no,1435.0,116.39792516008193,6.668728069388057,no
147429.0,28.0,student,,secondary,yes,no,call,,apr,Night ,2.0,2.0,0.0,,no,1350.0,96.82608347608168,5.948085373127103,no
132665.0,38.0,management,married,tertiary,yes,no,call,24.0,jul,eve,1.0,1.0,0.0,,no,272.0,106.80701629012117,4.3597267203928505,no
131779.0,33.0,admin.,single,secondary,yes,no,call,21.0,jul,Night ,5.0,5.0,0.0,,no,585.0,108.65976998895417,5.440231325876824,no
131120.0,36.0,admin.,married,secondary,yes,no,call,17.0,jul,Evening,3.0,3.0,0.0,,no,1314.0,75.04473880292365,5.271669579775944,no
137843.0,32.0,management,married,tertiary,no,no,call,20.0,aug,Night ,6.0,6.0,0.0,,no,1014.0,103.79928126766052,2.309494265842722,no
145162.0,38.0,management,married,tertiary,yes,yes,call,2.0,feb,Night ,1.0,1.0,0.0,,no,1187.0,107.12471042466775,5.935289513289246,no
129490.0,56.0,technician,married,secondary,no,No,call,9.0,jul,Night ,1.0,1.0,0.0,,no,778.0,87.94392964986363,6.089151482117581,no
147294.0,39.0,management,married,secondary,no,No,call,26.0,mar,Morning,1.0,1.0,0.0,,no,2981.0,95.36848522495603,3.6450790264605573,yes
149104.0,28.0,management,single,tertiary,yes,No,call,20.0,apr,morning,1.0,1.0,0.0,,no,145.0,103.03469854727469,7.514390550851163,no
121177.0,31.0,technician,married,secondary,yes,no,,23.0,may,Evening,1.0,1.0,0.0,,no,4941.0,107.86020952240162,4.727946921524268,no
160263.0,32.0,technician,single,tertiary,no,no,call,2.0,aug,Night,8.0,8.0,3.0,success,no,388.0,114.60289471923987,1.8474661320697585,no
145580.0,49.0,blue-collar,married,secondary,yes,no,call,3.0,feb,eve,3.0,3.0,0.0,,no,298.0,,6.169047686368929,no
156686.0,64.0,retired,married,secondary,no,no,call,11.0,aug,Night ,1.0,1.0,3.0,other,no,504.0,101.34977014766264,2.49192560144765,no
160206.0,24.0,student,single,secondary,no,no,call,28.0,jul,eve,2.0,2.0,0.0,,no,822.0,,4.5611847853523795,no
119147.0,29.0,management,married,tertiary,yes,yes,,15.0,may,Morning,2.0,2.0,0.0,,no,137.0,95.52391670025038,1.511463896821104,no
152379.0,46.0,admin.,married,,yes,No,call,12.0,may,Afternoon,5.0,5.0,0.0,,no,-1092.0,101.50185310381352,2.427362032897564,no
121295.0,34.0,technician,married,secondary,yes,no,,23.0,may,eve,5.0,5.0,0.0,,no,5553.0,95.82647447428718,4.981422027931265,no
138768.0,41.0,technician,married,tertiary,no,no,call,25.0,aug,Evening,3.0,3.0,0.0,,no,63.0,100.32956304831856,4.340345917187725,no
122470.0,25.0,blue-collar,married,primary,yes,yes,,28.0,may,eve,1.0,1.0,0.0,,no,657.0,102.82583716025833,6.7249482838613375,no
134969.0,32.0,technician,single,secondary,no,no,call,5.0,aug,morning,1.0,1.0,0.0,,no,43.0,110.42164636602836,7.031613355799555,no
116175.0,58.0,blue-collar,married,primary,yes,no,,5.0,may,eve,2.0,2.0,0.0,,no,76.0,96.28339365490562,3.7717708263230145,no
142499.0,53.0,unemployed,married,secondary,no,no,call,20.0,nov,Afternoon,2.0,2.0,0.0,,no,1561.0,87.91823053988172,5.13390342325777,no
147498.0,37.0,admin.,married,secondary,yes,no,email,3.0,apr,Night ,4.0,4.0,4.0,other,no,1335.0,94.93683732356698,4.613408827810135,no
152325.0,35.0,blue-collar,married,primary,yes,yes,call,11.0,may,eve,2.0,2.0,0.0,,no,202.0,97.34468286580085,6.44530892385155,no
147405.0,36.0,technician,married,secondary,no,no,call,2.0,apr,Night,1.0,1.0,2.0,failure,no,4613.0,97.38088501822423,6.54294050185141,no
129810.0,26.0,admin.,single,secondary,no,yes,call,10.0,jul,Afternoon,1.0,1.0,0.0,,,81.0,87.93419150747523,6.630885852865944,no
144629.0,27.0,unemployed,single,tertiary,no,no,call,30.0,jan,Night ,1.0,1.0,0.0,,no,3060.0,91.61162648952946,3.642949020916795,no
138431.0,43.0,technician,single,secondary,yes,no,call,22.0,aug,Night,10.0,10.0,0.0,,no,4990.0,101.1086198909912,5.866884944212712,no
119637.0,34.0,entrepreneur,married,tertiary,yes,no,,16.0,may,Morning,1.0,1.0,0.0,,no,355.0,116.55510888089779,,no
132807.0,30.0,unemployed,married,tertiary,yes,no,call,25.0,jul,eve,1.0,1.0,0.0,,no,4696.0,102.97055672673683,6.9420492716610855,no
159478.0,48.0,admin.,married,secondary,no,no,call,29.0,apr,Evening,2.0,2.0,1.0,failure,no,2533.0,91.87188814508437,3.140526565527056,no
128844.0,28.0,technician,single,secondary,no,yes,call,,jul,Evening,2.0,2.0,0.0,,no,1581.0,122.7718016119615,5.530381733378296,no
125434.0,28.0,blue-collar,single,tertiary,yes,no,,6.0,jun,eve,4.0,4.0,0.0,,no,727.0,97.40351063600603,3.712540701480373,no
136818.0,36.0,management,single,tertiary,no,no,call,13.0,aug,morning,4.0,4.0,0.0,,no,202.0,118.19783149892373,3.4861683091970987,no
121392.0,30.0,management,single,tertiary,yes,No,,23.0,may,eve,2.0,2.0,0.0,,no,6.0,105.42399906836852,5.227227717038679,no
133114.0,42.0,blue-collar,married,,yes,yes,call,28.0,jul,Afternoon,3.0,3.0,0.0,,no,345.0,93.36056013643113,2.789088740742987,no
139120.0,59.0,management,married,tertiary,no,no,call,27.0,aug,morning,4.0,4.0,0.0,,no,0.0,112.23152810085371,5.072272584682878,no
123081.0,44.0,services,married,secondary,yes,no,,29.0,may,morning,1.0,1.0,0.0,,no,744.0,94.78058005031927,8.282572951078128,no
145714.0,32.0,technician,single,tertiary,yes,no,call,4.0,feb,eve,2.0,2.0,0.0,,no,1246.0,103.26072386313962,5.886142927336757,yes
132819.0,29.0,management,married,tertiary,no,no,call,25.0,jul,Evening,1.0,1.0,0.0,,no,5698.0,111.39807212954851,5.947383737061207,no
142804.0,31.0,management,single,tertiary,yes,No,call,21.0,nov,Morning,2.0,2.0,1.0,failure,no,5691.0,110.91526089810364,4.1234905764373115,no
119513.0,31.0,admin.,married,,yes,No,,15.0,may,eve,3.0,3.0,0.0,,no,-295.0,100.00650692366663,6.794898292787487,no
140485.0,44.0,blue-collar,married,primary,yes,no,call,17.0,nov,Evening,1.0,1.0,0.0,,no,93.0,79.39137891767979,7.50198958118318,no
141812.0,33.0,unemployed,married,secondary,yes,yes,call,19.0,nov,Morning,3.0,3.0,0.0,,yes,-108.0,104.48852112634863,5.03611310027297,no
125130.0,39.0,blue-collar,single,primary,yes,no,,5.0,jun,Night,3.0,3.0,0.0,,no,323.0,102.38470971810472,5.309034414990657,no
130224.0,59.0,retired,married,secondary,no,yes,call,14.0,jul,eve,3.0,3.0,0.0,,no,2291.0,100.1936388287741,5.543152315066192,no
146791.0,41.0,admin.,single,secondary,no,yes,call,9.0,feb,Evening,3.0,3.0,0.0,,no,242.0,82.34721073848313,4.168137489172835,no
145892.0,40.0,services,single,secondary,no,no,call,4.0,feb,Night,2.0,2.0,0.0,,no,4126.0,107.05921186360825,3.9103353254154114,no
150115.0,25.0,services,single,secondary,yes,yes,call,4.0,may,morning,2.0,2.0,0.0,,no,642.0,108.9000950813539,4.70482888704749,no
121777.0,44.0,blue-collar,married,,yes,No,,26.0,may,eve,3.0,3.0,0.0,,no,189.0,114.0508319162661,6.627240706330715,no
132494.0,41.0,technician,married,secondary,yes,no,call,24.0,jul,morning,1.0,1.0,0.0,,no,0.0,99.50755932068192,7.467086638773999,no
158550.0,59.0,technician,married,primary,no,no,call,14.0,jan,eve,1.0,1.0,10.0,success,no,4198.0,99.21782090140829,5.023573054863274,yes
121508.0,58.0,blue-collar,married,,yes,no,,23.0,may,eve,4.0,4.0,0.0,,no,5505.0,104.68134407265465,4.150968334189882,no
157328.0,59.0,admin.,single,secondary,no,No,call,4.0,sep,Night ,1.0,1.0,0.0,,no,4744.0,82.68222402135373,5.805413305686188,yes
119873.0,30.0,management,single,tertiary,no,No,,16.0,may,Afternoon,3.0,3.0,0.0,,no,5.0,95.4077588812258,4.489290521214609,no
131691.0,29.0,technician,married,secondary,yes,no,call,21.0,jul,eve,1.0,1.0,0.0,,no,-910.0,91.26216857393412,3.535056109509629,no
116579.0,53.0,admin.,married,secondary,yes,yes,,6.0,may,eve,2.0,2.0,0.0,,no,244.0,109.2569495947092,2.562894493696559,no
143662.0,38.0,blue-collar,single,primary,yes,no,call,28.0,jan,Night ,1.0,1.0,0.0,,no,127.0,117.60486836931138,6.143482220643454,no
158972.0,82.0,retired,married,secondary,no,no,SMS,19.0,feb,Evening,1.0,1.0,0.0,,no,121.0,101.13720414514098,3.584036584646607,yes
151589.0,46.0,management,married,tertiary,yes,yes,call,8.0,may,Night ,1.0,1.0,1.0,failure,no,716.0,96.56131671215593,7.305135659985041,no
135877.0,40.0,technician,,secondary,yes,no,call,8.0,aug,morning,3.0,3.0,0.0,,no,84.0,106.03324033231802,5.094374739803918,no
123961.0,27.0,self-employed,single,tertiary,yes,yes,,2.0,jun,Night,4.0,4.0,0.0,,no,1237.0,93.5414228753533,6.24967307380974,no
149188.0,32.0,technician,single,tertiary,yes,No,call,20.0,apr,Afternoon,1.0,1.0,1.0,other,no,1454.0,105.77685982372509,4.815696261505388,no
131524.0,39.0,blue-collar,married,secondary,yes,yes,call,21.0,jul,Night,1.0,1.0,0.0,,no,230.0,108.77256755788714,5.897773433971343,no
152843.0,31.0,blue-collar,single,secondary,yes,no,email,12.0,may,Night,3.0,3.0,0.0,,no,616.0,96.86951049314352,8.921378276484454,no
158054.0,73.0,retired,married,secondary,no,no,call,5.0,nov,morning,2.0,2.0,0.0,,no,19.0,102.48863176032317,6.414405497596825,no
158622.0,77.0,retired,married,secondary,no,no,email,26.0,jan,Afternoon,1.0,1.0,2.0,success,no,4112.0,100.58355840382748,7.422436788425838,yes
156702.0,53.0,blue-collar,divorced,primary,no,no,SMS,11.0,aug,Afternoon,1.0,1.0,0.0,,no,4401.0,99.9621177759044,2.4382610102158226,yes
151283.0,50.0,services,divorced,secondary,yes,no,call,7.0,may,Night ,3.0,3.0,0.0,,no,339.0,98.82645186987024,5.195536614935548,no
120896.0,36.0,management,single,tertiary,no,no,,21.0,may,Night,5.0,5.0,0.0,,no,247.0,86.95837652839973,6.138757809916358,no
117650.0,33.0,technician,divorced,secondary,no,yes,,9.0,may,morning,1.0,1.0,0.0,,yes,-305.0,102.43604850025314,4.714274649636407,no
149167.0,32.0,management,single,tertiary,yes,no,call,20.0,apr,Afternoon,1.0,1.0,0.0,,no,2974.0,126.75342201114023,4.518506631994445,no
139711.0,53.0,admin.,married,secondary,no,no,call,29.0,aug,Morning,2.0,2.0,0.0,,no,578.0,104.79843416462894,6.085047501694701,no
133792.0,55.0,blue-collar,married,,no,no,email,30.0,jul,Evening,2.0,2.0,0.0,,no,1665.0,91.00595892121278,4.748925557816204,no
140837.0,51.0,entrepreneur,married,primary,no,no,call,18.0,nov,Night ,1.0,1.0,0.0,,no,512.0,111.72302556689964,5.034339673136436,no
146162.0,27.0,technician,single,secondary,no,no,call,5.0,feb,Morning,1.0,1.0,0.0,,no,63.0,91.85178717835282,6.246204792824744,no
123530.0,28.0,admin.,married,secondary,yes,no,,30.0,may,Afternoon,2.0,2.0,0.0,,no,7707.0,98.59174315877078,2.0951421904182403,no
158954.0,64.0,retired,married,secondary,no,no,call,18.0,feb,eve,1.0,1.0,4.0,failure,no,1612.0,86.46141938224882,1.222220024031348,no
151036.0,50.0,management,married,tertiary,yes,no,call,7.0,may,Afternoon,4.0,4.0,20.0,other,no,29.0,114.698897993065,6.66903530084881,no
131486.0,25.0,blue-collar,married,secondary,no,no,call,21.0,jul,morning,3.0,3.0,0.0,,no,895.0,101.9795781030599,5.139459978832141,no
159070.0,27.0,technician,single,tertiary,no,no,call,2.0,mar,Afternoon,1.0,1.0,0.0,,no,1075.0,107.10686943095334,6.957677404867386,yes
133474.0,41.0,management,single,tertiary,no,no,email,29.0,jul,Night,2.0,2.0,0.0,,no,3947.0,105.93316319111076,4.888827658026129,no
121947.0,,student,single,secondary,yes,no,,26.0,may,Evening,2.0,2.0,0.0,,no,4716.0,95.3528371741495,5.656147362982016,no
129016.0,25.0,management,single,secondary,no,yes,call,8.0,jul,eve,1.0,1.0,0.0,,no,1923.0,93.2525561758706,3.0069132580140607,no
155639.0,32.0,blue-collar,single,secondary,no,yes,call,28.0,may,Evening,3.0,3.0,0.0,,no,604.0,96.08641817493405,6.793721604197804,no
149717.0,26.0,admin.,single,tertiary,yes,no,call,27.0,apr,Night,1.0,1.0,0.0,,no,2170.0,105.17525849228184,5.319574341574922,no
126525.0,55.0,entrepreneur,divorced,primary,no,no,,16.0,jun,Morning,1.0,1.0,0.0,,no,29.0,104.17402037407363,5.331565829099968,no
137765.0,41.0,technician,divorced,secondary,no,no,call,20.0,aug,Evening,2.0,2.0,0.0,,no,75.0,88.62803501771307,4.901407086029331,no
146363.0,26.0,blue-collar,single,tertiary,yes,No,call,5.0,feb,morning,2.0,2.0,0.0,,no,449.0,90.57026620584485,4.158274334036964,no
146480.0,29.0,unemployed,single,tertiary,no,no,call,6.0,feb,Evening,2.0,2.0,0.0,,no,111.0,100.49714483824741,6.006429761689222,no
125923.0,,services,single,secondary,no,no,,9.0,jun,morning,6.0,6.0,0.0,,no,1076.0,97.25285841849417,5.274692434800585,no
155159.0,29.0,management,married,tertiary,yes,no,call,18.0,may,Night ,2.0,2.0,0.0,,no,1387.0,76.63592514755291,6.305455974212588,yes
138253.0,39.0,management,single,tertiary,no,no,call,22.0,aug,Afternoon,2.0,2.0,0.0,,no,139.0,96.00925755591538,2.2874351239812327,no
147831.0,28.0,management,divorced,tertiary,yes,no,call,9.0,apr,morning,2.0,2.0,2.0,other,no,229.0,96.83850273663509,4.386206523823451,yes
145932.0,53.0,management,married,primary,no,no,call,4.0,feb,morning,3.0,3.0,0.0,,no,995.0,113.09574590931804,5.212714732945506,no
131861.0,34.0,management,married,,no,no,call,22.0,jul,Evening,2.0,,0.0,,no,0.0,93.85789491838558,6.578584784303102,no
134665.0,50.0,entrepreneur,married,tertiary,no,no,call,31.0,jul,morning,8.0,8.0,0.0,,no,52.0,104.11551873757958,5.001409823299348,no
133265.0,41.0,management,married,secondary,yes,no,call,28.0,jul,eve,8.0,8.0,0.0,,no,49.0,100.83671570773873,4.943156112282929,no
131924.0,25.0,admin.,single,secondary,yes,no,call,22.0,jul,Morning,1.0,1.0,0.0,,no,18.0,,6.314722549362821,no
160025.0,43.0,admin.,single,secondary,no,no,call,12.0,jul,eve,3.0,3.0,1.0,failure,no,386.0,98.94776151034834,5.009800935061719,yes
124281.0,30.0,unemployed,single,secondary,yes,no,,3.0,jun,Night,1.0,1.0,0.0,,no,-306.0,103.81139552530149,1.1236637991185408,no
150533.0,44.0,services,married,secondary,yes,no,call,5.0,may,morning,1.0,1.0,0.0,,no,-395.0,85.22331983918143,2.5985001448553033,yes
123694.0,39.0,technician,married,,no,no,,30.0,may,Afternoon,2.0,2.0,0.0,,no,839.0,100.8643584409665,5.122211722221284,no
138090.0,34.0,technician,married,tertiary,yes,no,call,21.0,aug,Night,21.0,21.0,0.0,,no,5060.0,113.23987804365572,1.056954420643585,no
155510.0,32.0,technician,married,tertiary,no,no,call,26.0,may,eve,7.0,7.0,3.0,failure,no,4089.0,90.52846459813132,3.75117656922748,no
138947.0,42.0,management,single,tertiary,no,no,call,26.0,aug,Night ,2.0,2.0,0.0,,no,145.0,101.13072285618833,6.192886022891037,no
149628.0,41.0,,single,,no,no,call,22.0,apr,eve,1.0,1.0,0.0,,no,942.0,100.57087490656497,4.135786518817524,yes
161005.0,26.0,management,single,tertiary,no,no,call,26.0,oct,Night,1.0,1.0,3.0,success,no,222.0,101.87933618793582,4.947742519982754,yes
120355.0,33.0,services,married,secondary,yes,no,,20.0,may,Evening,1.0,1.0,0.0,,no,4434.0,95.52728677442909,5.183057767900377,no
145101.0,45.0,housemaid,married,tertiary,yes,no,call,2.0,feb,Morning,1.0,1.0,0.0,,no,40.0,84.63649091393343,8.181680024584871,no
138770.0,32.0,management,married,tertiary,no,no,call,25.0,aug,Afternoon,16.0,16.0,0.0,,no,1900.0,111.91159631757506,6.994627078743914,no
137905.0,57.0,housemaid,married,primary,no,no,call,20.0,aug,Evening,3.0,3.0,0.0,,no,0.0,91.19394555395043,4.2958616972942965,no
131224.0,28.0,blue-collar,married,secondary,yes,yes,call,18.0,jul,Afternoon,6.0,6.0,0.0,,no,2378.0,85.53334566296942,4.532240390607718,no
140971.0,35.0,management,married,secondary,yes,no,call,18.0,nov,Afternoon,1.0,1.0,0.0,,no,53.0,100.16109251950051,6.285589132502771,no
128158.0,33.0,blue-collar,single,tertiary,yes,no,,24.0,jun,Night ,5.0,5.0,0.0,,no,350.0,105.64543692315694,5.1182447223586705,no
151665.0,52.0,blue-collar,married,,no,no,email,8.0,may,Evening,1.0,1.0,0.0,,no,33.0,118.21849170570775,5.36036290061658,no
153389.0,44.0,admin.,divorced,tertiary,yes,no,call,13.0,may,Night ,3.0,3.0,0.0,,no,994.0,96.57711115826979,3.6529936717260014,no
132321.0,55.0,services,married,secondary,no,yes,call,23.0,jul,morning,3.0,3.0,0.0,,no,1150.0,105.8454835399546,4.759574979358517,no
144367.0,45.0,technician,married,secondary,yes,no,call,29.0,jan,eve,1.0,1.0,5.0,failure,no,398.0,90.9051997773965,1.4076047249143757,no
132460.0,37.0,technician,married,secondary,no,yes,call,24.0,jul,Night,1.0,1.0,0.0,,yes,0.0,99.854742525093,4.075085695433182,no
133288.0,49.0,blue-collar,single,primary,yes,yes,call,28.0,jul,morning,3.0,3.0,0.0,,no,-165.0,111.50805686841386,6.124492195525597,no
120689.0,38.0,technician,married,secondary,yes,yes,,21.0,may,morning,1.0,1.0,0.0,,no,821.0,100.92474027332004,4.862844175153453,no
147970.0,32.0,management,single,tertiary,yes,no,call,14.0,apr,Night,2.0,2.0,3.0,failure,no,574.0,98.25111441968863,4.152546948548383,no
131259.0,51.0,entrepreneur,divorced,tertiary,yes,no,call,18.0,jul,Night,3.0,3.0,0.0,,no,23.0,113.5140515662331,2.681443557093763,no
137819.0,32.0,technician,married,secondary,no,no,call,20.0,aug,Morning,2.0,2.0,0.0,,no,20.0,120.4786143288924,3.001601789173547,no
157384.0,25.0,admin.,single,secondary,no,no,call,8.0,sep,Morning,1.0,1.0,1.0,success,no,1871.0,111.44486509060484,3.519040095246486,yes
131313.0,30.0,technician,married,secondary,yes,no,call,18.0,jul,Afternoon,3.0,3.0,0.0,,no,24.0,108.12212852289545,5.724738927155282,no
124809.0,51.0,blue-collar,married,,yes,no,,4.0,jun,Night ,13.0,13.0,0.0,,no,226.0,113.13035654033796,4.0074261578717145,no
136705.0,55.0,services,married,secondary,no,yes,call,13.0,aug,Night,2.0,2.0,0.0,,no,-31.0,105.09618188935983,7.4991228109759565,no
124962.0,37.0,blue-collar,single,primary,no,,,5.0,jun,eve,1.0,1.0,0.0,,no,0.0,91.43930038567956,4.764572612826969,no
116096.0,35.0,services,married,secondary,yes,no,,5.0,may,morning,1.0,1.0,0.0,,no,0.0,97.39693348552096,8.195072144201877,no
149109.0,45.0,management,married,tertiary,yes,no,call,20.0,apr,morning,1.0,1.0,0.0,,no,-114.0,95.19268042579036,5.2407202850131425,no
143597.0,49.0,admin.,single,secondary,yes,no,email,21.0,nov,Afternoon,3.0,3.0,0.0,,no,981.0,110.55834897715255,4.822954597452819,no
136309.0,51.0,admin.,married,secondary,no,No,call,12.0,aug,Afternoon,2.0,2.0,0.0,,no,1535.0,109.20040899467409,4.488461805485279,no
118314.0,50.0,management,married,primary,no,no,,13.0,may,Afternoon,5.0,5.0,0.0,,no,478.0,117.30571889950018,5.343526656492896,no
144915.0,31.0,technician,single,secondary,no,no,call,2.0,feb,Morning,1.0,1.0,0.0,,yes,25.0,99.53901777240826,4.120684609146051,no
152141.0,44.0,management,married,tertiary,yes,no,call,11.0,may,Morning,2.0,2.0,3.0,failure,no,0.0,114.07504984910872,5.711497816560899,no
139341.0,33.0,technician,married,tertiary,yes,yes,call,28.0,aug,Night,6.0,6.0,0.0,,no,0.0,111.22859303361041,6.0659463179905195,no
121078.0,34.0,entrepreneur,married,secondary,yes,no,,21.0,may,Evening,4.0,4.0,0.0,,no,3119.0,99.60742416857622,4.142205501536953,no
123136.0,37.0,technician,single,secondary,yes,no,,29.0,may,eve,1.0,1.0,0.0,,no,3.0,110.34472573619823,4.4658118343088855,no
140346.0,42.0,blue-collar,married,secondary,yes,no,call,17.0,nov,Night ,1.0,1.0,0.0,,no,179.0,103.77079721196132,3.0532379467240953,no
134634.0,42.0,management,married,secondary,yes,no,email,31.0,jul,Morning,8.0,8.0,0.0,,no,372.0,114.58768504738865,5.072819101490432,no
126749.0,55.0,retired,divorced,primary,no,no,,17.0,jun,Night ,1.0,1.0,0.0,,no,925.0,99.22433742933778,6.034715401987434,no
122692.0,27.0,blue-collar,single,secondary,yes,yes,,28.0,may,Night ,2.0,2.0,0.0,,no,294.0,101.30506804762175,6.19020878903605,yes
132453.0,42.0,admin.,divorced,secondary,no,no,call,24.0,jul,Night ,1.0,1.0,0.0,,yes,0.0,,3.1597763969941575,no
149538.0,48.0,admin.,single,secondary,yes,No,call,20.0,apr,Night ,2.0,2.0,7.0,other,no,-874.0,115.99760270730926,3.970630694086556,no
135418.0,55.0,housemaid,married,primary,no,no,call,7.0,aug,eve,2.0,2.0,0.0,,no,17.0,123.04683550330236,4.552800632313433,no
155079.0,29.0,management,single,tertiary,yes,no,call,18.0,may,Night,3.0,3.0,0.0,,no,2637.0,96.7660319568439,6.273145727401778,no
157736.0,31.0,management,married,tertiary,no,No,call,16.0,oct,morning,2.0,2.0,5.0,failure,no,6138.0,99.95430496629011,4.859333652964898,yes
151975.0,39.0,entrepreneur,single,tertiary,no,yes,call,11.0,may,Evening,3.0,3.0,1.0,failure,no,243.0,101.87954089469258,4.7089647963317045,no
143500.0,38.0,management,married,,no,no,call,21.0,nov,Evening,6.0,6.0,0.0,,no,1257.0,111.56992138996247,5.279950467414334,no
136978.0,40.0,technician,single,secondary,no,yes,call,14.0,aug,Evening,6.0,6.0,0.0,,no,591.0,115.08568643187297,7.458109026308933,no
128470.0,34.0,blue-collar,married,secondary,no,yes,,,jul,Night,2.0,2.0,0.0,,no,277.0,108.66095165784301,4.313283485652109,no
149065.0,37.0,management,married,tertiary,no,no,call,20.0,apr,Night,1.0,1.0,0.0,,no,17335.0,106.08328674695136,6.356783805803872,no
135310.0,49.0,admin.,married,secondary,yes,no,call,6.0,aug,Night,3.0,3.0,0.0,,no,284.0,96.57221004990143,3.169608208473464,no
116823.0,33.0,blue-collar,married,secondary,no,no,,7.0,may,Night,1.0,1.0,0.0,,no,0.0,100.55812757367276,5.263127462503889,no
144362.0,36.0,technician,married,secondary,yes,no,call,29.0,jan,Morning,2.0,2.0,0.0,,no,659.0,98.17276795757685,3.9912399714397235,no
149929.0,32.0,management,married,tertiary,no,no,call,30.0,apr,Evening,1.0,1.0,0.0,,no,4733.0,121.06148620667457,,yes
144954.0,31.0,management,married,tertiary,yes,no,call,2.0,feb,Night ,1.0,1.0,0.0,,no,197.0,89.30826732496786,2.9763828900743317,no
129388.0,29.0,technician,married,secondary,yes,no,call,9.0,jul,Night ,1.0,1.0,0.0,,no,492.0,92.66971815702209,3.6039843171518027,no
117845.0,49.0,blue-collar,married,primary,yes,yes,,9.0,may,morning,2.0,2.0,0.0,,no,1387.0,101.36290456494089,3.460761268960992,no
128432.0,49.0,blue-collar,married,primary,no,No,,3.0,jul,morning,1.0,1.0,0.0,,no,126.0,87.25009034322186,6.695414066761067,no
122162.0,37.0,admin.,married,secondary,yes,No,,27.0,may,Night ,3.0,3.0,0.0,,no,274.0,99.19992186463334,7.764959434973502,yes
124832.0,34.0,blue-collar,married,,yes,No,,4.0,jun,Afternoon,2.0,2.0,0.0,,no,553.0,112.15167686173825,5.952879243763102,no
141766.0,39.0,management,married,tertiary,no,no,call,19.0,nov,Morning,1.0,1.0,0.0,,no,622.0,101.87535975890634,7.738671672319514,no
130714.0,36.0,management,married,tertiary,yes,no,call,16.0,jul,Night,1.0,1.0,0.0,,no,673.0,111.94504193187248,3.1655699356227327,yes
122534.0,42.0,technician,married,secondary,yes,yes,,28.0,may,Morning,1.0,1.0,0.0,,no,-184.0,96.45843118529957,6.052993111675549,no
153089.0,42.0,blue-collar,single,secondary,yes,no,call,13.0,may,Morning,1.0,1.0,0.0,,no,382.0,88.97873339412277,7.134839419830238,no
118983.0,27.0,blue-collar,single,secondary,yes,no,,14.0,may,Evening,1.0,1.0,0.0,,no,1150.0,111.03369131376245,2.986418558536194,no
156923.0,29.0,housemaid,single,tertiary,no,no,call,13.0,aug,Afternoon,2.0,2.0,0.0,,no,453.0,112.05604965428869,4.922827353626892,no
136792.0,34.0,technician,single,tertiary,no,no,email,13.0,aug,morning,3.0,3.0,0.0,,no,2195.0,107.499382175465,8.20911898807452,no
118685.0,43.0,entrepreneur,married,secondary,,no,,14.0,may,Night,1.0,1.0,0.0,,no,1516.0,111.08049973596172,3.5583876869169337,no
160592.0,34.0,admin.,married,tertiary,yes,yes,call,6.0,sep,Afternoon,1.0,1.0,2.0,failure,no,1636.0,89.27396278640894,4.675790441287527,no
132533.0,28.0,admin.,single,secondary,yes,no,call,24.0,jul,eve,1.0,1.0,0.0,,no,2.0,85.10742209312787,5.853140685908209,yes
122938.0,43.0,blue-collar,married,primary,no,no,,28.0,may,Evening,8.0,8.0,0.0,,no,50.0,100.87678539741114,4.325903421107505,no
141723.0,55.0,management,married,tertiary,yes,no,call,19.0,nov,Night,1.0,1.0,0.0,,no,563.0,117.6506414735442,4.54660064417565,no
157264.0,21.0,student,single,secondary,no,no,call,31.0,aug,morning,2.0,2.0,0.0,,no,557.0,101.9293049417456,4.12096679723477,no
137070.0,58.0,self-employed,married,tertiary,yes,no,call,14.0,aug,morning,3.0,3.0,0.0,,no,584.0,109.19568853889476,3.8454235816362567,no
134272.0,42.0,technician,married,primary,no,no,call,31.0,jul,morning,9.0,9.0,0.0,,no,275.0,,7.902460575226701,no
146792.0,32.0,services,married,secondary,yes,no,call,9.0,feb,Night,10.0,10.0,0.0,,no,183.0,122.63491434342492,8.775117704918944,no
119200.0,54.0,technician,married,tertiary,yes,no,,15.0,may,morning,1.0,1.0,0.0,,no,4582.0,96.1059460674195,7.402554838992071,no
128632.0,42.0,blue-collar,divorced,secondary,no,no,call,7.0,jul,Morning,2.0,2.0,0.0,,no,3407.0,117.05489796627062,,no
138068.0,57.0,technician,married,tertiary,no,no,call,21.0,aug,Night ,2.0,2.0,0.0,,no,121.0,112.43048209468989,6.284926032858461,no
127415.0,40.0,,married,,no,no,,19.0,jun,morning,1.0,1.0,0.0,,no,35.0,99.04183836170589,5.806489565960596,no
152785.0,38.0,admin.,married,secondary,yes,no,call,12.0,may,Evening,2.0,2.0,0.0,,no,4196.0,107.42898158284721,2.3929893557817747,no
118770.0,45.0,blue-collar,married,primary,yes,no,,14.0,may,morning,1.0,1.0,0.0,,no,626.0,106.69611778289202,3.1808765324631976,no
125687.0,58.0,retired,married,secondary,no,no,,9.0,jun,eve,2.0,2.0,0.0,,no,630.0,100.66199032986947,6.400679472696454,no
146735.0,38.0,blue-collar,married,secondary,yes,no,call,9.0,feb,Evening,4.0,4.0,0.0,,no,452.0,106.9320801649298,4.771951590438589,no
132138.0,41.0,admin.,single,tertiary,no,no,call,23.0,jul,Afternoon,1.0,1.0,0.0,,no,982.0,111.26748587220189,4.499428444973656,no
125740.0,57.0,blue-collar,married,secondary,no,yes,,9.0,jun,Night ,1.0,1.0,0.0,,no,5553.0,106.65077926842797,4.945634598757858,no
116808.0,40.0,services,single,tertiary,yes,No,,7.0,may,Evening,1.0,1.0,0.0,,no,8823.0,101.59240780971585,7.631661729968755,no
144003.0,37.0,management,married,primary,no,no,SMS,28.0,jan,Night ,1.0,1.0,0.0,,no,4721.0,123.83267148502165,4.5350314972090935,no
143864.0,39.0,technician,single,tertiary,yes,No,call,28.0,jan,Evening,2.0,2.0,0.0,,no,434.0,96.95078472558774,8.285232880117642,no
126316.0,38.0,management,divorced,tertiary,no,no,,12.0,jun,Evening,2.0,2.0,0.0,,no,10638.0,99.01102572211582,3.9593564841821696,no
122651.0,57.0,management,married,primary,no,no,,28.0,may,morning,4.0,4.0,0.0,,no,1566.0,106.54326405144798,7.621360487226444,no
152720.0,37.0,management,married,tertiary,yes,no,call,12.0,,Morning,2.0,2.0,0.0,,no,1949.0,113.10793755685181,4.206915150105663,no
151501.0,45.0,technician,divorced,secondary,no,no,call,7.0,may,Evening,2.0,2.0,0.0,,no,3271.0,106.09708964906194,5.433794218301073,no
148709.0,36.0,technician,single,secondary,yes,No,call,17.0,apr,Afternoon,1.0,1.0,0.0,,yes,-487.0,88.46615723877193,8.088980691507675,yes
142940.0,36.0,management,single,tertiary,yes,no,call,21.0,nov,Afternoon,1.0,1.0,0.0,,no,5171.0,91.31747255183627,3.8119617758424873,no
119113.0,56.0,retired,,secondary,yes,no,,15.0,may,morning,1.0,1.0,0.0,,no,1894.0,109.69312026955362,4.3577702739911155,no
142385.0,42.0,services,married,secondary,no,no,call,20.0,nov,Night ,3.0,3.0,0.0,,no,2145.0,112.02557032889055,3.491632454679324,no
118115.0,33.0,technician,single,secondary,no,yes,,12.0,may,Morning,3.0,3.0,0.0,,no,341.0,97.42947809205128,5.860372710024641,no
124597.0,23.0,blue-collar,single,primary,yes,no,,3.0,jun,eve,1.0,1.0,0.0,,no,8627.0,109.11204600212325,3.943773864116599,no
136233.0,33.0,technician,single,tertiary,no,No,call,11.0,aug,Evening,5.0,5.0,0.0,,no,443.0,90.1991747647629,5.975908891324795,no
147495.0,39.0,entrepreneur,married,secondary,yes,No,call,3.0,apr,Morning,4.0,4.0,0.0,,no,10200.0,102.29722574575199,4.078628838504191,no
138539.0,31.0,technician,single,secondary,no,yes,call,25.0,aug,Night ,5.0,5.0,0.0,,no,4028.0,91.8395976776102,5.399160110368759,no
140455.0,40.0,blue-collar,married,secondary,yes,no,call,17.0,nov,Night,1.0,1.0,0.0,,no,0.0,102.41214588452847,5.924498326643601,no
135560.0,55.0,blue-collar,married,primary,yes,no,call,7.0,aug,eve,3.0,3.0,0.0,,no,7303.0,79.74939994546867,4.223883230989933,no
143080.0,35.0,entrepreneur,married,tertiary,yes,no,call,21.0,,Night,2.0,2.0,0.0,,no,-31.0,91.61368422530707,3.74798355437088,no
120820.0,37.0,services,married,secondary,yes,no,,21.0,may,morning,2.0,2.0,0.0,,no,405.0,85.49741091440286,3.654354824556052,no
143325.0,57.0,retired,married,primary,no,no,call,21.0,nov,Evening,4.0,4.0,0.0,,no,5010.0,92.46088742532635,5.402968544286295,no
137726.0,53.0,management,married,tertiary,no,no,call,20.0,aug,Evening,4.0,4.0,0.0,,no,404.0,104.30675524862102,4.1560589238291,no
140545.0,51.0,technician,married,secondary,no,no,call,17.0,nov,Night ,2.0,2.0,0.0,,,856.0,102.41834143228323,4.855497643395446,no
136981.0,44.0,,married,primary,,no,SMS,14.0,aug,Afternoon,4.0,4.0,0.0,,,882.0,101.58775001508081,2.410694191142067,no
140152.0,57.0,housemaid,married,secondary,no,no,call,17.0,nov,Night,1.0,1.0,0.0,,no,0.0,97.74268084572932,5.406465246655301,no
127808.0,38.0,technician,single,tertiary,no,no,,20.0,jun,Night,4.0,4.0,0.0,,no,1113.0,120.9542743897446,7.597259369547145,no
135900.0,49.0,blue-collar,married,secondary,no,no,call,8.0,aug,Night ,3.0,3.0,0.0,,no,1264.0,98.4782475530031,6.7197153086961725,no
134948.0,59.0,blue-collar,divorced,primary,no,no,call,5.0,aug,morning,2.0,2.0,0.0,,no,153.0,87.31538843859411,4.913684548826855,no
157254.0,53.0,management,divorced,tertiary,yes,no,call,31.0,aug,Night,1.0,1.0,1.0,failure,no,6649.0,117.3911976721791,2.9285245664501813,no
147978.0,33.0,admin.,single,secondary,yes,No,call,14.0,apr,eve,2.0,2.0,0.0,,no,549.0,,5.751978113698273,no
129849.0,54.0,technician,divorced,secondary,no,yes,call,10.0,jul,Afternoon,4.0,4.0,0.0,,no,136.0,108.7656800712709,6.936916474705095,no
144360.0,51.0,housemaid,single,primary,no,no,call,29.0,jan,Afternoon,1.0,1.0,0.0,,no,723.0,106.8250905214697,4.243960134690395,no
117094.0,33.0,unemployed,single,secondary,,no,,8.0,may,Night,4.0,4.0,0.0,,no,233.0,105.44602549602571,1.590163557146111,no
118133.0,32.0,admin.,divorced,secondary,yes,no,,12.0,may,Evening,3.0,3.0,0.0,,yes,-18.0,88.04877123354895,3.737240981817259,no
140313.0,43.0,technician,married,secondary,no,yes,call,17.0,nov,eve,2.0,2.0,3.0,failure,no,0.0,107.86230841647814,4.307737799735765,no
138092.0,45.0,blue-collar,married,secondary,no,no,call,21.0,aug,Night,6.0,6.0,0.0,,no,1179.0,99.47412389337977,4.054399718208922,no
135892.0,35.0,housemaid,married,primary,no,no,call,8.0,aug,morning,1.0,1.0,0.0,,no,77.0,98.63753045892211,5.0264792874770166,no
120632.0,35.0,admin.,married,secondary,yes,no,,20.0,may,eve,3.0,3.0,0.0,,,190.0,90.88218663916624,3.950376065429781,no
133704.0,44.0,housemaid,married,primary,yes,yes,call,,jul,Night,4.0,4.0,0.0,,no,1109.0,92.69728857046847,2.7733611263335654,no
145672.0,55.0,management,married,primary,no,no,email,4.0,feb,Night ,1.0,1.0,0.0,,no,384.0,87.26662354572572,5.162349010315476,no
140011.0,41.0,services,married,secondary,,yes,SMS,4.0,nov,Morning,1.0,1.0,0.0,,no,523.0,104.14081509806053,3.7798309187292407,no
147153.0,83.0,retired,divorced,primary,no,no,SMS,5.0,mar,Night ,1.0,1.0,0.0,,no,1097.0,108.28616148414068,4.541897600448493,yes
151164.0,39.0,management,single,tertiary,yes,No,call,7.0,may,Morning,1.0,1.0,0.0,,no,4239.0,111.64539307859958,4.568763690294224,no
148739.0,35.0,services,married,secondary,yes,no,call,17.0,apr,Night,1.0,1.0,0.0,,no,1728.0,107.04476415974008,3.969204432879479,no
137187.0,60.0,blue-collar,married,secondary,no,no,call,18.0,aug,Night ,4.0,4.0,0.0,,no,5450.0,120.43247957746786,4.839197454146434,no
148176.0,29.0,blue-collar,married,primary,yes,no,call,16.0,apr,Night ,1.0,1.0,4.0,failure,,10045.0,93.53913209979689,5.116071520441331,no
151105.0,54.0,management,divorced,secondary,yes,no,call,7.0,may,morning,1.0,1.0,2.0,success,no,300.0,102.49459224193009,7.445527342660528,no
158100.0,73.0,retired,married,primary,no,,call,11.0,nov,Night,2.0,2.0,3.0,other,no,9160.0,95.98291683767077,6.234668461313077,no
121916.0,32.0,technician,married,tertiary,yes,no,,26.0,may,eve,3.0,3.0,0.0,,no,1037.0,95.23615403058659,7.698362756369005,no
127450.0,41.0,housemaid,married,secondary,no,no,,19.0,jun,Night ,1.0,1.0,0.0,,no,876.0,100.66691873383374,5.2678495224643545,no
149237.0,35.0,services,married,secondary,yes,no,call,20.0,apr,Night,2.0,2.0,0.0,,no,1047.0,98.69943296077737,8.752330503042364,no
127420.0,36.0,blue-collar,single,secondary,no,no,,19.0,jun,eve,1.0,1.0,0.0,,no,0.0,110.10465342097031,3.391485367362414,no
146978.0,28.0,self-employed,single,tertiary,no,no,call,16.0,feb,eve,1.0,1.0,0.0,,no,805.0,,5.934473612271941,yes
120009.0,38.0,services,married,secondary,yes,no,,19.0,may,Afternoon,1.0,1.0,0.0,,no,3259.0,122.34740729682255,7.386198203176562,no
145502.0,69.0,retired,married,primary,no,no,email,3.0,feb,Night,1.0,1.0,0.0,,no,2713.0,110.40272001227818,4.211138220676858,no
151234.0,32.0,management,single,tertiary,yes,yes,call,7.0,may,morning,2.0,2.0,2.0,failure,no,-307.0,112.47241226338397,3.7394248865662516,no
127616.0,40.0,unemployed,married,tertiary,yes,no,,20.0,jun,Night ,1.0,1.0,0.0,,no,2135.0,102.17711150543127,3.072254687219661,no
120502.0,47.0,entrepreneur,married,secondary,yes,no,,,may,morning,1.0,1.0,0.0,,no,136.0,84.49913435994746,4.046143781890433,no
146083.0,44.0,management,married,tertiary,yes,No,call,5.0,feb,Morning,1.0,1.0,0.0,,no,309.0,99.00062518334049,5.72533403250984,yes
121719.0,43.0,admin.,married,primary,yes,yes,,26.0,may,Night ,1.0,1.0,0.0,,no,314.0,105.97178767398488,4.820684343527446,no
132627.0,30.0,management,single,secondary,no,no,email,24.0,jul,eve,4.0,4.0,0.0,,yes,-985.0,98.31863962202002,5.864393928357297,no
141193.0,32.0,services,married,secondary,yes,yes,call,18.0,nov,Night ,2.0,2.0,0.0,,no,4885.0,90.11322103926442,4.557141422676919,no
123580.0,40.0,admin.,divorced,secondary,yes,no,,30.0,may,Night,2.0,2.0,0.0,,no,-105.0,95.24659417095043,3.2800036314392447,no
144112.0,53.0,blue-collar,married,primary,no,no,call,29.0,jan,Night,1.0,1.0,0.0,,yes,-462.0,85.64048105110021,4.757921762779809,yes
123576.0,50.0,technician,married,secondary,no,,,30.0,may,morning,1.0,1.0,0.0,,no,2062.0,111.57200740669883,3.696835981751999,no
123206.0,46.0,admin.,single,secondary,yes,no,,29.0,may,Afternoon,1.0,1.0,0.0,,no,1544.0,99.27506163338644,2.465056105646358,no
159276.0,44.0,admin.,divorced,tertiary,yes,no,call,31.0,mar,eve,2.0,2.0,0.0,,no,558.0,87.42278021510114,6.340409338211284,yes
120572.0,38.0,technician,divorced,secondary,yes,no,,20.0,may,Evening,2.0,2.0,0.0,,no,273.0,90.18936169769883,2.818134000856072,no
150852.0,35.0,entrepreneur,single,tertiary,yes,no,call,6.0,may,eve,1.0,1.0,12.0,other,no,1416.0,92.2453694026496,5.011248775936767,no
132380.0,32.0,admin.,single,secondary,yes,,call,23.0,jul,Night,2.0,2.0,0.0,,no,1291.0,92.33098218826285,6.0108103781577995,no
147045.0,,management,single,tertiary,no,no,call,26.0,feb,Evening,2.0,2.0,0.0,,no,3611.0,96.23560468671684,5.541890428103309,yes
137991.0,53.0,blue-collar,married,,no,no,call,21.0,aug,Night,2.0,2.0,0.0,,no,0.0,101.83587878886905,6.364348645441343,no
137345.0,31.0,technician,single,secondary,no,no,call,18.0,aug,morning,3.0,3.0,0.0,,no,3701.0,101.18406192084802,4.191124409590425,no
148017.0,32.0,technician,single,secondary,yes,yes,call,15.0,apr,Night,1.0,1.0,3.0,failure,no,674.0,107.71393401336555,6.729000406323657,no
134032.0,37.0,management,single,tertiary,no,no,call,30.0,jul,Night,1.0,1.0,0.0,,no,2173.0,103.35955674009097,6.038218594247566,no
147977.0,33.0,admin.,married,secondary,yes,no,call,14.0,apr,Night,2.0,2.0,0.0,,no,2374.0,104.86648415394362,7.63974100078725,no
127843.0,36.0,blue-collar,divorced,secondary,no,no,,20.0,jun,Night ,12.0,12.0,0.0,,no,853.0,123.67993070550044,4.167447096738767,no
139938.0,37.0,management,divorced,tertiary,yes,no,,18.0,oct,eve,1.0,1.0,0.0,,no,199.0,106.59117911598942,7.167439484193508,no
144079.0,46.0,entrepreneur,married,secondary,yes,no,call,29.0,jan,Night,1.0,1.0,1.0,failure,no,294.0,95.97256692363118,4.273482213155522,no
139691.0,38.0,technician,divorced,tertiary,no,no,call,29.0,aug,morning,13.0,13.0,0.0,,no,82.0,104.79115504347445,4.673017571378885,no
144166.0,40.0,management,single,tertiary,no,no,call,29.0,jan,Morning,1.0,1.0,0.0,,no,1361.0,87.41119154917592,5.5588480756383944,yes
151061.0,50.0,admin.,single,secondary,yes,no,call,7.0,may,Afternoon,1.0,1.0,1.0,failure,no,2040.0,93.51366381392887,4.430800870591798,no
130025.0,56.0,housemaid,married,primary,yes,yes,call,11.0,jul,Night,2.0,2.0,0.0,,no,0.0,104.02952491212385,3.1243738317383416,no
147341.0,36.0,management,married,tertiary,yes,no,call,30.0,mar,Night ,8.0,8.0,0.0,,no,9324.0,104.71601534238685,4.033128912889339,no
128859.0,58.0,blue-collar,married,primary,no,no,call,7.0,jul,eve,3.0,3.0,0.0,,no,853.0,86.76347644737388,4.726796091208643,no
152352.0,34.0,blue-collar,married,secondary,yes,yes,call,11.0,may,Morning,2.0,2.0,1.0,failure,no,10.0,88.8830129683828,4.147185281589484,no
142031.0,47.0,self-employed,married,primary,no,no,call,20.0,nov,Morning,2.0,2.0,0.0,,no,10697.0,95.62435012500265,6.730487618632958,no
137490.0,40.0,management,married,tertiary,no,no,call,19.0,aug,eve,2.0,2.0,0.0,,no,254.0,97.91940507799089,5.882142246215847,no
118666.0,31.0,admin.,married,secondary,yes,no,,14.0,may,Evening,1.0,1.0,0.0,,no,393.0,87.66590037334677,3.109535402595792,no
125189.0,38.0,technician,married,secondary,no,no,,5.0,jun,Evening,5.0,5.0,0.0,,no,635.0,100.83025460262259,5.325243954046565,no
129101.0,29.0,self-employed,single,tertiary,yes,no,call,8.0,jul,Afternoon,1.0,1.0,0.0,,no,0.0,87.81178892792292,7.401135310677191,no
153315.0,37.0,blue-collar,married,secondary,yes,no,call,13.0,may,morning,4.0,4.0,11.0,failure,no,-308.0,99.93646841889765,6.4797341022409425,no
150994.0,20.0,student,single,secondary,yes,no,call,6.0,may,morning,4.0,4.0,0.0,,no,602.0,110.7513588775107,3.8051580869509483,no
146520.0,26.0,,single,secondary,no,no,email,6.0,feb,Evening,3.0,3.0,0.0,,no,3247.0,92.09372427618052,3.3128683728631074,no
129281.0,42.0,management,married,tertiary,yes,no,call,9.0,,Morning,1.0,1.0,0.0,,no,0.0,89.36699516793524,4.141788259357158,no
156596.0,45.0,admin.,married,secondary,yes,yes,call,7.0,aug,morning,1.0,1.0,0.0,,no,171.0,93.10629019169633,2.787213881441549,no
156450.0,67.0,admin.,,primary,no,no,email,8.0,jul,Evening,3.0,3.0,0.0,,no,1093.0,93.58631454861381,4.937173471076419,no
153855.0,30.0,blue-collar,married,secondary,yes,no,call,14.0,may,morning,3.0,3.0,0.0,,no,1717.0,94.44310579399784,5.559857844090245,no
136611.0,31.0,technician,single,secondary,no,no,call,13.0,aug,Afternoon,2.0,2.0,0.0,,no,391.0,78.8217044197553,4.26610745233112,no
137159.0,45.0,services,married,secondary,no,no,call,18.0,aug,Night ,8.0,8.0,0.0,,no,1621.0,112.78187948639683,5.011569211797658,no
156195.0,30.0,admin.,married,secondary,no,no,SMS,16.0,jun,Evening,2.0,2.0,0.0,,no,124.0,99.14767744458412,4.60444701032156,no
138105.0,40.0,technician,married,tertiary,no,no,call,21.0,aug,morning,7.0,7.0,0.0,,no,278.0,,6.851131656260959,no
130493.0,46.0,technician,married,secondary,yes,no,call,15.0,jul,Night,2.0,2.0,0.0,,no,1590.0,100.82522334043352,4.32556969525324,no
120584.0,27.0,blue-collar,single,secondary,yes,no,,20.0,may,eve,10.0,10.0,0.0,,no,317.0,93.61083362926297,4.707034438230661,no
158078.0,45.0,management,married,tertiary,no,no,call,10.0,nov,Afternoon,2.0,2.0,1.0,success,no,160.0,99.0166973351818,5.809114725491318,yes
149630.0,34.0,management,married,tertiary,yes,no,call,22.0,apr,eve,1.0,1.0,0.0,,no,136.0,107.44204908748917,5.710027662093942,no
131044.0,43.0,blue-collar,married,primary,yes,no,call,17.0,jul,Night,1.0,1.0,0.0,,no,255.0,119.71264532037272,1.1569722269988767,no
156942.0,33.0,self-employed,married,tertiary,no,no,call,14.0,aug,eve,1.0,1.0,2.0,failure,no,263.0,83.24061926543379,4.706197539102643,no
149987.0,46.0,management,married,tertiary,no,no,call,30.0,apr,morning,1.0,1.0,1.0,failure,no,699.0,108.72185203554916,5.433943780994185,yes
123415.0,49.0,admin.,married,secondary,yes,no,,30.0,may,Night ,2.0,2.0,0.0,,no,2501.0,101.51622654280452,4.242694619967665,no
134097.0,34.0,technician,single,tertiary,yes,no,call,30.0,jul,Evening,3.0,3.0,0.0,,no,184.0,90.46267419242353,8.592396970201257,no
138161.0,31.0,management,married,tertiary,no,,call,21.0,aug,eve,3.0,3.0,0.0,,no,351.0,101.01833253070515,3.5974601816123153,no
136842.0,35.0,management,married,tertiary,no,no,call,14.0,aug,Night,2.0,2.0,0.0,,no,178.0,90.85675787906338,4.906288242292137,no
144852.0,48.0,services,married,secondary,no,no,call,2.0,feb,Night ,1.0,1.0,0.0,,no,1555.0,103.96539587519756,4.878268850859219,no
155371.0,44.0,services,married,secondary,,no,call,25.0,may,Night,1.0,1.0,0.0,,no,27.0,85.90902022265246,4.527877006361846,no
141885.0,30.0,management,single,tertiary,no,no,call,19.0,nov,Afternoon,2.0,2.0,0.0,,no,19358.0,107.61530841693585,5.693216563023886,no
126796.0,45.0,housemaid,married,primary,yes,yes,,17.0,jun,Night ,1.0,1.0,0.0,,no,3.0,103.49577343904045,6.703064251110581,no
151043.0,54.0,management,married,primary,yes,yes,call,7.0,may,morning,1.0,1.0,0.0,,no,3185.0,109.74359864453919,4.8163941743074155,no
153305.0,38.0,management,married,tertiary,yes,no,call,13.0,may,eve,5.0,5.0,2.0,failure,no,0.0,97.88186579832491,6.734037847124795,no
160090.0,24.0,technician,single,secondary,no,no,call,15.0,jul,Night,2.0,2.0,0.0,,no,3843.0,95.15767430439071,7.220554948797496,no
116626.0,35.0,services,married,secondary,yes,no,,6.0,may,Evening,3.0,3.0,0.0,,no,109.0,92.89998109921488,4.5986157080364585,no
132193.0,47.0,retired,divorced,secondary,no,yes,,23.0,jul,Evening,1.0,1.0,0.0,,no,-157.0,115.00369118163961,3.9691091726218266,no
140245.0,53.0,services,married,secondary,no,no,call,17.0,nov,Evening,1.0,1.0,1.0,failure,no,1364.0,95.0672147498174,3.1900018723937764,no
149151.0,48.0,services,married,secondary,yes,no,call,20.0,apr,eve,1.0,1.0,1.0,failure,no,440.0,96.74083073950193,7.143738653490094,no
142488.0,38.0,blue-collar,married,secondary,no,no,call,20.0,nov,Evening,3.0,3.0,0.0,,no,0.0,106.58732427905427,5.622589337974765,no
120216.0,45.0,management,married,tertiary,no,no,,19.0,may,Night ,5.0,5.0,0.0,,no,199.0,86.92929216887148,4.511436806723925,no
118547.0,24.0,admin.,single,secondary,yes,no,,13.0,may,Morning,3.0,3.0,0.0,,no,507.0,90.46802920136994,5.524240268716758,no
118791.0,55.0,management,married,tertiary,yes,No,,14.0,may,Evening,1.0,1.0,0.0,,no,23189.0,92.97736430638315,5.372636296221015,no
146123.0,34.0,admin.,married,tertiary,yes,no,call,5.0,feb,Morning,1.0,1.0,0.0,,no,788.0,107.0372980661536,5.663962622082578,no
140526.0,52.0,blue-collar,married,,yes,no,call,17.0,nov,morning,2.0,2.0,0.0,,no,2171.0,101.76404564636518,6.107511494493917,no
139095.0,49.0,blue-collar,married,secondary,no,no,call,27.0,aug,eve,20.0,20.0,0.0,,no,-417.0,83.34181278546197,4.643272924224487,no
118618.0,25.0,technician,single,tertiary,yes,no,,13.0,may,Afternoon,2.0,2.0,0.0,,no,640.0,99.9567060006724,3.4792789465432774,no
125020.0,49.0,blue-collar,married,secondary,yes,no,,5.0,jun,eve,1.0,1.0,0.0,,no,787.0,110.7071382368443,4.099448874457537,no
156585.0,66.0,admin.,married,secondary,no,no,call,7.0,aug,Night ,1.0,1.0,0.0,,no,5464.0,97.1494651379985,5.186486169493206,no
122080.0,38.0,admin.,divorced,secondary,yes,no,,,may,Night ,2.0,2.0,0.0,,no,-212.0,111.73676226059854,3.1687229288482324,no
140518.0,48.0,management,divorced,tertiary,yes,no,call,17.0,nov,eve,5.0,5.0,6.0,failure,no,-478.0,96.54906588295255,5.228616734460091,no
127589.0,60.0,housemaid,divorced,tertiary,no,no,,20.0,jun,Afternoon,4.0,4.0,0.0,,no,662.0,105.62669578849898,3.893866500068624,no
132265.0,27.0,housemaid,married,primary,yes,no,call,23.0,jul,Evening,3.0,3.0,0.0,,no,0.0,95.81574832903581,,no
158010.0,66.0,housemaid,married,primary,no,no,email,2.0,nov,Night,4.0,4.0,4.0,other,no,922.0,89.70467487208634,6.878300242525409,no
116692.0,29.0,technician,married,secondary,no,,,7.0,may,Morning,1.0,1.0,0.0,,no,8.0,113.9317148410879,4.700637969652735,no
151617.0,39.0,blue-collar,married,secondary,yes,yes,call,8.0,may,eve,1.0,1.0,1.0,failure,no,171.0,109.17036369047615,5.231394735617641,no
131546.0,38.0,unemployed,divorced,secondary,yes,yes,call,21.0,jul,Morning,2.0,2.0,0.0,,no,189.0,110.34251046056161,4.417068040513853,no
160315.0,42.0,admin.,married,secondary,no,no,call,4.0,aug,Night ,1.0,1.0,1.0,other,no,641.0,95.73698324482046,6.423812758645147,no
157286.0,35.0,technician,single,secondary,no,No,call,1.0,sep,morning,2.0,2.0,2.0,failure,no,183.0,115.07190718943222,5.356950113677859,no
123975.0,32.0,blue-collar,single,primary,yes,no,,2.0,jun,Evening,1.0,1.0,0.0,,no,2507.0,100.39791162405146,3.4512118534667593,no
152134.0,36.0,technician,single,secondary,yes,no,call,11.0,may,morning,1.0,1.0,0.0,,no,1615.0,102.13018571486921,6.255575727521121,no
120519.0,39.0,admin.,married,secondary,yes,no,,,may,eve,2.0,2.0,0.0,,no,-362.0,100.12748110695125,2.996382584138027,no
120998.0,32.0,technician,single,secondary,yes,yes,,21.0,may,Night,1.0,1.0,0.0,,no,644.0,,7.073732243662185,no
153678.0,39.0,blue-collar,married,secondary,yes,no,call,14.0,may,eve,1.0,1.0,0.0,,no,300.0,90.12287500575944,5.763367430965175,no
151748.0,40.0,technician,single,secondary,yes,no,call,8.0,may,Evening,1.0,1.0,3.0,failure,no,287.0,94.20805507190684,7.25169227284295,no
147070.0,50.0,management,married,,no,no,call,27.0,feb,Evening,1.0,1.0,1.0,failure,no,8345.0,104.29112449640012,2.815716301341359,yes
121198.0,33.0,management,married,tertiary,yes,no,,23.0,may,Night ,1.0,1.0,0.0,,no,17946.0,101.99992893837454,6.767702616729086,no
116276.0,38.0,blue-collar,married,secondary,yes,no,,6.0,,Morning,1.0,1.0,0.0,,no,20.0,117.27313055556525,6.172952073319041,no
149585.0,26.0,student,single,tertiary,no,no,call,21.0,apr,Morning,2.0,2.0,0.0,,no,10086.0,112.79201382690083,6.014429405547381,yes
117260.0,31.0,blue-collar,married,secondary,yes,no,,8.0,may,eve,1.0,1.0,0.0,,no,335.0,96.4725375582276,3.5897390676685945,no
126735.0,44.0,housemaid,married,tertiary,no,no,,17.0,jun,Night ,1.0,1.0,0.0,,no,460.0,92.20632855017665,7.206242333554318,no
144136.0,37.0,unemployed,single,secondary,no,no,call,29.0,jan,eve,1.0,1.0,0.0,,no,443.0,,3.706675853673029,yes
155039.0,57.0,blue-collar,married,secondary,yes,no,SMS,18.0,may,Night ,2.0,2.0,0.0,,no,2058.0,114.85770227268954,2.11850529967524,no
147264.0,37.0,management,single,tertiary,no,no,call,19.0,mar,Morning,1.0,1.0,0.0,,no,1730.0,107.1494287362781,3.9293343376443475,yes
134820.0,47.0,technician,married,secondary,no,no,call,4.0,aug,Night ,2.0,2.0,0.0,,no,636.0,114.57846725205059,2.0684922908868075,no
153659.0,28.0,admin.,married,secondary,yes,yes,call,14.0,may,Afternoon,2.0,2.0,0.0,,no,22.0,92.9723084170469,4.048869264387149,no
129861.0,49.0,blue-collar,married,primary,yes,yes,email,10.0,jul,Night ,10.0,10.0,0.0,,no,305.0,83.69044208558978,5.413084236890087,no
136869.0,33.0,technician,single,tertiary,no,no,call,14.0,aug,morning,2.0,2.0,0.0,,no,68.0,108.02127051380447,4.882991293572911,no
125463.0,49.0,technician,single,secondary,yes,no,,6.0,jun,Night,2.0,2.0,0.0,,no,-97.0,109.1465811824537,6.700731478124318,no
156572.0,67.0,retired,married,tertiary,no,no,call,6.0,aug,Night,2.0,2.0,0.0,,no,701.0,99.33773458864698,5.1328596665685176,yes
149837.0,47.0,retired,divorced,tertiary,yes,no,call,30.0,apr,morning,1.0,1.0,0.0,,no,1431.0,84.44884346976467,3.0008458617569542,no
143177.0,39.0,services,married,primary,yes,no,call,21.0,nov,Evening,2.0,2.0,2.0,failure,no,1601.0,97.98257731106071,3.7950809421232186,no
120680.0,34.0,management,married,tertiary,no,no,,21.0,may,morning,5.0,5.0,0.0,,no,363.0,98.21070486583476,5.552572020354568,no
154483.0,38.0,management,married,tertiary,yes,no,call,15.0,may,Night,8.0,8.0,0.0,,no,8.0,106.46757140751842,6.514825380082886,no
124082.0,29.0,blue-collar,single,secondary,yes,yes,,2.0,jun,Night ,4.0,4.0,0.0,,no,80.0,103.02266917666634,7.468792066255423,no
116837.0,33.0,admin.,,secondary,yes,no,,7.0,may,Night,2.0,2.0,0.0,,,-6.0,98.41520160250406,5.714170007106623,no
146672.0,38.0,blue-collar,married,primary,yes,No,call,6.0,feb,Afternoon,3.0,3.0,0.0,,no,558.0,98.93526499788159,4.8977682423913524,no
124008.0,37.0,blue-collar,married,secondary,yes,no,,2.0,jun,morning,1.0,1.0,0.0,,no,489.0,105.60817528528759,1.5668005704841117,no
153704.0,35.0,student,divorced,primary,yes,no,call,14.0,may,Evening,2.0,2.0,3.0,other,no,2755.0,121.6388184717155,5.766092044385248,no
118529.0,60.0,retired,married,tertiary,yes,no,,13.0,may,Night,4.0,4.0,0.0,,no,0.0,90.37731247716962,5.932568184396599,no
117808.0,39.0,blue-collar,married,primary,yes,no,,9.0,may,Morning,2.0,2.0,0.0,,,105.0,80.32376673055828,4.454073463572971,no
147243.0,37.0,services,single,secondary,no,no,call,17.0,mar,morning,2.0,2.0,1.0,failure,no,,89.98082433121135,5.113842645665557,yes
140855.0,52.0,self-employed,divorced,tertiary,yes,no,call,18.0,nov,eve,1.0,1.0,0.0,,no,10653.0,92.7100064044291,3.026460857383312,no
140431.0,52.0,management,married,tertiary,yes,no,call,17.0,nov,Morning,2.0,2.0,0.0,,no,2920.0,111.50624960811906,4.986157261746725,no
134891.0,60.0,management,divorced,secondary,no,no,call,5.0,aug,Night,3.0,3.0,0.0,,no,0.0,106.21690367271525,2.9143741148676474,yes
134021.0,53.0,management,single,tertiary,no,no,call,30.0,jul,Morning,1.0,1.0,0.0,,no,0.0,82.30822532104857,5.822151148807138,no
118224.0,23.0,technician,single,secondary,yes,no,,13.0,may,Night,1.0,1.0,0.0,,no,158.0,103.04367180760462,5.10305573454909,no
148104.0,40.0,technician,married,secondary,yes,no,call,16.0,apr,Morning,1.0,1.0,0.0,,no,158.0,103.58064791026331,2.326050061504356,no
117833.0,47.0,technician,single,,yes,No,,9.0,may,Morning,4.0,4.0,0.0,,no,77.0,84.75217394722748,7.314249513453556,no
136509.0,49.0,blue-collar,married,secondary,no,no,call,12.0,aug,Morning,8.0,8.0,0.0,,no,553.0,87.64527281662647,6.893781020578675,yes
118034.0,25.0,admin.,single,tertiary,no,no,,12.0,may,Night,1.0,1.0,0.0,,no,40.0,94.47014400001206,4.553285431450735,no
153539.0,36.0,self-employed,married,tertiary,yes,no,call,14.0,may,Night,1.0,1.0,2.0,other,no,307.0,107.84680728473924,7.6267276709104594,no
154522.0,24.0,admin.,single,secondary,yes,no,call,15.0,may,eve,3.0,3.0,4.0,failure,no,290.0,108.98330826001214,4.070307907490905,no
155529.0,29.0,management,single,tertiary,yes,no,call,26.0,may,Night,1.0,1.0,0.0,,no,2907.0,91.27828497826846,6.202521416402367,no
160117.0,34.0,technician,married,secondary,no,no,call,19.0,jul,Night ,3.0,3.0,1.0,success,no,806.0,127.20465036780026,6.465568835737026,yes
133714.0,43.0,entrepreneur,single,tertiary,no,yes,call,29.0,jul,Night,4.0,4.0,0.0,,no,744.0,99.16025193299629,7.3203340729906206,no
129617.0,60.0,retired,married,primary,no,no,call,10.0,jul,Evening,3.0,3.0,0.0,,no,71.0,86.08196527484603,6.3842853431511095,no
130171.0,51.0,management,married,tertiary,yes,yes,call,14.0,jul,Afternoon,3.0,3.0,0.0,,no,248.0,96.57977040040258,6.587216611547026,no
117907.0,31.0,blue-collar,married,secondary,yes,no,,9.0,may,Morning,3.0,3.0,0.0,,no,42.0,124.89541021722398,5.006951418425018,no
157219.0,32.0,management,married,tertiary,no,no,call,28.0,aug,morning,1.0,1.0,2.0,failure,no,937.0,104.24477164502176,5.059996773771043,no
155664.0,24.0,student,single,,no,no,call,1.0,jun,eve,1.0,1.0,0.0,,no,839.0,91.05862315995903,5.195182878111824,no
129299.0,39.0,entrepreneur,married,tertiary,yes,no,call,9.0,jul,Night ,1.0,1.0,0.0,,no,628.0,93.73292221979774,5.184868820645715,no
130712.0,26.0,technician,single,secondary,,no,call,16.0,jul,eve,1.0,1.0,0.0,,no,354.0,94.12638151267247,,yes
146041.0,43.0,technician,,secondary,no,yes,call,4.0,feb,Evening,3.0,3.0,0.0,,no,1667.0,109.04041214345152,4.555976176219644,no
119703.0,22.0,admin.,single,secondary,yes,no,,16.0,may,Evening,1.0,1.0,0.0,,no,118.0,108.56731685166915,5.846653905478521,no
151209.0,60.0,blue-collar,married,secondary,yes,no,call,7.0,may,Night,1.0,1.0,0.0,,no,322.0,98.9500438901787,6.385549777306716,no
138663.0,54.0,blue-collar,,secondary,no,no,call,25.0,aug,morning,6.0,6.0,0.0,,no,983.0,108.5192485741649,6.227406992679571,no
132655.0,32.0,blue-collar,divorced,primary,yes,no,call,24.0,jul,Night,2.0,2.0,0.0,,no,-156.0,99.59617528042472,5.782863869386678,no
141273.0,33.0,blue-collar,married,secondary,yes,yes,call,18.0,nov,Morning,6.0,6.0,0.0,,no,833.0,109.73674653127259,6.745484980101635,no
118148.0,42.0,management,divorced,tertiary,yes,no,,12.0,may,Night ,2.0,2.0,0.0,,no,1750.0,82.9472254455355,3.7149848248194357,no
137931.0,,technician,divorced,tertiary,no,No,call,20.0,aug,Night ,3.0,3.0,0.0,,no,1088.0,125.76320241009356,5.9306546040826085,no
129801.0,59.0,blue-collar,divorced,,yes,no,call,10.0,jul,eve,1.0,1.0,0.0,,no,454.0,108.94852027456719,7.52875943272824,no
129795.0,58.0,retired,married,secondary,no,no,SMS,10.0,jul,Evening,1.0,1.0,0.0,,no,1067.0,97.94353597597089,2.5235659490261177,no
143352.0,30.0,management,single,tertiary,no,No,call,21.0,nov,Evening,4.0,4.0,5.0,failure,no,9634.0,91.8959875836365,2.9930416457895057,no
128416.0,54.0,services,married,secondary,no,yes,,3.0,,Afternoon,1.0,1.0,0.0,,no,-165.0,94.03380096587304,,no
127590.0,36.0,management,married,secondary,yes,no,,20.0,jun,Afternoon,1.0,1.0,0.0,,no,1736.0,106.02116283122001,5.554608279218915,no
149790.0,33.0,management,married,tertiary,no,No,call,30.0,,Night,2.0,2.0,2.0,success,no,158.0,89.86099063210183,5.42063270839616,no
130798.0,39.0,services,married,secondary,yes,yes,email,16.0,jul,Afternoon,1.0,1.0,0.0,,no,1323.0,93.8493836408593,2.320552410545511,no
151347.0,53.0,entrepreneur,married,secondary,yes,no,call,7.0,may,Evening,2.0,2.0,0.0,,no,162.0,109.45078320673221,5.136591506086671,no
147470.0,32.0,blue-collar,married,secondary,yes,No,call,3.0,apr,Morning,1.0,1.0,0.0,,no,,98.36306097637477,5.603730368633499,no
155348.0,29.0,technician,single,secondary,no,no,call,25.0,may,Night ,1.0,1.0,0.0,,no,590.0,92.02760779411983,3.1551399654231784,yes
129071.0,41.0,blue-collar,married,primary,yes,no,call,8.0,jul,morning,2.0,2.0,0.0,,no,-692.0,97.94842478420402,4.459719391490248,no
156748.0,37.0,management,married,tertiary,yes,No,call,12.0,aug,Night,2.0,2.0,2.0,success,no,393.0,85.56413402175431,6.0155598394770236,no
152944.0,32.0,services,married,secondary,yes,no,email,13.0,may,Night ,1.0,1.0,1.0,failure,no,413.0,90.8749156164142,5.189883992882038,no
158694.0,28.0,admin.,single,secondary,yes,yes,call,29.0,jan,morning,3.0,3.0,6.0,success,no,261.0,107.6535970126057,4.646524441948763,yes
137140.0,55.0,self-employed,married,secondary,no,yes,call,18.0,aug,Morning,12.0,12.0,0.0,,no,2678.0,105.08910064188794,3.841872116186148,no
160511.0,28.0,management,single,tertiary,yes,no,call,1.0,sep,Night,2.0,2.0,0.0,,no,1584.0,84.57410479807419,4.232320347505347,yes
132576.0,34.0,technician,single,secondary,yes,yes,call,24.0,jul,Afternoon,1.0,1.0,0.0,,yes,103.0,88.05095533829069,5.3513511931716495,no
138585.0,38.0,management,divorced,tertiary,no,no,call,25.0,aug,eve,12.0,12.0,0.0,,no,2350.0,116.18787271983226,6.04809698269676,no
144576.0,36.0,unemployed,married,secondary,no,no,call,30.0,jan,Evening,3.0,3.0,0.0,,no,-35.0,121.57703605697998,0.8657204104256344,no
132070.0,31.0,management,married,tertiary,yes,no,call,22.0,jul,Morning,3.0,3.0,0.0,,no,322.0,109.13100358886003,5.91108673496303,no
124340.0,42.0,entrepreneur,married,secondary,yes,no,,3.0,jun,morning,1.0,1.0,0.0,,no,2869.0,103.74256194091834,4.914768552485591,no
156897.0,34.0,admin.,married,tertiary,no,no,call,13.0,aug,morning,1.0,1.0,5.0,success,no,882.0,95.38839786069902,3.1033515067977495,no
147129.0,37.0,,single,tertiary,no,no,call,3.0,mar,Evening,1.0,1.0,0.0,,no,0.0,107.8220561486938,4.016981320209712,yes
120291.0,30.0,blue-collar,married,secondary,yes,No,,20.0,may,morning,1.0,1.0,0.0,,no,,100.97503008951115,7.795881522249093,no
131493.0,31.0,blue-collar,single,secondary,yes,no,call,21.0,jul,Evening,4.0,4.0,0.0,,no,324.0,97.19687707970236,6.355253140639919,no
132916.0,33.0,admin.,single,secondary,yes,,call,25.0,jul,Evening,1.0,1.0,0.0,,no,-300.0,86.32843672310852,4.502511872115192,no
155941.0,50.0,management,divorced,tertiary,no,no,call,4.0,jun,morning,3.0,3.0,0.0,,no,810.0,111.85828057861316,3.8773335893586474,yes
118810.0,43.0,unemployed,single,primary,yes,no,,14.0,may,morning,1.0,1.0,0.0,,no,698.0,96.28827900438016,4.020056753812718,no
129442.0,39.0,services,divorced,secondary,yes,no,call,9.0,jul,morning,2.0,2.0,0.0,,no,-388.0,92.45338065918573,5.107400998490946,no
159418.0,40.0,technician,married,tertiary,no,no,call,23.0,apr,Evening,6.0,6.0,4.0,success,no,206.0,94.10647849555595,3.4234236226322903,yes
130685.0,31.0,services,married,secondary,yes,yes,call,16.0,jul,morning,1.0,1.0,0.0,,,-230.0,100.42003096014729,3.6705313345195227,no
157954.0,61.0,management,married,tertiary,yes,no,call,,oct,morning,1.0,1.0,1.0,other,no,477.0,95.16034560546115,3.354501203324849,yes
141489.0,35.0,self-employed,married,tertiary,no,yes,call,19.0,nov,Night ,1.0,1.0,0.0,,no,1340.0,102.02083233520719,5.171677025038968,no
137656.0,53.0,technician,married,secondary,no,no,call,19.0,aug,eve,4.0,4.0,0.0,,no,428.0,103.85369060706628,4.4501424983351,no
128450.0,29.0,services,single,secondary,no,no,,3.0,jul,eve,1.0,1.0,0.0,,no,695.0,114.71213679930113,7.094829795047001,no
130765.0,47.0,services,married,secondary,no,yes,call,16.0,jul,Night,2.0,2.0,0.0,,no,651.0,105.08785409527246,5.971868053454021,no
131536.0,27.0,unemployed,single,secondary,yes,no,call,21.0,jul,Evening,6.0,6.0,0.0,,no,0.0,104.32805639859764,6.385534167849727,no
139681.0,49.0,services,married,secondary,yes,yes,call,29.0,aug,Night,2.0,2.0,0.0,,no,413.0,113.11964600512263,2.51380576297045,no
145200.0,36.0,management,single,,no,No,call,2.0,feb,Afternoon,2.0,2.0,0.0,,no,601.0,92.05578797987661,2.5259545531879026,no
155023.0,44.0,admin.,divorced,secondary,yes,no,call,18.0,may,Evening,3.0,3.0,2.0,failure,no,777.0,105.87789177612888,2.795278713954706,no
149815.0,33.0,student,single,,no,no,call,30.0,apr,Night ,1.0,1.0,7.0,failure,no,5969.0,86.30738308050033,5.566986914720657,no
139039.0,36.0,technician,single,secondary,no,yes,call,26.0,aug,Night ,14.0,14.0,0.0,,yes,0.0,94.30820357244087,3.990443563193426,no
120052.0,49.0,blue-collar,married,primary,yes,no,,19.0,may,morning,1.0,1.0,0.0,,no,284.0,102.08299379687656,3.4971721969849643,no
152833.0,45.0,blue-collar,married,,yes,no,call,12.0,may,Afternoon,4.0,4.0,0.0,,no,23.0,110.2788891789316,4.636603195217694,no
128698.0,44.0,housemaid,married,primary,no,no,call,7.0,jul,Night ,3.0,3.0,0.0,,no,398.0,91.17424830893279,4.895076510927078,no
117328.0,30.0,blue-collar,single,secondary,yes,yes,,8.0,may,Night,1.0,1.0,0.0,,no,648.0,99.3572942615295,6.460937036532979,no
121572.0,33.0,admin.,married,secondary,yes,no,,26.0,may,Afternoon,4.0,4.0,0.0,,no,105.0,119.09993885580089,4.83985223075981,no
117046.0,28.0,admin.,single,secondary,yes,no,,7.0,may,Morning,2.0,2.0,0.0,,no,260.0,87.77531419458128,6.50221439564584,no
135357.0,38.0,management,single,tertiary,no,no,call,7.0,aug,Night ,2.0,2.0,0.0,,no,3813.0,102.08535679383706,6.697366412162661,no
134316.0,46.0,management,single,secondary,no,no,call,31.0,jul,Morning,6.0,6.0,0.0,,no,1605.0,98.83404114188208,4.6265844879053475,no
138797.0,49.0,management,married,secondary,no,no,call,25.0,aug,Afternoon,3.0,3.0,0.0,,no,338.0,99.52107387388781,2.563738416523905,no
156518.0,31.0,admin.,single,secondary,no,no,call,4.0,aug,Evening,1.0,1.0,2.0,failure,no,40.0,108.65558403784168,4.6729647119690565,no
121455.0,28.0,blue-collar,single,secondary,yes,no,,23.0,may,Night ,2.0,2.0,0.0,,no,-303.0,88.652457152508,1.9217401068893682,no
118848.0,46.0,technician,divorced,secondary,yes,no,,14.0,may,Night ,2.0,2.0,0.0,,no,3455.0,83.1482552739159,5.725439184464835,no
136249.0,50.0,blue-collar,married,primary,no,No,call,11.0,aug,eve,5.0,5.0,0.0,,no,0.0,105.07909491678174,6.907773562597713,no
152476.0,47.0,services,married,secondary,yes,no,call,12.0,may,eve,3.0,3.0,2.0,failure,no,216.0,102.1425511788798,7.212034662792729,no
147564.0,30.0,blue-collar,single,tertiary,no,no,call,7.0,apr,Morning,4.0,4.0,0.0,,no,297.0,93.20688987641694,4.981733607418697,yes
126761.0,58.0,technician,married,secondary,no,no,,17.0,jun,eve,1.0,1.0,0.0,,no,592.0,98.72336739440696,6.796127461908657,no
122789.0,55.0,blue-collar,married,secondary,yes,yes,,28.0,may,Morning,3.0,3.0,0.0,,no,284.0,99.81517039297718,5.345503308591145,no
159144.0,35.0,technician,married,secondary,yes,No,call,9.0,mar,Night ,1.0,1.0,4.0,success,no,294.0,93.27560299414374,4.486148895133861,yes
125922.0,38.0,blue-collar,divorced,secondary,no,no,,9.0,jun,Afternoon,5.0,5.0,0.0,,no,157.0,99.71351147064414,2.1547895754947217,no
129289.0,35.0,services,married,secondary,,yes,email,9.0,jul,Afternoon,1.0,1.0,0.0,,no,0.0,89.85354056334032,3.6117751432869065,no
138043.0,38.0,management,married,tertiary,no,no,call,21.0,aug,Night,6.0,6.0,0.0,,no,3995.0,108.63392193498692,4.0134109311082,no
152960.0,30.0,blue-collar,married,primary,yes,no,call,13.0,may,Morning,1.0,1.0,0.0,,no,25.0,112.53799445413647,6.780604759174042,no
156685.0,42.0,blue-collar,married,primary,yes,no,call,11.0,aug,morning,1.0,1.0,3.0,success,no,201.0,96.8416405202586,4.958586646314757,yes
129390.0,40.0,admin.,married,secondary,yes,no,call,9.0,jul,Night,1.0,1.0,0.0,,no,-253.0,89.31318490627848,7.837422486830752,no
126591.0,38.0,management,single,tertiary,yes,yes,,16.0,jun,Night ,3.0,3.0,0.0,,no,93.0,94.61793484448437,4.899486573813501,no
142562.0,38.0,management,married,tertiary,yes,no,SMS,20.0,nov,Afternoon,2.0,2.0,0.0,,no,0.0,108.66079202013307,4.3707654390906185,no
119868.0,55.0,blue-collar,married,primary,yes,no,,16.0,may,Afternoon,6.0,6.0,0.0,,no,-268.0,99.37382890228679,8.004978118524633,no
120831.0,37.0,technician,married,secondary,yes,no,,21.0,may,morning,3.0,3.0,0.0,,no,5729.0,115.05393468338048,7.09624210348682,no
138686.0,44.0,technician,divorced,secondary,no,no,call,25.0,aug,Night,4.0,4.0,0.0,,no,242.0,100.23611451123293,5.916025778218071,no
143852.0,30.0,admin.,single,secondary,yes,no,call,28.0,jan,morning,1.0,1.0,1.0,failure,no,732.0,117.02449783699532,3.6189841981966877,no
131021.0,43.0,technician,married,tertiary,yes,no,call,17.0,jul,Night ,1.0,1.0,0.0,,no,3530.0,105.78746148248666,7.153892285852992,no
115949.0,47.0,blue-collar,married,,yes,no,,5.0,may,Night ,1.0,1.0,0.0,,no,306.0,85.8860219428578,4.311163753662303,no
121472.0,49.0,blue-collar,married,secondary,yes,no,,23.0,may,Night,16.0,16.0,0.0,,no,188.0,105.86819472097949,5.487424156724769,no
149287.0,43.0,blue-collar,married,secondary,yes,no,call,20.0,apr,Night ,3.0,3.0,5.0,other,no,85.0,77.10147522796522,4.986117275830305,no
139319.0,33.0,management,single,tertiary,no,no,call,27.0,aug,eve,5.0,5.0,0.0,,no,627.0,105.56526486935051,4.845507531801452,no
121574.0,36.0,technician,married,secondary,yes,no,,26.0,may,Night ,2.0,2.0,0.0,,no,-8.0,113.62953429419227,6.463258690231096,no
146991.0,73.0,retired,married,tertiary,no,no,call,17.0,feb,Afternoon,1.0,1.0,0.0,,no,459.0,105.06805008379092,5.3649139905727505,yes
132865.0,58.0,retired,married,secondary,no,no,call,25.0,jul,Night ,1.0,1.0,0.0,,no,992.0,109.18399874724335,,no
137128.0,48.0,housemaid,married,secondary,no,no,call,18.0,aug,Night,4.0,4.0,0.0,,no,4.0,91.4041723938707,3.898427818281827,no
133103.0,43.0,services,married,secondary,no,no,call,28.0,jul,Night,2.0,2.0,0.0,,no,1220.0,99.43712526261318,5.390673701563564,no
119660.0,44.0,blue-collar,married,primary,yes,no,,16.0,may,eve,2.0,2.0,0.0,,no,1511.0,110.37830178872204,3.908683117023804,no
144937.0,36.0,technician,divorced,secondary,yes,no,call,2.0,feb,Evening,1.0,1.0,2.0,failure,no,-94.0,108.4656466905657,6.646638062333963,no
141797.0,36.0,self-employed,married,tertiary,yes,no,call,19.0,nov,Night ,1.0,1.0,3.0,failure,no,16430.0,112.19746762437642,5.147760525496144,no
138636.0,38.0,management,married,tertiary,yes,no,call,25.0,aug,Night ,4.0,4.0,0.0,,no,1463.0,105.04707515533832,3.332513121982366,no
139626.0,30.0,technician,single,secondary,no,no,call,28.0,aug,Night ,6.0,6.0,0.0,,no,3.0,106.25807662708989,7.42924250644138,no
129137.0,54.0,blue-collar,married,secondary,no,yes,call,8.0,jul,Afternoon,3.0,3.0,0.0,,no,1063.0,112.58082021796442,3.730300379784091,no
127751.0,40.0,blue-collar,married,secondary,yes,yes,,20.0,jun,Evening,2.0,2.0,0.0,,,188.0,94.38013513437758,4.038171090286849,yes
141964.0,49.0,technician,single,secondary,no,no,call,19.0,nov,Morning,2.0,2.0,0.0,,no,3972.0,103.2214524031514,4.082915162621769,no
134137.0,41.0,blue-collar,married,primary,yes,No,call,31.0,jul,morning,6.0,6.0,0.0,,no,1500.0,86.62651247737026,5.517752122586121,no
145224.0,28.0,technician,single,tertiary,yes,yes,call,2.0,feb,morning,2.0,2.0,0.0,,no,172.0,103.95320917485134,4.129508445291988,no
159986.0,29.0,management,single,tertiary,no,No,call,7.0,jul,Evening,2.0,2.0,1.0,success,no,1808.0,99.4746820620494,6.600076921890311,yes
151184.0,58.0,management,married,primary,yes,no,call,7.0,may,eve,1.0,1.0,4.0,failure,no,1052.0,117.4982406771525,5.771740840448399,no
129052.0,26.0,technician,single,secondary,no,yes,call,,jul,Morning,3.0,3.0,0.0,,no,68.0,108.91002077489995,4.57828059530206,no
154578.0,27.0,admin.,married,secondary,yes,no,call,15.0,may,Afternoon,2.0,2.0,3.0,failure,no,1417.0,104.90585386493045,8.153204310945444,no
136660.0,54.0,blue-collar,married,secondary,no,no,call,13.0,aug,morning,4.0,4.0,0.0,,no,3002.0,110.63958335115302,5.075386427473242,no
138800.0,31.0,technician,married,secondary,no,no,call,25.0,aug,morning,6.0,6.0,0.0,,no,0.0,106.60812269540189,5.8156493938417295,no
121307.0,55.0,technician,married,tertiary,no,no,,23.0,may,morning,1.0,1.0,0.0,,no,440.0,100.43409262903296,4.849591544419202,no
158927.0,32.0,technician,married,secondary,yes,no,call,15.0,feb,Evening,6.0,6.0,3.0,success,no,484.0,112.41559893412884,5.193971549184127,yes
140491.0,48.0,retired,married,secondary,yes,yes,call,17.0,nov,Afternoon,2.0,2.0,0.0,,no,264.0,87.54130916284018,4.912700738490453,no
154317.0,29.0,technician,single,tertiary,yes,no,call,15.0,may,Afternoon,1.0,1.0,0.0,,no,226.0,112.1589905441829,5.079003034014067,no
123989.0,33.0,blue-collar,married,secondary,yes,no,,2.0,jun,Morning,1.0,1.0,0.0,,no,395.0,83.20675647844084,5.6415043489931636,no
150783.0,51.0,self-employed,married,primary,yes,no,email,6.0,may,Night ,1.0,1.0,5.0,failure,no,106.0,111.32099666609007,5.9273402368163985,no
160913.0,37.0,management,married,secondary,no,no,call,14.0,oct,Morning,3.0,3.0,7.0,,no,209.0,98.94981669746376,1.6672602680354949,no
158986.0,51.0,management,single,,no,,call,22.0,feb,Night,5.0,5.0,1.0,failure,no,1277.0,103.13049761566802,3.2141813651745514,no
149755.0,47.0,housemaid,married,secondary,yes,no,call,30.0,apr,eve,1.0,1.0,1.0,other,no,3940.0,93.85103442194703,3.4193227501921895,no
146413.0,,management,married,tertiary,yes,no,call,5.0,feb,Afternoon,2.0,2.0,2.0,failure,no,21.0,94.95644931016912,6.250282600876638,no
135461.0,55.0,management,married,tertiary,no,no,call,7.0,aug,Evening,2.0,2.0,0.0,,no,543.0,99.11514267892618,5.722533673210843,no
125365.0,50.0,technician,married,secondary,no,no,,6.0,jun,eve,1.0,1.0,0.0,,no,8001.0,99.38958549230958,5.2673957899548745,no
150740.0,43.0,management,married,primary,no,yes,call,6.0,may,Night ,1.0,1.0,0.0,,no,88.0,93.58750135989655,6.179030515558123,no
157406.0,51.0,unemployed,married,secondary,no,no,call,9.0,sep,Afternoon,1.0,1.0,0.0,,no,1416.0,99.13632385213896,7.0734047893314695,yes
160640.0,37.0,unemployed,married,secondary,no,no,call,9.0,sep,eve,1.0,1.0,1.0,success,no,1978.0,77.07880600008454,6.0460747136814454,yes
140186.0,48.0,blue-collar,married,primary,no,yes,call,17.0,nov,Night ,1.0,1.0,0.0,,no,0.0,101.07442891874139,3.805047899234836,no
118959.0,45.0,services,divorced,secondary,yes,no,,14.0,may,Afternoon,2.0,2.0,0.0,,no,864.0,94.82356600901744,2.6893861390994958,no
142620.0,34.0,management,married,tertiary,yes,no,call,20.0,nov,morning,2.0,2.0,0.0,,no,1518.0,112.45701164673191,6.154629746433104,no
116183.0,54.0,technician,single,,yes,no,,5.0,may,Evening,2.0,2.0,0.0,,no,447.0,113.87568593398709,5.151890244599254,no
153523.0,32.0,blue-collar,married,secondary,yes,No,call,14.0,may,Morning,1.0,1.0,0.0,,no,22.0,88.20957613892473,6.211315863078035,no
157126.0,53.0,retired,divorced,tertiary,yes,no,call,21.0,aug,Afternoon,2.0,2.0,2.0,success,no,-309.0,76.86416002489415,5.152842957546063,yes
154883.0,42.0,blue-collar,single,primary,yes,no,call,18.0,may,Evening,1.0,1.0,0.0,,no,-376.0,86.62608748941668,5.072594302007945,no
153971.0,39.0,blue-collar,single,secondary,yes,no,email,14.0,may,Night ,7.0,7.0,2.0,failure,no,522.0,88.22727866041734,7.073140214586996,no
135591.0,45.0,technician,married,secondary,no,no,call,7.0,aug,Afternoon,2.0,2.0,0.0,,no,760.0,92.00759683760808,6.723206575812219,no
123761.0,50.0,self-employed,married,secondary,yes,no,,30.0,may,Night ,11.0,11.0,0.0,,no,-465.0,109.83141725469223,6.960487926136006,no
139610.0,31.0,technician,single,tertiary,yes,yes,call,28.0,aug,Night,15.0,15.0,0.0,,no,-564.0,102.74052539296939,4.514324862448531,no
157578.0,36.0,management,married,tertiary,no,no,call,2.0,oct,eve,2.0,2.0,0.0,,no,,92.53005729856143,3.7610035210213812,no
157167.0,64.0,retired,married,tertiary,no,no,call,25.0,aug,Night ,1.0,1.0,0.0,,no,380.0,84.42643046329773,4.7977984219990235,yes
139454.0,36.0,technician,married,secondary,no,no,call,28.0,aug,Morning,16.0,16.0,0.0,,no,278.0,96.58795224213642,2.5038315115199627,no
118737.0,59.0,retired,married,secondary,yes,yes,,14.0,may,Morning,2.0,2.0,0.0,,no,1521.0,110.02993268818362,4.543479652138785,yes
122935.0,55.0,services,divorced,secondary,yes,no,,,may,eve,17.0,17.0,0.0,,no,2166.0,115.42155974396499,5.607312454335523,no
116011.0,57.0,technician,married,primary,no,no,,5.0,may,Evening,1.0,1.0,0.0,,no,0.0,93.58384135995587,1.9746654001181305,no
156312.0,41.0,services,married,secondary,yes,yes,call,2.0,jul,Morning,2.0,2.0,0.0,,,366.0,117.59540704686987,6.684441380055537,no
158650.0,56.0,unemployed,divorced,primary,no,no,call,28.0,jan,eve,2.0,2.0,0.0,,no,282.0,105.2431286225449,2.2607995640894516,no
116137.0,42.0,management,married,,no,no,,5.0,may,eve,2.0,2.0,0.0,,no,275.0,97.8376473100429,3.5752034811538014,no
116851.0,39.0,blue-collar,married,primary,yes,no,,7.0,may,Morning,1.0,1.0,0.0,,no,106.0,97.82292308681441,4.5496545437926885,no
131368.0,59.0,retired,married,secondary,no,no,call,18.0,jul,Evening,4.0,4.0,0.0,,no,0.0,92.84005331109884,3.6189755974105684,no
130551.0,35.0,management,married,tertiary,yes,,call,15.0,jul,morning,2.0,2.0,0.0,,no,300.0,108.72852391454117,3.336539142995959,no
159235.0,72.0,retired,married,primary,no,no,email,23.0,mar,Night ,1.0,1.0,8.0,success,no,,89.60130415590451,3.0442960059573574,yes
137013.0,32.0,management,married,tertiary,no,No,call,14.0,aug,Evening,5.0,5.0,0.0,,no,2349.0,97.27580835109951,5.8285036201850176,no
126434.0,42.0,entrepreneur,single,,no,no,,16.0,jun,Night,1.0,1.0,0.0,,no,323.0,,6.11552055724998,yes
124177.0,32.0,blue-collar,divorced,secondary,yes,no,,2.0,jun,Night,2.0,2.0,0.0,,no,0.0,100.85813484670531,3.6947900568236802,no
158151.0,50.0,admin.,married,secondary,yes,No,call,13.0,nov,Night ,2.0,2.0,2.0,success,no,3608.0,107.01924876782559,5.468438461882746,yes
137380.0,53.0,technician,married,secondary,no,yes,call,19.0,aug,Afternoon,2.0,2.0,0.0,,no,180.0,106.41163777969474,4.875352744075304,no
143242.0,48.0,blue-collar,married,primary,no,yes,call,21.0,nov,Night,1.0,1.0,0.0,,no,3837.0,101.44340888898074,3.5520645693076833,no
125405.0,54.0,management,married,,no,no,,6.0,jun,Evening,5.0,5.0,0.0,,no,1960.0,84.31014673465867,0.7990020751502556,no
149349.0,37.0,management,married,secondary,yes,no,call,20.0,apr,eve,2.0,2.0,0.0,,no,222.0,90.79610460085514,6.423913077328044,no
129664.0,38.0,technician,married,secondary,yes,no,call,10.0,jul,Night ,1.0,1.0,0.0,,no,-475.0,104.01490259476277,6.175982393750051,no
134945.0,59.0,technician,divorced,secondary,no,no,call,5.0,aug,Afternoon,1.0,1.0,0.0,,no,0.0,89.51563946309567,5.116146460653901,no
117683.0,30.0,management,single,tertiary,yes,yes,,9.0,may,Afternoon,1.0,1.0,0.0,,no,1108.0,98.75225976297543,4.003487487334235,no
153518.0,31.0,blue-collar,single,tertiary,yes,no,call,14.0,may,Night,1.0,1.0,1.0,failure,no,328.0,,1.9573204789501926,no
146157.0,47.0,blue-collar,divorced,secondary,no,yes,call,5.0,feb,Afternoon,2.0,2.0,0.0,,no,-332.0,103.91820311142213,1.9161177815791142,no
157044.0,60.0,management,married,secondary,no,no,email,18.0,aug,eve,3.0,3.0,0.0,,no,0.0,94.48216111125754,2.8599666692116865,no
116860.0,53.0,blue-collar,married,secondary,yes,no,,7.0,may,Night ,2.0,2.0,0.0,,no,732.0,103.478451375954,5.675220874087274,no
141801.0,38.0,blue-collar,married,primary,yes,no,SMS,19.0,nov,Morning,1.0,1.0,1.0,other,no,190.0,94.05278060869858,5.049432237223153,yes
118274.0,30.0,technician,single,secondary,yes,yes,,13.0,may,Night ,1.0,1.0,0.0,,no,-208.0,116.34400763147073,3.4287097041899965,no
154668.0,54.0,blue-collar,divorced,secondary,yes,yes,call,18.0,may,Evening,11.0,11.0,11.0,other,no,244.0,91.42879318700051,3.518761338273346,no
119221.0,46.0,management,married,tertiary,yes,no,,15.0,,Night ,1.0,1.0,0.0,,no,1217.0,93.44691441710539,5.682230856387651,no
120851.0,31.0,technician,married,secondary,yes,no,,21.0,may,Evening,2.0,2.0,0.0,,no,141.0,84.80976912692819,6.2375517789288715,no
122529.0,59.0,management,divorced,secondary,yes,no,,28.0,may,Night,6.0,6.0,0.0,,no,0.0,115.63965113235605,6.099897192383437,no
117088.0,37.0,technician,married,secondary,yes,no,,8.0,may,Morning,1.0,1.0,0.0,,no,316.0,91.35352262297401,6.923034469473677,no
157668.0,46.0,self-employed,married,tertiary,no,No,call,13.0,oct,Night ,1.0,1.0,0.0,,no,8.0,84.95672574971226,4.463260069200535,no
150728.0,25.0,blue-collar,single,secondary,yes,no,email,6.0,may,morning,1.0,1.0,0.0,,yes,15.0,106.80481278886148,4.128844946246116,no
119430.0,42.0,admin.,married,secondary,yes,no,,15.0,may,Evening,2.0,2.0,0.0,,no,679.0,85.99874046393766,3.4569736362553236,no
127852.0,52.0,retired,divorced,secondary,no,no,,20.0,jun,Morning,12.0,12.0,0.0,,no,280.0,112.07993018396407,4.592079874083353,no
120781.0,36.0,blue-collar,divorced,primary,yes,no,,21.0,may,Morning,2.0,2.0,0.0,,no,3202.0,103.4605456826745,4.266970576687989,no
134306.0,48.0,management,married,secondary,no,yes,call,31.0,jul,Afternoon,16.0,16.0,0.0,,no,-876.0,114.66132904629093,3.8839156578127616,no
129703.0,39.0,blue-collar,married,primary,no,yes,call,10.0,jul,Afternoon,1.0,1.0,0.0,,no,521.0,95.56566478111455,6.83958506577396,no
130736.0,57.0,management,married,tertiary,no,yes,call,16.0,jul,Evening,1.0,1.0,0.0,,no,29.0,92.24303460698702,5.235435400813859,no
124840.0,41.0,entrepreneur,married,primary,yes,no,,4.0,jun,Night,10.0,10.0,0.0,,no,759.0,105.38800576131102,8.099571288509946,no
150619.0,35.0,blue-collar,married,secondary,yes,no,call,6.0,may,Morning,7.0,7.0,2.0,failure,no,225.0,101.18372633618034,5.62379795616187,no
128812.0,45.0,blue-collar,married,primary,no,no,call,7.0,jul,Morning,3.0,3.0,0.0,,no,55.0,108.58894934443605,5.058917776998686,no
117943.0,50.0,management,married,tertiary,yes,no,,12.0,may,Night ,5.0,5.0,0.0,,no,107.0,94.8733481447736,3.3874994727265113,no
153098.0,36.0,blue-collar,married,secondary,yes,yes,call,13.0,may,Morning,2.0,2.0,0.0,,no,418.0,103.01749698587903,5.795178642527986,no
140224.0,34.0,student,single,,no,no,call,17.0,nov,Night,2.0,2.0,0.0,,no,5827.0,113.14110942916537,3.4524061275827567,no
142793.0,36.0,management,married,tertiary,yes,no,call,21.0,nov,eve,5.0,5.0,0.0,,no,14462.0,109.89176214709668,6.256562804613359,no
156688.0,24.0,self-employed,single,tertiary,no,no,call,11.0,aug,Evening,1.0,1.0,1.0,success,no,2376.0,108.14402492551086,7.069370337244315,no
151598.0,48.0,management,divorced,tertiary,no,no,call,8.0,may,Evening,1.0,1.0,0.0,,no,313.0,105.58915326302623,6.440274646358374,no
115930.0,36.0,admin.,divorced,secondary,yes,no,,5.0,may,Afternoon,1.0,1.0,0.0,,no,506.0,95.46319260513883,5.433911828213698,no
147075.0,73.0,retired,married,tertiary,yes,no,call,27.0,feb,Morning,2.0,2.0,0.0,,no,1641.0,92.96693413549903,5.889565517681106,yes
118449.0,46.0,admin.,single,secondary,yes,no,,13.0,may,Morning,2.0,2.0,0.0,,no,751.0,120.97274605462563,4.2877733995500815,no
145755.0,43.0,technician,married,secondary,no,no,call,4.0,feb,eve,2.0,2.0,0.0,,no,4056.0,91.4597649034388,5.233244479298344,no
160336.0,56.0,management,divorced,tertiary,no,no,call,5.0,aug,eve,1.0,1.0,6.0,failure,no,2037.0,107.73834267542567,3.356124133325622,yes
139939.0,50.0,blue-collar,married,primary,yes,no,,18.0,oct,Night ,1.0,1.0,0.0,,no,12519.0,90.98164997331345,3.480990064834973,no
160823.0,31.0,student,single,secondary,no,no,call,6.0,,Afternoon,1.0,1.0,1.0,success,no,3511.0,103.36860510158705,4.6709878551802575,yes
147760.0,30.0,technician,single,secondary,yes,no,call,9.0,apr,morning,1.0,1.0,0.0,,no,3286.0,98.21089541721565,5.304381597895106,yes
129876.0,,unemployed,married,primary,no,yes,call,10.0,jul,Evening,3.0,3.0,0.0,,no,255.0,105.1106611471858,3.224964359485439,no
135863.0,60.0,blue-collar,married,tertiary,no,no,call,8.0,aug,Evening,2.0,2.0,0.0,,no,,108.93103972513393,6.032306983308309,no
120290.0,60.0,technician,married,,yes,no,,20.0,may,Afternoon,11.0,11.0,0.0,,no,132.0,105.49466302768865,3.377826088168382,no
156416.0,79.0,retired,married,primary,no,No,email,8.0,jul,Night ,2.0,2.0,0.0,,no,429.0,115.83537616313926,2.2669939737908096,yes
159996.0,29.0,admin.,single,secondary,no,no,call,8.0,jul,Night,1.0,1.0,2.0,failure,no,1992.0,104.96679706423672,4.734779470285462,no
136644.0,51.0,management,married,,no,no,call,13.0,aug,Night ,2.0,2.0,0.0,,no,712.0,114.16996120497893,6.3969688196699925,no
118250.0,26.0,services,married,secondary,yes,no,,13.0,may,Night,1.0,1.0,0.0,,no,54.0,89.88101104929959,4.0167461315645765,no
158903.0,64.0,retired,married,tertiary,no,no,call,11.0,feb,Evening,1.0,1.0,3.0,failure,no,846.0,84.63676907736787,4.710089669584818,yes
151317.0,47.0,blue-collar,divorced,primary,yes,no,email,7.0,may,Evening,2.0,2.0,0.0,,no,223.0,94.89587199235397,1.1525567540131152,no
133564.0,45.0,management,married,primary,no,no,email,29.0,jul,Evening,4.0,4.0,0.0,,no,2690.0,97.49737983431594,5.450619083287876,no
125621.0,42.0,management,married,primary,no,No,,9.0,jun,Night,1.0,1.0,0.0,,no,4362.0,95.01837189462036,4.4804151226901805,no
145281.0,33.0,management,single,tertiary,yes,no,call,2.0,feb,Morning,3.0,3.0,0.0,,no,0.0,95.48826809551022,5.638781195487775,no
135759.0,30.0,management,married,tertiary,no,no,call,8.0,aug,Night,2.0,2.0,0.0,,no,105.0,93.32206483808979,2.3981868132928055,no
151556.0,40.0,self-employed,married,secondary,yes,yes,call,8.0,may,Evening,4.0,4.0,1.0,failure,no,167.0,103.10995145678604,5.607812867689619,no
138059.0,35.0,technician,single,tertiary,no,no,call,21.0,aug,Afternoon,2.0,2.0,0.0,,no,8.0,109.67737152687266,4.335515392361106,no
133024.0,38.0,blue-collar,married,primary,yes,no,call,25.0,jul,eve,5.0,5.0,0.0,,no,406.0,97.01684048663137,5.252332503935854,no
144241.0,56.0,blue-collar,married,primary,yes,no,call,29.0,jan,Evening,1.0,1.0,1.0,failure,no,420.0,103.38791320352982,6.115040843794503,no
151382.0,37.0,management,married,tertiary,yes,no,call,7.0,may,eve,2.0,2.0,0.0,,no,19.0,94.65948892257434,4.6419034967081965,no
145563.0,54.0,management,married,tertiary,no,yes,call,3.0,feb,Night ,3.0,3.0,7.0,other,no,1460.0,77.5618919525383,3.8238096693842616,no
144260.0,34.0,unemployed,single,primary,no,no,call,29.0,jan,Night,1.0,1.0,0.0,,no,451.0,89.5450958854486,5.317324582655687,no
160893.0,25.0,management,single,tertiary,yes,no,,12.0,oct,Night,1.0,1.0,0.0,,no,1650.0,110.51011535896718,5.2098714048785135,no
157340.0,74.0,retired,married,primary,no,no,email,4.0,sep,Night ,1.0,1.0,0.0,,no,0.0,116.60247960058192,5.140644972029646,no
129787.0,25.0,unemployed,married,tertiary,no,yes,email,10.0,jul,eve,1.0,1.0,0.0,,no,118.0,108.133402839374,2.7915043586964643,no
130240.0,28.0,technician,married,secondary,yes,no,call,14.0,jul,Night,3.0,3.0,0.0,,no,2919.0,114.4684795854111,8.279187762421644,no
159354.0,25.0,blue-collar,single,secondary,yes,no,call,13.0,apr,Evening,4.0,4.0,6.0,success,no,1857.0,106.63047796366081,6.318992669789418,yes
144569.0,47.0,management,divorced,tertiary,yes,no,call,30.0,jan,morning,1.0,1.0,0.0,,no,697.0,83.77410197075153,7.272412262730958,no
151433.0,40.0,admin.,married,secondary,yes,no,call,7.0,may,morning,2.0,2.0,1.0,failure,no,168.0,102.7415718985238,6.922708775048129,no
124983.0,44.0,services,married,,yes,no,,5.0,jun,Night,1.0,1.0,0.0,,no,67.0,86.72291224864608,7.47941781539974,no
142710.0,53.0,blue-collar,divorced,primary,yes,no,call,20.0,nov,Afternoon,2.0,2.0,0.0,,no,1480.0,105.26090697372489,5.174497200968448,no
141144.0,32.0,housemaid,married,tertiary,yes,no,call,18.0,nov,Morning,2.0,2.0,0.0,,,357.0,96.3960539637511,1.8723093349660442,no
151235.0,29.0,blue-collar,single,secondary,yes,no,call,7.0,may,Morning,1.0,1.0,0.0,,no,2891.0,95.54826892107751,4.74074515030607,no
140836.0,36.0,admin.,single,secondary,yes,No,call,18.0,nov,morning,1.0,1.0,1.0,other,no,1927.0,113.15893467082962,6.329189586758282,no
133950.0,40.0,technician,married,secondary,no,no,call,30.0,jul,Night ,4.0,4.0,0.0,,no,286.0,74.26623868557911,7.233892788906633,no
131553.0,49.0,admin.,single,secondary,yes,no,call,21.0,,Night,1.0,1.0,0.0,,no,-412.0,98.44359859764393,4.887240837609655,no
139544.0,32.0,technician,single,tertiary,yes,No,call,28.0,aug,morning,13.0,13.0,0.0,,no,8047.0,98.74584647367855,6.268108295707464,no
143367.0,32.0,admin.,single,secondary,yes,no,call,21.0,nov,Afternoon,2.0,2.0,0.0,,no,540.0,104.15294532965733,5.913362491395137,no
128011.0,54.0,blue-collar,married,primary,no,no,,20.0,jun,Afternoon,3.0,3.0,0.0,,no,1033.0,111.27015313740644,7.537363499887935,no
141304.0,39.0,technician,married,tertiary,,no,call,18.0,nov,Evening,2.0,2.0,0.0,,no,3911.0,115.00729840972551,,no
120891.0,32.0,technician,single,,yes,no,,21.0,may,Afternoon,2.0,2.0,0.0,,no,317.0,102.81301781119957,4.724367078428057,no
127603.0,60.0,retired,married,secondary,no,no,,20.0,jun,Afternoon,4.0,4.0,0.0,,no,1690.0,97.33293925990148,3.2986547484112134,yes
144613.0,33.0,technician,married,tertiary,yes,yes,call,30.0,jan,Afternoon,1.0,1.0,1.0,failure,no,525.0,104.53193492459113,4.7832649011681445,no
125907.0,40.0,technician,divorced,secondary,no,no,,9.0,jun,Evening,4.0,4.0,0.0,,no,2394.0,97.26201582989034,4.042126991185019,no
144732.0,51.0,unemployed,married,secondary,no,no,call,30.0,jan,Night,1.0,1.0,0.0,,no,636.0,88.87097539365242,3.255774607920862,no
142716.0,40.0,services,married,secondary,yes,yes,call,20.0,nov,Night ,4.0,4.0,8.0,other,no,5248.0,94.491122729507,5.89959751334796,no
152432.0,37.0,management,single,tertiary,yes,no,call,12.0,may,Night,1.0,1.0,0.0,,no,1148.0,103.90278836003667,6.97113032303962,no
125927.0,38.0,blue-collar,married,secondary,no,no,,9.0,jun,eve,3.0,3.0,0.0,,no,1116.0,71.69013416460405,6.403997986567594,no
131405.0,52.0,management,married,tertiary,no,no,call,18.0,jul,Evening,2.0,2.0,0.0,,no,3754.0,82.48199906330345,3.474455150022117,no
146055.0,50.0,admin.,married,secondary,no,yes,call,5.0,feb,Afternoon,3.0,3.0,0.0,,no,761.0,93.99460528612174,7.785800725341902,no
124041.0,40.0,blue-collar,married,primary,yes,no,,2.0,jun,Afternoon,5.0,5.0,0.0,,no,98.0,117.26479220594778,5.943805859491944,no
153498.0,32.0,services,single,secondary,yes,yes,call,14.0,may,Night ,1.0,1.0,0.0,,no,159.0,109.65124768333125,5.947251156273893,no
140777.0,37.0,blue-collar,married,primary,no,No,call,18.0,nov,Night ,2.0,2.0,0.0,,no,0.0,117.4407949723585,4.41576432984446,no
159748.0,36.0,self-employed,single,tertiary,no,yes,,1.0,jun,Evening,1.0,1.0,0.0,,no,134.0,82.03964392382005,6.826754947106392,no
122787.0,59.0,technician,married,secondary,yes,yes,,28.0,may,Morning,1.0,1.0,0.0,,no,0.0,114.57305605779533,4.261479586212391,no
137221.0,42.0,technician,married,secondary,no,no,call,18.0,aug,Night ,2.0,2.0,0.0,,no,1018.0,89.8394148389177,3.198174689042062,no
136578.0,32.0,technician,married,secondary,no,no,call,12.0,aug,Afternoon,10.0,10.0,0.0,,no,3095.0,96.84937044946942,4.656887196199994,no
129685.0,32.0,blue-collar,single,secondary,yes,yes,call,10.0,jul,Morning,1.0,1.0,0.0,,no,1143.0,103.92111012423236,4.035450017392725,no
118149.0,23.0,admin.,single,secondary,yes,no,,12.0,may,eve,2.0,2.0,0.0,,no,1104.0,99.09818062892771,6.1802382271623815,no
131036.0,34.0,management,married,tertiary,yes,no,call,17.0,jul,Afternoon,1.0,1.0,0.0,,no,11.0,117.00418820913924,3.240266213654705,no
121237.0,36.0,blue-collar,married,secondary,yes,no,,23.0,may,Night,2.0,2.0,0.0,,no,520.0,79.9943761269376,4.355363639123056,no
152022.0,45.0,management,divorced,tertiary,yes,no,call,11.0,may,Evening,1.0,1.0,4.0,failure,no,839.0,104.93260719174215,5.458449458278115,no
119770.0,57.0,entrepreneur,married,tertiary,yes,no,,16.0,may,Morning,4.0,4.0,0.0,,yes,-524.0,102.7744356011575,2.6431034252640564,no
161090.0,37.0,management,married,tertiary,no,no,call,,nov,Morning,2.0,2.0,0.0,,no,1428.0,87.16710266261214,4.257831460196002,no
130449.0,44.0,entrepreneur,married,tertiary,yes,yes,email,15.0,jul,morning,2.0,2.0,0.0,,no,468.0,98.13032729760508,2.337675620974167,no
137950.0,55.0,technician,divorced,secondary,yes,no,call,20.0,aug,Evening,4.0,4.0,0.0,,no,35.0,112.99746057408817,8.238941755913853,no
128803.0,26.0,admin.,married,secondary,yes,yes,call,7.0,jul,morning,2.0,2.0,0.0,,no,,85.24355488961206,4.99877491728471,no
118255.0,21.0,student,single,secondary,yes,no,,13.0,may,Morning,1.0,1.0,0.0,,no,99.0,92.00255735184697,4.376289978078303,no
117525.0,47.0,services,married,secondary,yes,no,,9.0,may,Morning,4.0,4.0,0.0,,no,1306.0,91.68704879970471,3.9306784402534207,no
150856.0,47.0,blue-collar,married,secondary,yes,No,call,6.0,may,morning,1.0,1.0,3.0,failure,no,-216.0,103.37252331874784,3.664827674313847,no
128872.0,26.0,blue-collar,single,secondary,no,yes,email,7.0,jul,Night,3.0,3.0,0.0,,no,6.0,110.55348188763497,,no
149084.0,32.0,blue-collar,married,primary,yes,no,call,20.0,apr,Evening,1.0,1.0,0.0,,no,474.0,91.21954573101581,5.873944317364609,no
157114.0,18.0,student,single,,no,no,email,,aug,Morning,2.0,2.0,0.0,,no,35.0,90.10982563315396,2.777138006857678,no
119774.0,41.0,unemployed,married,secondary,yes,no,,16.0,may,Afternoon,2.0,2.0,0.0,,no,356.0,92.7251500288902,3.439944406550391,no
120305.0,32.0,management,divorced,primary,yes,No,,20.0,may,eve,12.0,12.0,0.0,,no,137.0,93.95036047640042,5.948417850741824,no
128899.0,41.0,housemaid,married,primary,no,no,call,7.0,jul,Morning,1.0,1.0,0.0,,no,175.0,121.98928255003061,5.569563365587225,no
153806.0,45.0,admin.,divorced,tertiary,yes,No,call,14.0,may,Afternoon,1.0,1.0,0.0,,no,569.0,100.01597097185174,4.594990166839461,no
137770.0,43.0,entrepreneur,married,secondary,no,yes,call,20.0,aug,Night,2.0,2.0,0.0,,no,469.0,109.99871665092459,3.386879840630102,no
145244.0,46.0,blue-collar,married,secondary,,yes,call,2.0,feb,Evening,2.0,2.0,1.0,failure,no,-221.0,110.00300844917338,5.3910160359229105,no
125614.0,56.0,technician,married,secondary,no,no,,9.0,jun,Night ,1.0,1.0,0.0,,no,992.0,94.20310447363774,6.896002427793039,no
149606.0,46.0,management,divorced,tertiary,no,no,call,21.0,apr,Night,1.0,1.0,0.0,,no,4629.0,93.2384270558354,3.462681225647125,no
123421.0,44.0,management,married,tertiary,yes,no,,30.0,may,Afternoon,1.0,1.0,0.0,,no,1732.0,92.60317272204158,4.542597649933658,no
157266.0,32.0,entrepreneur,single,tertiary,no,no,call,1.0,sep,Night ,2.0,2.0,0.0,,no,59649.0,108.70219273586837,7.2521548409592125,no
147892.0,29.0,services,divorced,secondary,yes,no,call,13.0,apr,eve,2.0,2.0,0.0,,no,84.0,90.96292866365239,4.741836107948011,yes
154106.0,37.0,blue-collar,married,secondary,yes,No,call,15.0,may,Night,6.0,6.0,1.0,failure,no,222.0,92.09229476455765,4.323159936557441,no
120263.0,57.0,technician,married,secondary,yes,no,,19.0,may,Evening,4.0,4.0,0.0,,no,437.0,99.87828056846003,6.4239667795633135,no
144002.0,29.0,unemployed,single,,no,no,call,28.0,jan,Afternoon,2.0,2.0,0.0,,no,67.0,91.10031996521317,5.080923019687862,no
116499.0,51.0,blue-collar,married,primary,yes,yes,,6.0,may,Evening,1.0,1.0,0.0,,no,653.0,86.72995207782208,4.188341038704526,no
120700.0,36.0,admin.,single,tertiary,yes,no,,21.0,may,Evening,1.0,1.0,0.0,,no,3954.0,100.59045324062886,3.2571056448093723,no
143628.0,26.0,admin.,single,secondary,no,no,SMS,28.0,jan,Night ,1.0,1.0,0.0,,no,609.0,110.18478612467428,5.061852798131489,no
136426.0,34.0,housemaid,married,tertiary,no,no,call,12.0,aug,Evening,4.0,4.0,0.0,,no,897.0,97.2536562382696,4.767987920382988,no
126702.0,53.0,retired,married,secondary,yes,no,,17.0,jun,Night ,1.0,1.0,0.0,,no,1296.0,93.39150948475654,4.317153073688018,no
120247.0,40.0,blue-collar,married,primary,,no,,19.0,may,Night,3.0,3.0,0.0,,no,-22.0,103.65944945407334,5.139464946188154,no
151362.0,38.0,self-employed,divorced,tertiary,no,no,call,7.0,may,morning,1.0,1.0,1.0,failure,no,1513.0,105.88573283523675,4.565720531765551,no
124767.0,39.0,blue-collar,married,secondary,yes,no,,4.0,jun,eve,2.0,2.0,0.0,,no,518.0,93.60780541718157,3.407597850377324,no
151298.0,55.0,blue-collar,married,primary,yes,no,call,7.0,may,Morning,1.0,1.0,0.0,,no,728.0,110.38817051364835,6.0659300480161,no
145123.0,33.0,entrepreneur,married,tertiary,yes,no,call,2.0,feb,Evening,1.0,1.0,0.0,,no,606.0,104.4822723116779,4.831101623699604,no
123135.0,41.0,technician,married,tertiary,yes,yes,,29.0,may,Afternoon,1.0,1.0,0.0,,no,816.0,82.33636950150067,6.837118331506538,no
158839.0,35.0,management,married,tertiary,no,no,call,8.0,feb,Evening,2.0,2.0,2.0,failure,no,62.0,104.73662818609098,9.0238383881746,yes
160989.0,61.0,self-employed,married,tertiary,no,no,call,25.0,oct,Night ,1.0,1.0,5.0,success,no,10861.0,94.79818976725494,5.198224087693318,yes
150201.0,32.0,management,married,tertiary,yes,no,call,4.0,may,Morning,3.0,3.0,9.0,success,no,141.0,89.69092105084205,5.317765600678806,no
128444.0,50.0,admin.,married,secondary,no,yes,,3.0,jul,Evening,1.0,1.0,0.0,,no,-221.0,80.41116040542829,5.8480213662634375,no
146930.0,26.0,management,single,tertiary,no,yes,call,11.0,feb,morning,1.0,1.0,0.0,,no,1222.0,93.33674341732909,3.7862851537023308,no
142256.0,56.0,management,married,tertiary,yes,yes,call,20.0,nov,eve,5.0,5.0,0.0,,no,424.0,84.26445235104957,3.673751266680182,no
130341.0,30.0,technician,married,secondary,yes,No,call,14.0,jul,Night ,3.0,3.0,0.0,,no,-287.0,110.99972445701961,5.943469328234618,no
151032.0,34.0,blue-collar,married,secondary,yes,yes,call,7.0,may,Night ,2.0,2.0,0.0,,no,4.0,105.9796393997864,5.386661166821344,no
133897.0,49.0,entrepreneur,divorced,,yes,no,call,30.0,jul,Morning,2.0,2.0,0.0,,yes,-701.0,104.34212359553217,6.755980064756674,yes
143673.0,29.0,admin.,single,tertiary,no,no,call,28.0,jan,Afternoon,1.0,1.0,0.0,,no,8.0,106.45005363959962,4.023244719293067,no
153591.0,53.0,services,divorced,primary,yes,no,call,14.0,may,Evening,1.0,1.0,1.0,failure,no,146.0,104.21258350068136,5.232538914539907,no
131028.0,37.0,technician,married,secondary,no,no,call,17.0,jul,eve,1.0,1.0,0.0,,,101.0,105.02552499804646,7.375740567952097,no
157823.0,33.0,admin.,married,tertiary,yes,No,call,22.0,oct,Evening,2.0,2.0,2.0,failure,no,79.0,101.7579934624582,5.8123087137715785,yes
133293.0,31.0,services,single,secondary,yes,No,call,,jul,Morning,11.0,11.0,0.0,,no,456.0,100.33498870567739,4.585471549192035,no
116067.0,53.0,admin.,divorced,secondary,yes,no,,5.0,may,Evening,1.0,1.0,0.0,,no,1151.0,97.39550892916336,3.8251748591330736,no
118979.0,45.0,blue-collar,married,primary,yes,no,,14.0,may,Evening,2.0,2.0,0.0,,no,1794.0,81.30372125269784,5.357062926769573,no
125111.0,41.0,technician,married,tertiary,no,no,,5.0,jun,Morning,2.0,2.0,0.0,,no,13.0,86.8016391373185,5.061049076538141,no
124176.0,58.0,technician,married,secondary,no,no,,2.0,jun,Evening,3.0,3.0,0.0,,no,2073.0,105.35504877351481,5.799671006297138,no
145612.0,32.0,technician,single,tertiary,yes,No,call,3.0,feb,Morning,7.0,7.0,3.0,failure,no,47.0,95.23286124690082,5.350974619075341,no
135234.0,56.0,services,married,secondary,no,no,call,6.0,aug,Morning,2.0,2.0,0.0,,no,144.0,116.5396718422427,5.908349196827623,no
140381.0,45.0,technician,married,secondary,yes,no,call,17.0,nov,Evening,1.0,1.0,1.0,failure,no,2020.0,100.60300684859014,7.001003080310437,no
145004.0,43.0,blue-collar,married,primary,no,no,call,2.0,feb,Afternoon,1.0,1.0,0.0,,no,575.0,91.1715982751017,5.748761585438967,no
143181.0,30.0,management,married,secondary,yes,yes,call,21.0,nov,eve,1.0,1.0,1.0,failure,no,-559.0,92.49722902449415,4.130471405808913,no
150659.0,30.0,self-employed,married,tertiary,yes,no,call,6.0,may,Afternoon,1.0,1.0,2.0,failure,yes,-1083.0,85.57598489107332,5.2750441040503695,no
120900.0,27.0,blue-collar,single,secondary,yes,yes,,21.0,may,morning,1.0,1.0,0.0,,no,1279.0,94.1822132707704,4.981795459411077,no
156004.0,57.0,technician,divorced,tertiary,no,no,email,4.0,jun,Evening,2.0,2.0,0.0,,no,126.0,115.3328159779604,4.517709050343888,yes
129988.0,57.0,admin.,married,secondary,yes,no,call,11.0,jul,Afternoon,2.0,2.0,0.0,,,2518.0,106.97556070686085,4.018350632955924,no
122008.0,36.0,management,married,tertiary,yes,no,,27.0,may,eve,4.0,4.0,0.0,,no,293.0,95.94952948185639,2.581554008100704,no
129758.0,56.0,admin.,married,secondary,yes,no,call,10.0,jul,eve,1.0,1.0,0.0,,no,510.0,83.57137612065411,4.6702754033612255,no
160363.0,32.0,student,single,tertiary,no,no,call,6.0,aug,Afternoon,5.0,5.0,6.0,other,no,0.0,86.48766127211468,5.4435253612844265,no
158866.0,55.0,technician,divorced,secondary,no,no,call,10.0,feb,morning,1.0,1.0,1.0,failure,no,3450.0,106.41901041903583,3.7998306608321615,yes
134988.0,47.0,admin.,married,secondary,yes,yes,call,5.0,aug,Night,2.0,2.0,0.0,,no,718.0,100.56043092898018,,no
123453.0,30.0,blue-collar,single,secondary,yes,no,,30.0,may,Night,7.0,7.0,0.0,,no,931.0,95.53859473321309,5.107607431792957,no
119027.0,43.0,technician,single,secondary,yes,no,,14.0,may,Evening,4.0,4.0,0.0,,no,28.0,109.87423817746581,,no
128187.0,34.0,admin.,single,secondary,no,no,,25.0,jun,eve,1.0,1.0,0.0,,no,1.0,92.79401845773609,5.3041348301618,no
159132.0,31.0,technician,married,tertiary,yes,no,call,8.0,mar,Afternoon,4.0,4.0,1.0,failure,no,1570.0,97.50604982822303,4.361269391031087,yes
160044.0,24.0,student,single,secondary,no,no,call,13.0,jul,Morning,1.0,1.0,1.0,other,no,1123.0,119.42561825559218,4.341218082574805,yes
145171.0,41.0,services,divorced,secondary,yes,no,call,2.0,feb,Night,3.0,3.0,9.0,other,no,-376.0,100.07837238038297,7.721324011871109,no
144963.0,56.0,technician,married,secondary,no,no,call,2.0,feb,Afternoon,2.0,2.0,1.0,failure,no,778.0,100.11141470121962,5.363750031001796,no
140459.0,53.0,admin.,married,secondary,no,yes,call,17.0,nov,Morning,3.0,3.0,2.0,failure,no,350.0,102.24789282367914,6.790981428481943,no
141889.0,31.0,student,single,,yes,no,call,19.0,nov,Evening,2.0,2.0,0.0,,no,2144.0,114.5127219043517,6.697798614588285,no
153141.0,34.0,technician,married,secondary,yes,no,call,13.0,may,Night,1.0,1.0,0.0,,no,178.0,127.00526995857501,1.6607513619365415,no
142313.0,31.0,self-employed,single,secondary,no,no,call,20.0,nov,Night,1.0,1.0,0.0,,no,1086.0,100.14472789668277,5.940305160519895,no
125327.0,40.0,blue-collar,single,primary,no,no,,6.0,jun,Night,2.0,2.0,0.0,,no,1055.0,98.35175307784004,2.4332207713690184,no
142691.0,39.0,management,single,tertiary,no,no,call,20.0,nov,Night ,2.0,2.0,4.0,failure,no,889.0,114.67626624311298,4.004628325258733,no
134140.0,34.0,admin.,married,secondary,,No,call,31.0,jul,Morning,4.0,4.0,0.0,,no,244.0,101.33650686681688,6.023370467137807,no
151481.0,33.0,technician,,secondary,yes,no,call,7.0,may,Morning,2.0,2.0,0.0,,no,0.0,107.08859008977956,5.714155627534904,no
135741.0,34.0,management,married,tertiary,no,no,call,8.0,aug,Afternoon,2.0,2.0,0.0,,no,101.0,105.22490070092606,3.94304965827439,no
131513.0,35.0,management,married,tertiary,no,no,email,21.0,jul,eve,1.0,1.0,0.0,,no,1582.0,95.9731934762404,2.3917015896434406,no
127951.0,44.0,technician,married,secondary,no,no,,20.0,jun,morning,3.0,3.0,0.0,,no,5597.0,111.09663138430697,6.797129792928564,no
119845.0,24.0,retired,single,secondary,no,yes,,16.0,may,morning,2.0,2.0,0.0,,no,366.0,102.99553009437763,5.546760535136299,no
120645.0,41.0,blue-collar,married,primary,yes,no,,20.0,may,morning,2.0,2.0,0.0,,no,1250.0,101.86700457917887,7.085042752926453,yes
137386.0,49.0,technician,married,secondary,no,no,call,19.0,aug,Afternoon,8.0,8.0,0.0,,no,2.0,81.18060107811797,5.887712848276172,no
116393.0,32.0,technician,single,,no,no,,6.0,may,morning,1.0,1.0,0.0,,no,-170.0,101.55530008071138,6.389188289937277,no
156383.0,53.0,admin.,single,secondary,no,no,email,7.0,jul,eve,2.0,2.0,4.0,failure,no,1958.0,115.82792917049579,2.8067010333365596,no
155163.0,24.0,technician,single,secondary,yes,no,call,18.0,may,Night ,2.0,2.0,0.0,,no,-156.0,108.85757582538812,4.621527128875769,no
137588.0,56.0,management,married,tertiary,no,no,call,19.0,aug,Afternoon,4.0,4.0,0.0,,no,0.0,103.8708864991034,5.259720675759256,no
138416.0,46.0,housemaid,married,primary,no,no,call,22.0,aug,eve,4.0,4.0,0.0,,no,131.0,110.89543911746627,5.500106044207952,no
126338.0,55.0,housemaid,divorced,primary,no,no,,12.0,jun,eve,8.0,8.0,0.0,,no,0.0,90.76732761409843,4.364386104082178,no
140638.0,54.0,technician,divorced,secondary,no,no,call,18.0,nov,morning,1.0,1.0,0.0,,no,2868.0,91.47361588450448,2.8260757306854147,no
141626.0,54.0,management,married,tertiary,yes,yes,call,19.0,nov,Night ,1.0,1.0,0.0,,no,,91.03108544497096,4.275168683458813,no
120282.0,41.0,services,single,secondary,yes,no,,20.0,may,Morning,15.0,15.0,0.0,,no,397.0,123.89520656067673,5.64602810833676,no
127539.0,37.0,entrepreneur,married,tertiary,no,No,,20.0,jun,Morning,2.0,2.0,0.0,,no,2685.0,100.56357578049699,5.324268903898265,no
148617.0,53.0,retired,divorced,secondary,yes,yes,call,17.0,apr,Night,1.0,1.0,0.0,,no,-172.0,101.59334942791541,8.139411779229324,no
147128.0,38.0,admin.,married,secondary,no,No,call,3.0,mar,Night,1.0,1.0,0.0,,no,2549.0,110.05904267126968,3.9447939939634664,no
151547.0,53.0,technician,divorced,,yes,no,call,8.0,may,Evening,1.0,1.0,0.0,,no,629.0,96.04245406028947,7.522590837810517,no
133224.0,35.0,blue-collar,married,secondary,yes,no,call,28.0,jul,Night,4.0,4.0,0.0,,no,449.0,98.96982808590293,4.603675701199372,no
153063.0,32.0,blue-collar,single,secondary,no,yes,call,13.0,may,morning,1.0,1.0,0.0,,,681.0,107.45910639281746,4.006481462280394,no
158553.0,48.0,unemployed,married,secondary,,no,call,14.0,jan,Evening,1.0,1.0,4.0,success,no,817.0,101.30185088485092,4.743040673906987,yes
151918.0,43.0,blue-collar,married,secondary,yes,no,email,11.0,may,Afternoon,2.0,2.0,1.0,failure,no,704.0,115.13228139775885,4.617191625862166,no
131239.0,25.0,admin.,married,secondary,yes,no,call,18.0,jul,morning,1.0,1.0,0.0,,no,18.0,94.31408364942915,5.527809932063793,no
118621.0,33.0,services,married,secondary,yes,no,,13.0,may,Evening,4.0,4.0,0.0,,no,184.0,101.8166440890406,6.600884664316611,no
138750.0,30.0,management,single,tertiary,no,no,call,25.0,,morning,4.0,4.0,0.0,,no,4213.0,,5.504088250044063,no
127028.0,32.0,services,married,secondary,yes,no,,18.0,,eve,2.0,2.0,0.0,,no,201.0,88.50351103164765,5.59067750093113,no
122325.0,30.0,blue-collar,,secondary,yes,no,,27.0,may,eve,2.0,2.0,0.0,,no,-93.0,95.08422722935454,4.147323050752169,no
159638.0,70.0,retired,divorced,primary,no,no,call,18.0,may,eve,1.0,1.0,0.0,,no,4531.0,87.16508694699773,2.7006884674685674,no
135992.0,35.0,management,married,tertiary,no,yes,call,11.0,aug,Night,2.0,2.0,0.0,,no,106.0,96.1816045375021,3.1196419017502737,no
141786.0,44.0,blue-collar,married,primary,yes,yes,call,19.0,nov,eve,1.0,1.0,0.0,,no,612.0,97.59284930331019,6.949060602020436,no
148073.0,32.0,housemaid,divorced,secondary,yes,no,call,15.0,apr,Afternoon,2.0,2.0,0.0,,no,-613.0,101.75578800201042,4.433454818861881,no
155285.0,51.0,management,married,tertiary,yes,no,call,22.0,may,morning,1.0,1.0,0.0,,no,0.0,89.87523224174545,6.5460064749310565,no
123315.0,46.0,blue-collar,married,primary,no,yes,,29.0,may,eve,3.0,3.0,0.0,,no,-169.0,79.3839874049715,3.4981566409235043,no
160757.0,29.0,unemployed,single,secondary,no,no,call,23.0,sep,Night,1.0,1.0,1.0,failure,no,1055.0,93.52093714945913,5.215332471688114,yes
160956.0,52.0,admin.,married,secondary,yes,yes,call,20.0,oct,Night ,2.0,2.0,7.0,failure,no,423.0,94.99312492301257,,no
131185.0,60.0,retired,divorced,secondary,no,no,call,18.0,jul,Evening,10.0,10.0,0.0,,no,0.0,103.61703237942625,4.889187541822678,no
140527.0,43.0,management,married,tertiary,yes,No,call,17.0,nov,Afternoon,2.0,2.0,0.0,,no,0.0,110.23720892759766,2.48148424754961,no
137404.0,30.0,management,divorced,secondary,yes,yes,call,19.0,aug,Morning,2.0,2.0,0.0,,no,-274.0,112.00791225218337,3.6511091693380493,no
126037.0,46.0,services,married,secondary,no,no,,11.0,jun,Night,2.0,2.0,0.0,,no,379.0,86.02533147518434,6.322011606383627,no
119149.0,52.0,blue-collar,divorced,primary,yes,no,,15.0,may,Night ,1.0,1.0,0.0,,no,1758.0,96.24381578753146,7.004061772535648,no
158546.0,29.0,self-employed,single,tertiary,yes,no,call,14.0,jan,Afternoon,7.0,7.0,4.0,failure,no,270.0,108.55534100066087,3.606160778212113,no
134924.0,49.0,technician,married,secondary,yes,no,call,5.0,aug,Night,2.0,2.0,0.0,,no,3635.0,105.74090268302851,4.664792164908281,no
156271.0,58.0,admin.,married,secondary,yes,no,call,23.0,jun,Night,4.0,4.0,1.0,other,no,4348.0,107.00891623047579,4.310208007759899,yes
136699.0,35.0,technician,single,tertiary,yes,no,call,13.0,aug,Morning,2.0,2.0,0.0,,no,2453.0,98.27503008733731,2.047132317432874,no
143044.0,50.0,admin.,divorced,secondary,no,,call,21.0,nov,Afternoon,1.0,1.0,0.0,,no,81.0,97.3516907772972,5.891960177832649,no
157558.0,63.0,housemaid,married,primary,no,no,email,1.0,oct,Evening,1.0,1.0,0.0,,no,333.0,94.63634665901581,3.6905327487054533,no
156642.0,42.0,technician,single,,no,no,call,10.0,aug,Morning,1.0,1.0,1.0,success,no,11115.0,86.99332218772774,6.055664417977157,yes
147285.0,76.0,retired,divorced,primary,no,No,call,24.0,mar,eve,3.0,3.0,0.0,,no,3049.0,74.83603722032257,5.959639029522603,yes
139901.0,52.0,technician,married,secondary,no,no,SMS,29.0,aug,morning,2.0,2.0,0.0,,no,64.0,101.70293131537792,3.459810972371514,no
144164.0,27.0,management,married,tertiary,no,no,call,29.0,jan,Afternoon,1.0,1.0,0.0,,no,145.0,86.68994056540063,1.6514650334043188,no
126467.0,54.0,blue-collar,married,secondary,no,no,,16.0,jun,morning,5.0,5.0,0.0,,no,853.0,109.51115097891432,4.201384053926114,no
155351.0,26.0,student,single,,no,no,call,25.0,may,eve,2.0,2.0,0.0,,no,689.0,91.58761769421824,2.4264454165944507,yes
156147.0,29.0,management,single,tertiary,no,no,call,15.0,jun,Night,1.0,1.0,0.0,,no,4694.0,88.66408506104989,4.731571650883529,no
120512.0,33.0,admin.,married,secondary,yes,no,,20.0,may,morning,2.0,2.0,0.0,,no,1467.0,100.7742991797315,2.910232816305135,no
148385.0,33.0,blue-collar,single,,yes,no,call,17.0,apr,Evening,1.0,1.0,0.0,,no,514.0,101.35147205035403,7.3963411631349825,no
154724.0,23.0,services,single,secondary,yes,yes,call,18.0,may,Night,1.0,1.0,0.0,,no,-229.0,92.8429202522249,6.18791137959281,no
131457.0,41.0,admin.,single,secondary,yes,no,email,21.0,jul,eve,2.0,2.0,0.0,,no,4464.0,99.39299318541251,4.377331443605287,no
150464.0,29.0,entrepreneur,married,secondary,yes,no,call,5.0,may,morning,4.0,4.0,0.0,,no,178.0,106.84536429860354,6.130114220198343,no
134688.0,37.0,blue-collar,married,secondary,yes,yes,call,31.0,jul,Night,5.0,5.0,0.0,,no,2066.0,92.72741646940683,4.558379613930914,no
122668.0,42.0,technician,married,secondary,yes,no,,28.0,may,Evening,2.0,2.0,0.0,,no,570.0,109.32661895353681,5.443457426861268,no
119481.0,58.0,management,married,tertiary,yes,no,,15.0,may,morning,6.0,6.0,0.0,,no,714.0,110.07919940467967,5.715618316151362,no
118344.0,46.0,blue-collar,married,secondary,yes,no,,13.0,may,Morning,1.0,1.0,0.0,,no,1934.0,106.21993661649506,4.985452332201698,no
148392.0,48.0,management,single,tertiary,yes,no,call,17.0,apr,Night ,1.0,1.0,1.0,failure,no,191.0,110.09774180161193,7.6200084717412935,no
146259.0,60.0,retired,married,tertiary,yes,yes,call,5.0,feb,morning,1.0,1.0,0.0,,no,6684.0,82.49437238414451,2.4201921584757895,no
129503.0,34.0,services,single,secondary,no,yes,call,9.0,jul,Night ,1.0,1.0,0.0,,no,49.0,94.06878836603161,2.575757190401864,no
135189.0,43.0,management,married,tertiary,no,no,call,,aug,Night,2.0,2.0,0.0,,no,-127.0,95.73801988697629,3.9520848139445706,no
146909.0,35.0,technician,single,secondary,yes,No,call,10.0,feb,Night ,1.0,1.0,0.0,,no,1693.0,108.57587660100278,6.866772166967176,yes
159062.0,60.0,housemaid,married,primary,no,no,call,26.0,feb,Afternoon,2.0,2.0,1.0,failure,no,211.0,99.71749091037697,3.036428404852734,no
127746.0,41.0,blue-collar,married,secondary,yes,no,,20.0,jun,Night,4.0,4.0,0.0,,no,2067.0,92.19082335150954,5.003305111568485,no
157826.0,92.0,retired,married,,no,no,call,22.0,oct,eve,3.0,3.0,0.0,,no,775.0,101.31210301944256,4.8683719333973485,yes
137768.0,44.0,self-employed,married,tertiary,no,no,call,20.0,aug,morning,5.0,5.0,0.0,,no,1196.0,118.44888685863083,7.540596338698078,yes
130471.0,40.0,entrepreneur,married,secondary,no,yes,call,15.0,jul,Night ,4.0,4.0,0.0,,no,0.0,84.53381074046922,6.1468731079413015,no
131555.0,35.0,self-employed,single,tertiary,yes,no,call,21.0,jul,Evening,1.0,1.0,0.0,,no,577.0,98.7743859072536,6.188834730024846,no
127381.0,47.0,unemployed,married,secondary,no,no,,19.0,jun,Night ,1.0,1.0,0.0,,no,0.0,91.46373815453614,6.014990230725896,no
135516.0,60.0,blue-collar,married,primary,no,No,call,7.0,aug,Night,2.0,2.0,0.0,,no,3462.0,105.42200474119977,4.638210630389387,no
155179.0,27.0,technician,married,tertiary,yes,No,call,18.0,may,Morning,2.0,2.0,7.0,other,no,176.0,111.39116522219783,5.870804312508856,no
125420.0,56.0,unemployed,divorced,tertiary,no,no,,6.0,jun,Morning,2.0,2.0,0.0,,no,832.0,96.66753900859393,7.863290058963689,no
129083.0,56.0,retired,,secondary,no,yes,call,8.0,jul,eve,1.0,1.0,0.0,,no,307.0,105.77599128375498,5.590473268141696,no
121918.0,40.0,technician,married,secondary,yes,yes,,26.0,may,Evening,2.0,2.0,0.0,,no,96.0,92.39775767091768,4.1382818876030685,no
120720.0,38.0,blue-collar,married,secondary,yes,yes,,21.0,may,morning,1.0,1.0,0.0,,no,620.0,104.08549091329279,8.277368056224319,no
124059.0,30.0,blue-collar,single,secondary,yes,no,,2.0,jun,Night,4.0,4.0,0.0,,no,99.0,102.41754659910572,3.5746478144842895,no
158525.0,49.0,management,married,tertiary,yes,yes,call,12.0,jan,Morning,2.0,2.0,2.0,success,no,,111.49786004857384,6.178068029778416,yes
153773.0,32.0,management,single,tertiary,yes,No,call,14.0,may,eve,1.0,1.0,2.0,failure,no,499.0,90.86166906920693,3.553693373111553,no
126926.0,55.0,management,married,tertiary,no,No,,17.0,jun,Morning,5.0,5.0,0.0,,no,913.0,117.00762644473149,5.097102957572635,no
120864.0,32.0,technician,married,secondary,yes,no,,21.0,may,Evening,2.0,2.0,0.0,,no,1389.0,105.8131143336895,6.8220943009259525,no
157182.0,84.0,retired,married,primary,no,no,email,26.0,aug,Night ,1.0,1.0,0.0,,no,1702.0,93.15744453367574,2.782613830350179,no
154155.0,42.0,admin.,divorced,secondary,yes,no,call,15.0,may,Night ,1.0,1.0,3.0,failure,no,-106.0,97.53887292381276,5.821554839622856,no
119540.0,45.0,blue-collar,married,primary,yes,no,,15.0,may,morning,2.0,2.0,0.0,,no,91.0,113.38698131471506,6.196605743254547,no
152458.0,34.0,services,married,secondary,,no,call,12.0,may,Afternoon,1.0,1.0,1.0,failure,no,7.0,79.84960476756106,2.763834161433068,no
140778.0,39.0,technician,single,secondary,yes,no,call,18.0,nov,Night ,1.0,1.0,0.0,,no,4646.0,96.78598553508458,4.288926628769388,yes
151673.0,28.0,admin.,single,secondary,yes,no,call,8.0,may,Night ,4.0,4.0,4.0,other,no,-281.0,99.36751234156381,5.815861599342673,no
157030.0,,services,single,secondary,no,no,email,18.0,aug,Night ,1.0,1.0,0.0,,no,445.0,102.63173259200587,8.652812432069002,no
156389.0,40.0,technician,single,tertiary,no,no,call,7.0,jul,Night ,2.0,2.0,0.0,,no,431.0,93.50294360238868,4.27750956954201,yes
160198.0,45.0,technician,married,secondary,yes,no,call,27.0,jul,Night,2.0,2.0,1.0,success,no,2776.0,91.49335037660026,4.798146214741671,yes
155091.0,25.0,blue-collar,single,secondary,yes,no,call,18.0,may,Night,3.0,3.0,0.0,,no,320.0,103.43106457016603,7.932593340471218,no
127665.0,44.0,blue-collar,single,primary,no,no,,20.0,jun,eve,18.0,18.0,0.0,,no,10984.0,95.76699959497988,4.396619237078388,no
133931.0,31.0,management,married,tertiary,yes,no,call,30.0,jul,morning,19.0,19.0,0.0,,no,18.0,106.44763734355102,2.7185897803217447,no
146011.0,53.0,blue-collar,married,primary,yes,yes,SMS,4.0,feb,Morning,7.0,7.0,2.0,other,no,805.0,89.9513246692162,3.7033253777014625,no
137722.0,47.0,technician,divorced,secondary,no,no,call,20.0,aug,Night ,2.0,2.0,0.0,,,689.0,68.51890833896404,6.8749637210012935,no
147720.0,56.0,technician,married,tertiary,yes,yes,call,8.0,apr,Night,1.0,1.0,0.0,,no,655.0,89.85344853913294,4.156437101952835,no
156640.0,65.0,unemployed,,tertiary,no,no,call,10.0,aug,eve,1.0,1.0,0.0,,no,0.0,96.32117811259388,5.803107239828493,no
122593.0,40.0,management,married,tertiary,yes,no,,28.0,may,Afternoon,2.0,2.0,0.0,,no,-130.0,85.0592652552766,6.085777429802832,no
150953.0,44.0,technician,married,,yes,yes,email,,may,Morning,4.0,4.0,0.0,,yes,-375.0,97.41147018416886,5.6962654168427855,no
153772.0,51.0,blue-collar,married,secondary,no,no,call,14.0,may,eve,1.0,1.0,0.0,,no,500.0,82.2025538059946,4.591349745188062,no
124333.0,37.0,self-employed,married,tertiary,yes,no,,3.0,jun,Night ,2.0,2.0,0.0,,no,1510.0,,5.78227325069545,no
128862.0,30.0,admin.,single,secondary,no,yes,call,7.0,jul,eve,1.0,1.0,0.0,,no,52.0,112.74334066640058,4.306642766285968,no
124737.0,38.0,services,married,secondary,yes,no,,4.0,jun,Evening,1.0,1.0,0.0,,no,43.0,114.13148176463967,3.508699406622754,no
127150.0,50.0,,married,,no,no,,,jun,eve,6.0,6.0,0.0,,no,200.0,103.02375350178795,3.8865385772502217,no
145708.0,34.0,services,single,secondary,yes,no,call,4.0,feb,Morning,1.0,1.0,0.0,,no,1921.0,97.97740090399941,5.3444614513561,no
161011.0,47.0,admin.,married,secondary,no,no,call,26.0,oct,Morning,1.0,1.0,4.0,failure,no,1210.0,77.71212831808899,3.4522560863329868,yes
136910.0,32.0,technician,single,tertiary,no,no,call,14.0,aug,Evening,4.0,4.0,0.0,,no,1038.0,93.862437612711,5.810539606129783,no
142625.0,45.0,entrepreneur,divorced,tertiary,yes,yes,call,20.0,nov,Morning,2.0,2.0,3.0,failure,no,1273.0,100.15191263130914,6.239555971871997,no
125056.0,36.0,blue-collar,married,primary,yes,no,,5.0,jun,Night,2.0,2.0,0.0,,no,130.0,108.89523475817913,3.541600895421068,no
122770.0,25.0,entrepreneur,single,primary,yes,no,,28.0,may,Evening,2.0,2.0,0.0,,no,-65.0,100.65335237857711,3.7497647373096257,no
159863.0,34.0,student,single,,no,no,call,23.0,jun,Afternoon,2.0,2.0,10.0,failure,no,5969.0,111.03486323509672,5.531023267267715,no
124565.0,55.0,,married,secondary,yes,no,,3.0,jun,morning,2.0,2.0,0.0,,yes,-208.0,105.48405070092704,7.130046913916762,no
151764.0,39.0,technician,single,secondary,yes,no,call,8.0,may,Night,1.0,1.0,1.0,failure,no,1685.0,88.41520995993466,3.690042365439483,no
150926.0,38.0,technician,married,tertiary,yes,no,call,6.0,may,Evening,2.0,2.0,0.0,,no,1.0,89.69815269069032,4.071720136994246,no
155343.0,33.0,technician,single,secondary,no,no,call,25.0,may,Night ,1.0,1.0,1.0,failure,no,2583.0,104.94915872850403,5.166667428385634,no
131632.0,28.0,blue-collar,married,primary,yes,no,call,21.0,jul,Morning,3.0,3.0,0.0,,yes,-124.0,97.151657400553,6.120312964208458,no
132948.0,51.0,entrepreneur,married,secondary,yes,no,call,25.0,jul,Morning,3.0,3.0,0.0,,no,2156.0,84.17598614136331,2.283066250701669,no
145157.0,61.0,management,married,tertiary,no,No,call,2.0,feb,Evening,3.0,3.0,0.0,,no,6016.0,112.66387771366037,5.077543656648291,yes
144766.0,31.0,self-employed,married,tertiary,yes,yes,call,,jan,Afternoon,6.0,6.0,3.0,failure,no,227.0,103.93309059736819,7.649658447058416,no
147347.0,34.0,technician,single,tertiary,yes,no,call,31.0,mar,Morning,1.0,1.0,2.0,failure,no,2658.0,100.0583453106839,1.3080125117999382,no
155464.0,58.0,unemployed,married,secondary,no,no,call,26.0,may,Night,2.0,2.0,0.0,,no,68.0,124.56526934437579,4.993245527862107,no
147330.0,49.0,admin.,married,tertiary,yes,no,call,30.0,mar,morning,6.0,6.0,0.0,,no,255.0,115.31426819998858,5.005887849622734,no
137830.0,42.0,self-employed,married,tertiary,yes,no,call,20.0,aug,Night ,4.0,4.0,0.0,,no,83.0,102.59381923581955,7.121890333982898,no
136947.0,31.0,technician,married,secondary,yes,no,call,14.0,aug,Evening,2.0,2.0,0.0,,no,3322.0,99.95680393047306,4.355235084918801,no
127433.0,51.0,blue-collar,married,primary,no,yes,,19.0,jun,Night,2.0,2.0,0.0,,no,91.0,124.12255580832709,4.697919960873243,no
139144.0,59.0,blue-collar,married,primary,no,no,call,27.0,aug,Afternoon,6.0,6.0,0.0,,no,699.0,99.37299569271664,8.001579605947752,no
142102.0,34.0,entrepreneur,married,tertiary,no,yes,call,20.0,nov,Night ,4.0,4.0,0.0,,no,368.0,112.3634452388208,4.594549034850706,no
126409.0,47.0,blue-collar,divorced,primary,no,yes,,16.0,jun,Evening,7.0,7.0,0.0,,no,7.0,96.63694901828129,3.476340183237505,no
158417.0,57.0,retired,married,secondary,no,no,call,18.0,dec,Night ,2.0,2.0,1.0,success,no,1841.0,108.28996338882895,2.93188504698244,no
151658.0,38.0,admin.,divorced,secondary,yes,No,call,8.0,may,morning,1.0,1.0,0.0,,no,258.0,93.41423402417522,5.286786741607635,no
139404.0,33.0,technician,single,tertiary,no,no,call,28.0,aug,morning,2.0,2.0,0.0,,no,0.0,101.30602682217553,4.957187494445176,no
136247.0,47.0,retired,married,secondary,yes,,call,11.0,aug,Morning,5.0,5.0,0.0,,no,-71.0,113.47265427627458,3.585104731932332,no
129615.0,47.0,management,divorced,,yes,no,call,10.0,jul,Night,1.0,1.0,0.0,,no,184.0,88.53918779034731,6.144782234447785,no
160249.0,23.0,management,single,tertiary,no,no,call,30.0,jul,Afternoon,3.0,3.0,0.0,,no,906.0,100.3175080688563,5.657030863626689,no
150066.0,28.0,self-employed,single,secondary,no,no,call,30.0,apr,Morning,1.0,1.0,0.0,,no,68.0,100.79275116886983,4.549158997537682,no
146171.0,30.0,services,single,primary,yes,no,email,5.0,feb,Morning,1.0,1.0,0.0,,yes,81.0,103.16796388052276,6.170206448581547,no
129150.0,42.0,entrepreneur,married,tertiary,yes,no,call,8.0,jul,morning,1.0,1.0,0.0,,no,2476.0,104.76121032971214,6.805138594276757,no
147514.0,24.0,student,,secondary,no,no,call,6.0,apr,Evening,4.0,4.0,0.0,,no,1684.0,105.53055412582343,3.257354110700649,no
130771.0,47.0,blue-collar,divorced,secondary,yes,no,call,16.0,jul,Night ,1.0,1.0,0.0,,no,-4.0,79.80422614198585,3.7024556578548466,no
148063.0,32.0,management,single,tertiary,yes,No,call,15.0,apr,Afternoon,1.0,1.0,1.0,failure,no,3981.0,77.2872402083297,2.237919897661328,no
129247.0,46.0,admin.,married,secondary,yes,yes,call,8.0,jul,eve,4.0,4.0,0.0,,no,-121.0,109.76207866034773,2.4017886681257967,no
126114.0,39.0,admin.,single,tertiary,no,no,,11.0,jun,Evening,3.0,3.0,0.0,,no,23.0,108.32557668854773,4.479521816901762,no
147756.0,54.0,admin.,married,primary,yes,no,SMS,9.0,apr,Night,1.0,1.0,0.0,,no,546.0,97.32011304552698,5.460688390727884,no
157343.0,64.0,retired,married,tertiary,no,no,SMS,7.0,sep,Night,4.0,4.0,0.0,,no,1644.0,79.07357114122988,5.322859825238923,yes
132548.0,56.0,technician,married,primary,,yes,call,24.0,jul,Evening,1.0,1.0,0.0,,no,0.0,97.3088743164801,5.33779473307148,no
116113.0,28.0,blue-collar,married,primary,yes,no,,5.0,may,Night,1.0,1.0,0.0,,no,324.0,98.3064656907299,5.629839808571736,no
145367.0,31.0,services,married,primary,yes,No,call,3.0,feb,Evening,1.0,1.0,3.0,failure,no,997.0,104.17506749572196,6.6450523090388565,no
142946.0,34.0,technician,married,secondary,no,no,call,21.0,nov,Evening,3.0,3.0,0.0,,no,6107.0,95.10059584470268,4.798382492841262,no
143379.0,51.0,blue-collar,married,secondary,,No,call,21.0,nov,eve,6.0,6.0,0.0,,no,0.0,97.81096111235398,5.829094419407992,no
134720.0,36.0,management,,tertiary,yes,no,call,4.0,aug,Night,1.0,1.0,0.0,,no,3007.0,113.64621644887416,6.75479902322261,no
119222.0,45.0,services,married,secondary,yes,no,,15.0,may,Night,1.0,1.0,0.0,,no,9077.0,87.26828933733462,9.616357060135137,no
141701.0,41.0,technician,married,tertiary,no,No,call,19.0,nov,Night,1.0,1.0,0.0,,no,3700.0,101.9912494440119,5.036443406597484,no
127480.0,54.0,retired,divorced,primary,no,no,,19.0,jun,eve,3.0,3.0,0.0,,no,52.0,102.16237159062239,4.251938917501925,no
121125.0,31.0,self-employed,single,tertiary,no,no,,23.0,may,Night,1.0,1.0,0.0,,no,91.0,99.39772157248329,5.549090672547016,no
134252.0,57.0,entrepreneur,married,,no,no,email,31.0,jul,Night,2.0,2.0,0.0,,no,20584.0,,8.190615078980592,no
136861.0,37.0,technician,divorced,secondary,no,no,call,14.0,aug,Morning,4.0,4.0,0.0,,no,2686.0,103.17594308043122,3.0287400651326863,no
159272.0,23.0,services,single,secondary,no,no,call,30.0,mar,morning,1.0,1.0,2.0,other,no,488.0,93.91034736539945,6.392912140353794,yes
155862.0,33.0,management,divorced,tertiary,no,no,call,3.0,jun,morning,1.0,1.0,0.0,,no,2240.0,106.0346741313259,6.529840067354694,yes
157566.0,37.0,technician,married,,no,no,call,1.0,oct,Morning,1.0,1.0,2.0,success,no,189.0,91.64821968314673,6.33355665748001,yes
128784.0,32.0,admin.,single,secondary,no,yes,call,7.0,jul,morning,1.0,1.0,0.0,,no,-267.0,93.80128956987899,6.051829100415308,no
149003.0,32.0,services,single,secondary,yes,no,call,20.0,apr,eve,1.0,1.0,0.0,,no,808.0,84.51718891297288,3.1368088624862223,no
126348.0,47.0,blue-collar,married,primary,yes,yes,,12.0,jun,eve,4.0,4.0,0.0,,no,-245.0,91.65157381019428,5.2126467343521075,no
133448.0,45.0,technician,married,secondary,no,no,call,29.0,jul,Night,2.0,2.0,0.0,,no,49.0,105.87476503206767,4.531180392423073,no
138714.0,38.0,management,divorced,tertiary,no,no,call,25.0,aug,Afternoon,4.0,4.0,0.0,,no,162.0,109.53321856617823,4.373924508779146,no
138433.0,31.0,technician,single,secondary,no,yes,call,22.0,aug,Morning,2.0,2.0,0.0,,no,354.0,109.41359138914194,8.62181014418614,no
157272.0,43.0,unemployed,married,,yes,no,SMS,1.0,sep,morning,13.0,13.0,11.0,failure,no,,109.64028546233727,4.267491668994381,no
144163.0,29.0,management,married,tertiary,yes,no,call,29.0,jan,eve,1.0,1.0,1.0,failure,no,246.0,97.2052262291712,5.737675112195445,no
151175.0,39.0,entrepreneur,divorced,secondary,yes,no,call,7.0,may,eve,1.0,1.0,0.0,,no,-271.0,88.31239645486309,3.5555183252099924,no
142708.0,34.0,services,married,secondary,no,yes,SMS,20.0,nov,eve,7.0,7.0,0.0,,no,1611.0,,4.768256852120886,no
143806.0,59.0,retired,married,secondary,yes,no,call,28.0,jan,Afternoon,2.0,2.0,0.0,,no,1066.0,86.86492014477551,6.0045756552697105,no
150558.0,37.0,admin.,married,secondary,yes,No,call,5.0,may,Morning,2.0,2.0,1.0,failure,no,176.0,104.03515198155515,4.07608504078948,no
149626.0,32.0,management,single,tertiary,no,no,call,22.0,apr,Morning,1.0,1.0,0.0,,no,10281.0,126.12084786673147,4.809237623092607,yes
127764.0,39.0,housemaid,divorced,secondary,no,no,,20.0,jun,Evening,2.0,2.0,0.0,,yes,127.0,90.72705522000439,5.8665051794640215,no
159581.0,55.0,technician,divorced,secondary,no,no,,13.0,may,eve,1.0,1.0,0.0,,no,184.0,91.9187653970082,4.685023995084213,no
121538.0,30.0,management,single,tertiary,yes,no,,26.0,may,morning,5.0,5.0,0.0,,no,2317.0,116.29645270742145,4.357962726690103,no
149374.0,46.0,admin.,married,secondary,yes,yes,call,,apr,Afternoon,2.0,2.0,2.0,failure,no,0.0,106.67688661662143,4.609011328772068,no
117374.0,37.0,blue-collar,divorced,secondary,yes,no,,8.0,may,Evening,2.0,2.0,0.0,,no,48.0,93.70066735524725,3.9286450558068466,no
136851.0,36.0,management,married,tertiary,no,No,call,14.0,aug,Night,2.0,2.0,0.0,,no,406.0,92.67880385586305,5.082168829437233,no
157134.0,71.0,retired,married,tertiary,no,no,call,24.0,aug,Night ,3.0,3.0,2.0,failure,no,2651.0,107.62061027925442,5.668087286673842,no
118430.0,46.0,blue-collar,married,primary,yes,no,,13.0,may,Morning,1.0,1.0,0.0,,no,399.0,100.98687487680577,3.9780641021179917,no
132344.0,34.0,management,married,tertiary,no,yes,call,23.0,jul,Night,2.0,2.0,0.0,,no,415.0,95.47362464806666,4.8968839081511115,no
160684.0,40.0,entrepreneur,married,tertiary,no,no,call,15.0,sep,morning,3.0,3.0,0.0,,no,3585.0,101.07623983399303,6.979293172491841,yes
126393.0,34.0,services,married,secondary,,no,,16.0,jun,Afternoon,3.0,3.0,0.0,,no,-62.0,83.85990064151794,3.988788676204644,no
133090.0,33.0,entrepreneur,married,tertiary,no,yes,call,28.0,jul,Night,3.0,3.0,0.0,,no,114.0,108.66911364393435,4.21593428173001,no
155340.0,32.0,technician,married,tertiary,no,no,call,25.0,may,Night,1.0,1.0,1.0,other,no,8023.0,102.44241639057984,5.710452428704443,no
149924.0,28.0,technician,single,secondary,no,no,call,30.0,apr,Night,1.0,1.0,0.0,,no,227.0,98.82693047810683,5.952560032187009,yes
128801.0,26.0,blue-collar,single,secondary,no,yes,call,7.0,jul,Night ,3.0,3.0,0.0,,yes,-8019.0,95.93302374633195,6.847923649154113,no
131365.0,,admin.,single,secondary,no,no,call,18.0,jul,Night ,3.0,3.0,0.0,,no,934.0,90.50163632424052,4.593752020773819,no
120508.0,37.0,blue-collar,divorced,secondary,yes,no,,20.0,may,Night ,1.0,1.0,0.0,,no,614.0,86.07853138259128,7.408620768367884,no
125664.0,54.0,housemaid,divorced,primary,,yes,,9.0,jun,morning,2.0,2.0,0.0,,no,215.0,109.21135138135527,6.345804617169007,no
143633.0,42.0,management,divorced,tertiary,no,yes,call,28.0,jan,eve,1.0,1.0,0.0,,no,266.0,111.15057469601928,5.0268650042001575,no
148624.0,49.0,management,married,tertiary,yes,no,call,17.0,apr,Evening,1.0,1.0,0.0,,,5795.0,128.8276801785453,3.8957893035952624,no
143104.0,35.0,technician,married,tertiary,yes,yes,call,21.0,nov,Morning,1.0,1.0,0.0,,no,0.0,107.84718379961153,5.439733875364936,no
122145.0,44.0,blue-collar,divorced,primary,yes,No,,27.0,may,Night ,1.0,1.0,0.0,,no,68.0,83.92884959244454,5.4111744062878,no
118894.0,46.0,services,married,secondary,yes,no,,14.0,,Night ,4.0,4.0,0.0,,no,1757.0,103.98933472995692,1.9845638353739252,no
154004.0,47.0,admin.,married,secondary,no,no,call,15.0,may,Afternoon,4.0,4.0,0.0,,no,452.0,110.00219963148325,,no
118978.0,42.0,technician,married,secondary,yes,yes,,14.0,may,morning,5.0,5.0,0.0,,no,645.0,97.78015537844877,3.174398374396341,no
117319.0,60.0,technician,married,,yes,no,,8.0,may,Evening,1.0,1.0,0.0,,no,0.0,98.13033425894425,5.1982884909879195,no
120404.0,30.0,self-employed,single,secondary,yes,no,,20.0,may,Morning,1.0,1.0,0.0,,no,4011.0,114.96485477159838,5.630959578099859,no
139590.0,34.0,management,single,tertiary,no,no,call,28.0,aug,Morning,3.0,3.0,0.0,,yes,621.0,100.73704969967703,3.3742634190743743,no
130511.0,34.0,blue-collar,single,primary,yes,No,call,15.0,jul,Morning,4.0,4.0,0.0,,no,-109.0,91.5458552331578,5.928312669641524,yes
124369.0,35.0,services,divorced,secondary,yes,No,,3.0,jun,Afternoon,2.0,2.0,0.0,,no,-269.0,92.81474953679707,6.776126069817852,no
124950.0,51.0,,single,,no,no,,5.0,jun,Night ,1.0,1.0,0.0,,no,0.0,98.22446350148886,5.156107726616817,no
137941.0,31.0,technician,single,secondary,no,no,call,20.0,aug,Morning,3.0,3.0,0.0,,no,36.0,98.30221588333717,2.8429734049188733,no
130590.0,36.0,services,divorced,secondary,no,yes,call,15.0,jul,eve,7.0,7.0,0.0,,yes,0.0,100.6417020179249,6.381472441795893,yes
128759.0,46.0,management,married,secondary,no,yes,call,7.0,jul,Night ,1.0,1.0,0.0,,no,700.0,95.825237976778,8.820647916732582,no
151696.0,28.0,student,single,secondary,yes,no,call,8.0,may,Morning,1.0,1.0,0.0,,no,231.0,106.10252051651511,5.434482980458359,no
140813.0,41.0,entrepreneur,married,secondary,yes,no,call,18.0,nov,Night ,1.0,1.0,0.0,,no,8491.0,109.62647947867833,4.797488210909334,yes
148163.0,28.0,admin.,married,,yes,no,call,16.0,apr,Night,1.0,1.0,0.0,,no,-1.0,97.14327792899648,6.251839884364342,no
122366.0,28.0,blue-collar,single,,yes,no,,27.0,may,eve,2.0,2.0,0.0,,no,913.0,115.29821035282815,5.111615248780355,no
149230.0,51.0,housemaid,married,tertiary,yes,yes,call,20.0,apr,Afternoon,4.0,4.0,0.0,,no,6700.0,103.87050063331337,4.748274884164789,no
123073.0,29.0,,single,,no,no,,29.0,may,Afternoon,6.0,6.0,0.0,,no,209.0,105.20620876136944,4.039673325561142,no
145467.0,31.0,blue-collar,married,primary,no,no,call,3.0,feb,Night ,2.0,2.0,0.0,,no,845.0,88.46848463564838,3.1991334814461214,no
157671.0,74.0,retired,married,tertiary,no,no,email,13.0,oct,Night ,2.0,2.0,0.0,,no,1124.0,113.35735462199054,6.667498730181829,no
148566.0,37.0,blue-collar,married,,yes,no,call,17.0,apr,morning,1.0,1.0,3.0,failure,no,722.0,99.4480433462839,2.8624590225226476,no
149737.0,70.0,retired,divorced,primary,no,no,call,28.0,apr,Evening,2.0,2.0,0.0,,no,383.0,99.46910064168988,3.2276315341159854,no
139133.0,42.0,technician,divorced,tertiary,no,no,call,27.0,aug,Night ,8.0,8.0,0.0,,no,765.0,81.6301452377349,6.032091024856162,no
146962.0,27.0,self-employed,single,tertiary,yes,,call,13.0,,Evening,2.0,2.0,0.0,,no,970.0,96.66885956160033,4.581622840778194,no
123851.0,59.0,management,married,primary,yes,no,,2.0,jun,morning,3.0,3.0,0.0,,no,396.0,118.27506756705796,3.3146011988798763,no
116434.0,50.0,technician,married,primary,yes,no,,6.0,may,Morning,1.0,1.0,0.0,,no,249.0,115.39648231320456,5.911072422912687,no
159246.0,77.0,management,married,tertiary,no,no,call,25.0,mar,eve,1.0,1.0,0.0,,no,5619.0,112.03892234736311,4.189101304246126,no
122830.0,26.0,student,single,tertiary,yes,no,,28.0,,Afternoon,1.0,1.0,0.0,,no,0.0,96.90947158598694,2.563412614421498,no
156325.0,30.0,blue-collar,married,primary,yes,yes,call,2.0,jul,Night ,1.0,1.0,3.0,failure,no,1101.0,108.28548961736283,5.784885225883887,no
142783.0,39.0,management,single,secondary,no,yes,call,21.0,nov,Night ,2.0,2.0,0.0,,no,-490.0,90.5511973669169,4.59190049015616,no
131258.0,33.0,blue-collar,married,secondary,yes,No,call,18.0,jul,Night,2.0,2.0,0.0,,no,89.0,108.17034007737263,4.000460451813778,yes
121690.0,34.0,blue-collar,married,primary,yes,no,,26.0,may,morning,1.0,1.0,0.0,,no,-367.0,95.1489749731428,6.121284926349778,no
131925.0,37.0,technician,married,secondary,yes,yes,call,22.0,jul,Afternoon,2.0,2.0,0.0,,no,54.0,99.09505154933485,8.449901302142713,no
117640.0,25.0,admin.,single,secondary,yes,no,,9.0,may,Afternoon,1.0,1.0,0.0,,no,787.0,107.43277522610424,1.7332532469611541,no
141378.0,31.0,management,single,tertiary,yes,no,call,19.0,nov,Evening,1.0,1.0,2.0,failure,no,3625.0,94.5983905840311,5.861310432357966,no
134459.0,52.0,blue-collar,married,primary,yes,yes,call,31.0,jul,morning,3.0,3.0,0.0,,no,655.0,100.85471596960885,7.617267152963894,no
132347.0,42.0,technician,married,secondary,yes,yes,call,23.0,jul,eve,10.0,10.0,0.0,,no,-470.0,95.5001229626318,5.27188268539476,no
128285.0,34.0,technician,married,secondary,yes,yes,,27.0,jun,Afternoon,1.0,1.0,0.0,,no,2019.0,105.16049072942924,4.254555276597816,no
137973.0,47.0,management,married,tertiary,no,no,call,,aug,Night ,2.0,2.0,0.0,,no,1224.0,99.33039515655338,5.419527708246255,no
151524.0,57.0,management,divorced,tertiary,yes,no,call,8.0,may,morning,3.0,3.0,8.0,other,no,52.0,101.98756844859942,3.9903564464081427,no
128312.0,37.0,technician,divorced,secondary,no,yes,,30.0,jun,Evening,2.0,2.0,0.0,,no,1309.0,109.0722819132704,5.9702430156071316,no
145448.0,37.0,technician,married,secondary,yes,no,call,3.0,feb,morning,6.0,6.0,7.0,other,no,1116.0,94.68737327001486,5.242963958581317,no
153321.0,42.0,blue-collar,married,secondary,yes,no,call,13.0,may,Night,3.0,3.0,2.0,failure,no,-336.0,88.69194347727174,7.036617718950073,no
137547.0,43.0,housemaid,divorced,tertiary,yes,no,call,19.0,aug,Morning,2.0,2.0,0.0,,no,42.0,107.80185762214101,3.502867785561115,no
156483.0,34.0,technician,married,secondary,yes,no,call,28.0,jul,eve,4.0,4.0,1.0,failure,no,603.0,106.18498251225955,5.858328609810425,no
132488.0,37.0,entrepreneur,married,primary,yes,no,call,24.0,jul,Evening,1.0,1.0,0.0,,no,-204.0,106.76601777845619,4.9356389138521175,no
122880.0,39.0,blue-collar,married,secondary,yes,No,,28.0,may,eve,4.0,4.0,0.0,,no,2612.0,110.79955480083001,7.686748984551298,no
151010.0,29.0,management,married,tertiary,yes,no,call,6.0,may,Night ,2.0,2.0,0.0,,no,0.0,114.12190179760303,4.136979156211629,yes
119353.0,56.0,unemployed,married,secondary,yes,No,,15.0,may,eve,2.0,2.0,0.0,,no,2552.0,101.39730730968556,2.7418972408108147,no
137123.0,54.0,blue-collar,married,secondary,yes,No,call,18.0,aug,Night,4.0,4.0,0.0,,,10.0,110.40981118946655,3.1996311229773546,no
131623.0,45.0,management,married,tertiary,yes,no,call,21.0,jul,eve,1.0,1.0,0.0,,no,210.0,83.41678067597913,5.136188193697051,no
116284.0,46.0,technician,divorced,tertiary,yes,No,,6.0,may,Night ,1.0,1.0,0.0,,no,477.0,112.37421902848092,5.163298686552607,no
129200.0,41.0,blue-collar,divorced,,no,yes,call,8.0,jul,Night ,5.0,5.0,0.0,,no,19.0,89.78351093339725,6.771086028773437,no
138344.0,46.0,management,single,tertiary,no,no,call,22.0,aug,Evening,2.0,2.0,0.0,,no,0.0,92.12039448438792,4.904889995364076,yes
138071.0,30.0,technician,single,secondary,no,no,call,21.0,aug,Night ,4.0,4.0,0.0,,no,0.0,94.04742747216626,5.430863341348033,no
135937.0,46.0,housemaid,married,primary,no,No,call,8.0,aug,Evening,5.0,5.0,0.0,,no,269.0,100.18757736275344,3.001444814908469,no
137341.0,48.0,technician,married,tertiary,no,No,call,18.0,aug,Afternoon,3.0,3.0,0.0,,no,9207.0,93.11326778494914,7.007627749861224,no
129528.0,46.0,blue-collar,married,secondary,yes,No,call,9.0,jul,eve,1.0,1.0,0.0,,,6253.0,101.42418165473899,2.5801046844067033,no
126143.0,60.0,management,married,tertiary,no,no,,11.0,jun,Morning,3.0,3.0,0.0,,no,79.0,124.3613259882144,3.7580691858578534,no
144856.0,53.0,management,married,secondary,no,yes,call,2.0,feb,Afternoon,1.0,1.0,0.0,,no,-264.0,109.92347984286143,4.45202514480129,no
140774.0,38.0,entrepreneur,married,,no,no,call,18.0,nov,Afternoon,1.0,1.0,0.0,,no,259.0,104.31066951661887,5.622026236900243,no
150370.0,43.0,blue-collar,married,secondary,no,no,call,5.0,may,Evening,1.0,1.0,3.0,failure,no,130.0,100.88954351279062,4.157716971440124,no
140978.0,33.0,admin.,married,tertiary,yes,no,call,18.0,nov,Night,1.0,1.0,0.0,,no,46.0,118.16852210974145,5.4860847308180825,no
145734.0,51.0,management,married,tertiary,no,no,SMS,4.0,feb,morning,1.0,1.0,0.0,,no,371.0,109.22225371870883,6.085595648887118,no
151205.0,54.0,management,divorced,tertiary,yes,no,call,7.0,may,morning,1.0,1.0,3.0,failure,no,0.0,94.4820684164553,0.8921090843749528,no
142204.0,42.0,entrepreneur,married,secondary,yes,no,call,20.0,nov,Night ,4.0,4.0,0.0,,no,0.0,94.27035884303251,6.935380692373725,no
131478.0,54.0,unemployed,single,tertiary,yes,no,call,21.0,jul,morning,1.0,1.0,0.0,,no,,110.4056401394258,3.1792186247082137,no
142247.0,40.0,technician,married,secondary,no,no,call,20.0,nov,Evening,1.0,1.0,0.0,,no,4341.0,89.05143495509735,6.868909621070971,no
128599.0,39.0,management,married,tertiary,yes,no,call,7.0,jul,Morning,2.0,2.0,0.0,,no,1007.0,99.65101856076456,5.7307393193553295,no
136259.0,40.0,management,divorced,tertiary,no,no,call,11.0,aug,Night ,3.0,3.0,0.0,,no,3426.0,97.76620561194369,3.963252962958757,no
152558.0,54.0,management,married,tertiary,yes,No,call,12.0,may,eve,7.0,7.0,0.0,,no,384.0,102.64619405270263,5.034836030432413,no
145934.0,53.0,blue-collar,divorced,primary,yes,no,call,4.0,feb,Morning,2.0,2.0,2.0,failure,no,255.0,93.98727312478898,4.333858615195235,no
146104.0,39.0,technician,married,secondary,no,no,call,5.0,feb,Night,1.0,1.0,1.0,failure,no,994.0,105.06284345493506,6.312858365076101,no
140495.0,47.0,technician,married,secondary,yes,no,call,17.0,nov,Night ,3.0,3.0,0.0,,no,734.0,88.64350854810397,4.664190772179238,no
132129.0,49.0,unemployed,divorced,secondary,yes,no,call,23.0,jul,Evening,1.0,1.0,0.0,,no,-214.0,90.47982492719531,5.069544986843316,no
116519.0,54.0,technician,divorced,secondary,yes,no,,6.0,may,Night ,2.0,2.0,0.0,,no,21.0,93.12661145366827,5.5248516135001156,no
138959.0,47.0,self-employed,married,tertiary,no,no,call,26.0,aug,Afternoon,15.0,15.0,0.0,,no,1245.0,113.62938623994509,7.165771188585403,no
143445.0,58.0,management,married,tertiary,no,no,call,21.0,nov,Night,10.0,10.0,3.0,failure,no,1602.0,95.96711179876434,6.861933082559705,no
134706.0,48.0,unemployed,married,secondary,yes,no,SMS,31.0,jul,Afternoon,3.0,3.0,0.0,,no,1811.0,85.16042030622563,4.487539659591713,no
116825.0,39.0,blue-collar,married,secondary,yes,no,,7.0,may,Morning,1.0,1.0,0.0,,yes,-345.0,88.74515703677078,1.243923827478128,no
134522.0,32.0,blue-collar,married,secondary,yes,yes,call,31.0,jul,Afternoon,5.0,5.0,0.0,,no,139.0,87.48561284284989,8.467451802196209,no
144669.0,27.0,management,single,tertiary,no,no,call,30.0,jan,Evening,4.0,4.0,0.0,,no,1277.0,101.30260795144589,5.990502716314118,no
146221.0,49.0,entrepreneur,divorced,secondary,no,no,call,5.0,feb,Evening,1.0,1.0,0.0,,no,32.0,104.40586522117526,4.893595558717393,no
123644.0,49.0,management,married,tertiary,yes,yes,,30.0,may,Morning,2.0,2.0,0.0,,no,1216.0,104.90602219482453,4.8513985459206115,no
146052.0,31.0,management,divorced,tertiary,yes,no,call,5.0,feb,Evening,2.0,2.0,1.0,failure,no,106.0,101.69032198646129,3.975538679197498,no
153161.0,21.0,blue-collar,single,secondary,yes,yes,email,13.0,may,Night ,4.0,4.0,0.0,,no,292.0,95.00681917022712,5.37221135760732,no
127845.0,37.0,services,married,secondary,no,no,,20.0,jun,Afternoon,9.0,9.0,0.0,,no,1483.0,101.33030905879326,4.201904508381091,no
155395.0,34.0,management,single,tertiary,no,no,call,25.0,may,Night,1.0,1.0,0.0,,no,747.0,98.63411490500312,6.122728538091522,no
157686.0,63.0,retired,married,primary,no,No,call,14.0,oct,Night ,1.0,1.0,1.0,success,no,1084.0,106.08788191965391,6.2983323801142665,no
154845.0,44.0,blue-collar,married,secondary,yes,no,call,18.0,may,Night,5.0,5.0,3.0,other,no,2979.0,129.86194752473298,4.14789090106661,no
120996.0,27.0,admin.,single,secondary,yes,yes,,21.0,may,Morning,2.0,2.0,0.0,,no,392.0,86.44081357765836,5.817740534986815,no
134303.0,32.0,services,married,secondary,no,no,call,31.0,jul,Night,6.0,6.0,0.0,,no,0.0,97.18300320630486,6.821960620236069,no
131618.0,32.0,services,married,secondary,yes,no,call,21.0,jul,Evening,1.0,1.0,0.0,,no,2196.0,99.13191315135242,4.237498782647518,no
155087.0,32.0,admin.,single,,yes,no,call,,may,Afternoon,2.0,2.0,0.0,,no,2692.0,104.04889879784007,6.437338041908387,no
137891.0,46.0,blue-collar,married,secondary,no,no,call,20.0,aug,Morning,6.0,6.0,0.0,,no,3547.0,92.23103638152857,4.091327210927449,no
144495.0,33.0,admin.,,secondary,no,,call,29.0,jan,Afternoon,2.0,2.0,1.0,failure,no,303.0,98.47462753316907,6.2609798455445,no
143384.0,39.0,technician,divorced,secondary,no,no,call,21.0,nov,Night ,7.0,7.0,0.0,,no,566.0,91.20111753411841,5.546808346659476,no
120882.0,42.0,technician,divorced,secondary,yes,no,,21.0,may,Evening,5.0,5.0,0.0,,no,2974.0,91.09811863445239,3.7788237589749323,no
115917.0,44.0,admin.,married,secondary,yes,no,,5.0,may,Afternoon,1.0,1.0,0.0,,no,-372.0,115.49836599688065,4.610679585813033,no
139775.0,39.0,management,divorced,tertiary,no,no,call,29.0,aug,Night ,2.0,2.0,0.0,,no,115.0,90.25240309747011,4.342810412363046,no
132678.0,40.0,technician,married,secondary,yes,no,call,24.0,jul,Afternoon,1.0,1.0,0.0,,no,203.0,114.98129892952515,1.8975696077585846,no
136874.0,57.0,,married,primary,no,no,call,14.0,aug,eve,2.0,2.0,0.0,,no,270.0,92.99237670505497,5.326348179105515,no
125747.0,35.0,management,married,tertiary,no,no,,,jun,Night,1.0,1.0,0.0,,no,1012.0,101.60744834476783,4.959719583070911,no
132959.0,27.0,management,married,tertiary,yes,No,call,25.0,jul,Evening,2.0,2.0,0.0,,no,159.0,91.83193043532435,6.436258667569233,no
127959.0,39.0,blue-collar,married,secondary,yes,No,,20.0,jun,Evening,5.0,5.0,0.0,,no,-1002.0,122.63321665341614,5.957438032920443,no
147736.0,42.0,blue-collar,married,secondary,yes,no,call,8.0,apr,Night ,2.0,2.0,0.0,,no,3168.0,113.6810950223755,5.580443044605982,no
123835.0,53.0,blue-collar,married,secondary,yes,yes,,30.0,may,eve,4.0,4.0,0.0,,no,1103.0,102.7123552262789,6.7456187687647695,no
125085.0,36.0,self-employed,married,secondary,yes,no,,5.0,jun,Afternoon,1.0,1.0,0.0,,no,,110.3261404574435,5.054029497369151,no
122901.0,40.0,admin.,married,secondary,no,no,,28.0,may,eve,3.0,3.0,0.0,,no,2.0,100.30268030069193,3.0319444774028907,no
118989.0,51.0,housemaid,married,primary,no,No,,14.0,may,Night,5.0,5.0,0.0,,no,289.0,107.44324665015509,5.225653850706047,no
158810.0,58.0,unemployed,married,secondary,no,no,call,5.0,feb,Morning,2.0,2.0,0.0,,no,1625.0,102.09820744408884,4.343921021407404,yes
119437.0,50.0,housemaid,married,primary,yes,no,,15.0,may,Afternoon,2.0,2.0,0.0,,no,395.0,98.70355963172337,4.78038347425042,no
158406.0,52.0,technician,married,secondary,yes,no,call,17.0,dec,morning,2.0,2.0,3.0,failure,no,195.0,,6.357850832068032,no
119356.0,25.0,student,single,secondary,yes,no,,15.0,may,Night,3.0,3.0,0.0,,no,1139.0,87.62655784300497,1.5040303487939841,no
160838.0,28.0,management,single,tertiary,yes,no,call,7.0,oct,Evening,1.0,1.0,2.0,success,no,616.0,99.38651735869783,5.3458219582059465,no
123125.0,40.0,admin.,married,secondary,yes,yes,,29.0,may,Evening,3.0,3.0,0.0,,no,0.0,90.73947718420588,4.6225159531655615,no
158340.0,29.0,technician,single,tertiary,yes,No,call,7.0,dec,morning,3.0,3.0,2.0,success,no,2489.0,75.16896599754212,5.162313712632826,no
160499.0,34.0,entrepreneur,married,secondary,yes,no,,30.0,aug,Afternoon,1.0,1.0,0.0,,no,4659.0,93.32394663264188,4.204826139191071,no
124709.0,27.0,management,single,tertiary,yes,no,,4.0,jun,Evening,2.0,2.0,0.0,,yes,-713.0,101.23739425465693,4.792365090392962,yes
126170.0,37.0,management,single,tertiary,no,no,,12.0,jun,Night ,3.0,3.0,0.0,,no,8828.0,98.19653713448378,4.595288532270893,yes
147331.0,32.0,services,married,secondary,yes,no,call,30.0,mar,Evening,1.0,1.0,0.0,,no,2833.0,109.56095393858736,4.141761256664037,no
124645.0,23.0,student,single,secondary,yes,no,,4.0,jun,Night,1.0,1.0,0.0,,no,4409.0,97.2147051792274,4.132693816408078,no
152741.0,36.0,blue-collar,married,secondary,yes,no,call,12.0,may,Night ,1.0,1.0,1.0,failure,no,98.0,88.93743995622921,4.791329931248754,no
144773.0,31.0,admin.,divorced,secondary,yes,no,call,30.0,jan,morning,2.0,2.0,0.0,,no,217.0,96.29067915949165,3.9639011450970405,yes
115926.0,51.0,management,married,tertiary,yes,no,,5.0,may,Night ,1.0,1.0,0.0,,no,10635.0,121.73811645359756,3.1439178762362325,no
150632.0,49.0,blue-collar,married,secondary,yes,no,call,6.0,,Afternoon,1.0,1.0,2.0,failure,no,2039.0,97.13302665397252,5.047272446548036,yes
127997.0,44.0,management,married,tertiary,yes,No,,20.0,jun,Night ,7.0,7.0,0.0,,no,786.0,98.38839045524654,3.2814945784203418,no
127135.0,53.0,self-employed,married,tertiary,no,no,,18.0,jun,Afternoon,3.0,3.0,0.0,,no,235.0,91.66954530744864,8.899262853054502,no
129149.0,31.0,admin.,single,secondary,yes,yes,call,8.0,jul,Morning,1.0,1.0,0.0,,yes,4.0,105.94445429480335,6.428691645736836,no
145590.0,45.0,management,married,tertiary,no,no,email,3.0,feb,Morning,2.0,2.0,0.0,,no,1199.0,102.00239868378948,4.632763187651166,no
149893.0,46.0,services,married,secondary,no,no,call,30.0,apr,Afternoon,1.0,1.0,5.0,other,,4.0,99.08319178754351,3.756412165607049,yes
122927.0,30.0,blue-collar,married,primary,yes,yes,,28.0,may,Night ,5.0,5.0,0.0,,yes,0.0,99.37165350648806,5.788666549764333,no
156119.0,41.0,management,single,secondary,no,no,call,12.0,jun,Night,2.0,2.0,0.0,,no,764.0,93.6458983917641,3.480093123161793,no
156395.0,32.0,management,single,tertiary,no,No,call,7.0,jul,Afternoon,1.0,1.0,1.0,other,no,0.0,105.94182944020804,2.921655654505595,no
155574.0,37.0,admin.,married,secondary,yes,no,call,27.0,may,Morning,7.0,7.0,1.0,other,no,7.0,111.19487851395697,2.6460219746875167,no
140822.0,35.0,blue-collar,married,primary,yes,no,,18.0,nov,eve,1.0,1.0,0.0,,no,2732.0,99.99635249433464,1.781010085673306,no
116123.0,31.0,services,married,secondary,yes,no,,5.0,may,morning,2.0,2.0,0.0,,no,388.0,107.04834433870172,3.1616528288695607,no
117495.0,35.0,management,married,tertiary,yes,yes,,8.0,may,morning,1.0,1.0,0.0,,no,14.0,97.33159847657913,5.225332445449395,no
144033.0,29.0,blue-collar,single,secondary,yes,yes,call,29.0,jan,Morning,1.0,1.0,1.0,other,no,1296.0,101.65703987526847,4.856701680697941,no
147619.0,35.0,management,single,tertiary,yes,No,call,7.0,apr,Night ,2.0,2.0,22.0,failure,no,714.0,83.75193697327043,4.031943738475473,no
146068.0,69.0,management,married,tertiary,no,no,SMS,5.0,feb,Morning,3.0,3.0,0.0,,no,840.0,80.16759601031204,4.879776383493706,yes
153976.0,38.0,self-employed,married,secondary,yes,no,call,14.0,may,eve,2.0,2.0,2.0,failure,no,215.0,99.97124703564965,5.298056088349922,no
131332.0,51.0,management,married,tertiary,no,No,call,18.0,jul,morning,2.0,2.0,0.0,,no,-714.0,115.73312565571763,3.3964297174914093,no
127533.0,43.0,technician,divorced,secondary,no,no,,20.0,jun,Morning,2.0,2.0,0.0,,no,6835.0,,5.476090925686431,no
124806.0,26.0,technician,single,tertiary,yes,no,,4.0,jun,morning,2.0,2.0,0.0,,no,1118.0,105.35981807722638,4.461066773485239,no
118599.0,41.0,blue-collar,married,primary,yes,no,,13.0,may,eve,9.0,9.0,0.0,,no,3140.0,110.95450093132338,4.013011675972752,no
153966.0,48.0,blue-collar,married,primary,yes,no,call,14.0,may,Night ,6.0,6.0,0.0,,yes,-50.0,95.46233899117928,6.183751413975859,no
139630.0,36.0,management,married,tertiary,no,no,call,28.0,aug,Evening,8.0,8.0,0.0,,no,918.0,99.19165189425955,4.7975845997913344,no
154908.0,29.0,services,single,secondary,yes,no,call,18.0,may,Evening,1.0,1.0,0.0,,no,-287.0,108.4591471229848,4.597194771861394,no
148705.0,36.0,management,married,tertiary,no,no,call,17.0,apr,Evening,1.0,1.0,0.0,,no,696.0,109.90858557116456,5.890380061871049,no
161052.0,35.0,technician,married,secondary,yes,no,call,9.0,nov,Morning,1.0,1.0,5.0,success,no,0.0,108.50330137123643,5.258207930937846,yes
122742.0,47.0,management,married,secondary,yes,,,28.0,may,eve,1.0,1.0,0.0,,no,490.0,89.48849657818559,7.430762459692275,no
136848.0,54.0,services,married,secondary,no,no,call,14.0,aug,Night ,2.0,2.0,0.0,,no,869.0,108.21007189487491,5.345754925438377,no
149830.0,37.0,blue-collar,married,secondary,no,no,call,30.0,apr,Afternoon,1.0,1.0,0.0,,no,1330.0,90.71462310934346,2.348658631338794,yes
127696.0,,technician,married,tertiary,no,no,,20.0,jun,morning,1.0,1.0,0.0,,no,0.0,99.22308607883213,6.483871856680869,no
159074.0,36.0,technician,single,secondary,no,no,call,2.0,mar,eve,1.0,1.0,3.0,other,no,1407.0,99.42267065904394,5.6834405889232436,no
122735.0,41.0,blue-collar,single,secondary,yes,no,,28.0,may,Afternoon,1.0,1.0,0.0,,no,1621.0,112.52443295297981,5.462830923715368,no
121798.0,33.0,services,married,secondary,yes,no,,26.0,may,Night,6.0,6.0,0.0,,no,0.0,98.88306090833804,4.007178212042041,no
151836.0,39.0,services,married,secondary,yes,yes,call,8.0,may,Morning,6.0,6.0,2.0,failure,no,-762.0,108.39657725244346,6.164295818393924,no
134026.0,54.0,unemployed,divorced,secondary,yes,no,call,30.0,jul,Evening,1.0,1.0,0.0,,no,3721.0,95.1525414279949,3.0428208314091747,no
140238.0,48.0,management,single,tertiary,no,no,,17.0,nov,Morning,1.0,1.0,3.0,failure,no,8106.0,114.74975182869035,7.093341969636112,no
149142.0,41.0,admin.,married,secondary,no,no,call,20.0,apr,Night ,2.0,2.0,2.0,failure,no,67.0,98.09229150018784,5.681968712397656,no
136868.0,58.0,retired,married,secondary,no,no,call,14.0,aug,Morning,2.0,2.0,0.0,,no,2553.0,97.16634939122495,,no
154746.0,41.0,blue-collar,married,primary,yes,no,call,18.0,may,Morning,1.0,1.0,0.0,,no,-75.0,97.57977655234292,4.8354118081546655,no
144931.0,47.0,technician,married,secondary,yes,no,call,2.0,feb,Night,1.0,1.0,1.0,success,no,332.0,118.44386460456359,6.827448801524115,no
120087.0,42.0,management,married,tertiary,yes,no,,19.0,may,Night,2.0,2.0,0.0,,no,365.0,107.05116929528472,6.949223486221996,no
117581.0,35.0,blue-collar,married,secondary,yes,no,,9.0,may,morning,2.0,2.0,0.0,,yes,-198.0,83.0634418836494,4.848465824108647,no
129096.0,29.0,technician,single,secondary,yes,no,call,8.0,jul,Night,1.0,1.0,0.0,,no,359.0,89.55296860604389,6.7279739127557,no
135670.0,45.0,blue-collar,married,secondary,no,no,call,8.0,aug,Night ,2.0,2.0,0.0,,no,162.0,107.87467592803736,5.61493761081362,no
156240.0,42.0,technician,married,secondary,no,no,call,19.0,jun,Evening,5.0,5.0,2.0,failure,no,1539.0,96.06477586450163,7.262079327864196,no
140799.0,35.0,technician,single,secondary,no,no,call,18.0,nov,eve,1.0,1.0,0.0,,no,7530.0,103.91676609343457,8.539071927551989,no
156100.0,35.0,management,married,tertiary,no,no,call,8.0,jun,morning,4.0,4.0,0.0,,no,925.0,119.46297411371198,4.062554072351108,yes
123076.0,55.0,management,married,tertiary,yes,yes,,29.0,may,Night,2.0,2.0,0.0,,no,505.0,101.56214709439094,7.864235977452164,no
153407.0,37.0,blue-collar,married,secondary,yes,yes,call,13.0,may,morning,4.0,4.0,0.0,,no,121.0,90.70062338937171,5.747291853105151,no
121128.0,35.0,blue-collar,married,primary,yes,No,,23.0,may,Evening,8.0,8.0,0.0,,no,994.0,93.75890655231935,4.0235581871636406,yes
151953.0,35.0,management,single,secondary,yes,no,call,11.0,may,Evening,5.0,5.0,12.0,failure,no,356.0,93.74498663900933,4.11245249661512,no
134478.0,52.0,technician,married,secondary,no,yes,call,31.0,jul,Morning,1.0,1.0,0.0,,no,-1.0,101.44152988828978,3.918823963728011,no
136086.0,43.0,management,single,tertiary,no,no,call,11.0,aug,Evening,2.0,2.0,0.0,,no,0.0,100.2538342481153,3.9131876297591663,no
124897.0,35.0,management,married,tertiary,yes,yes,,5.0,jun,Night ,6.0,6.0,0.0,,no,-640.0,117.12746128739427,7.081307062674199,no
140419.0,59.0,management,married,tertiary,no,yes,call,17.0,nov,morning,2.0,2.0,0.0,,no,1783.0,98.99034509723539,6.561622810625707,yes
144755.0,47.0,technician,divorced,secondary,yes,yes,call,30.0,jan,morning,3.0,3.0,0.0,,no,1194.0,105.85643971735692,4.411189213084484,no
140253.0,40.0,technician,divorced,tertiary,yes,no,call,17.0,nov,Night ,1.0,1.0,0.0,,no,1871.0,95.79951038505423,5.5220470487771625,no
149340.0,32.0,management,single,tertiary,yes,no,call,20.0,apr,Evening,2.0,2.0,0.0,,no,1831.0,114.15347380834812,4.951320381911652,no
136764.0,56.0,housemaid,married,primary,no,no,call,13.0,aug,Night,2.0,2.0,0.0,,no,19.0,86.3645795658438,7.572357528882578,no
147018.0,24.0,blue-collar,single,secondary,no,yes,call,18.0,feb,eve,2.0,2.0,0.0,,no,167.0,91.73621592536763,5.879311138706855,yes
119518.0,31.0,management,,tertiary,yes,no,,15.0,may,Afternoon,2.0,2.0,0.0,,no,635.0,100.98634360802497,7.0941902459658355,no
127055.0,60.0,retired,married,secondary,no,No,,18.0,jun,Night,1.0,1.0,0.0,,no,1524.0,107.12838326493583,1.9262925311540995,no
125165.0,51.0,services,married,,no,no,,5.0,jun,Afternoon,3.0,3.0,0.0,,no,518.0,91.01338413788977,5.744579714204059,no
150840.0,32.0,admin.,married,secondary,yes,no,call,6.0,may,Morning,2.0,2.0,0.0,,no,552.0,102.50312332017641,6.534305832451757,no
125093.0,40.0,unemployed,married,secondary,yes,no,,5.0,jun,Night,7.0,,0.0,,,1779.0,103.1935888275724,5.015300900345333,no
117829.0,29.0,blue-collar,married,primary,yes,no,,9.0,may,Night ,2.0,2.0,0.0,,no,608.0,113.58053509414503,5.813818176204191,no
118253.0,34.0,blue-collar,single,primary,yes,no,,13.0,may,morning,1.0,1.0,0.0,,no,2146.0,96.21719911701592,6.504406131550182,no
137807.0,37.0,technician,married,secondary,no,no,call,20.0,aug,Night ,20.0,20.0,0.0,,no,-318.0,110.95004376040369,3.944058890306799,no
142810.0,37.0,entrepreneur,married,secondary,yes,yes,call,21.0,nov,Evening,11.0,11.0,1.0,other,no,680.0,105.58091994000715,5.031508723391099,no
150084.0,36.0,management,married,tertiary,no,,call,4.0,may,Evening,1.0,1.0,0.0,,no,130.0,92.98549987852374,3.882577924151583,no
154987.0,29.0,services,single,secondary,yes,no,call,18.0,may,eve,1.0,1.0,2.0,failure,no,40.0,96.71142326472639,7.422083814301399,no
125013.0,50.0,management,married,,no,No,,5.0,jun,Morning,2.0,2.0,0.0,,no,3304.0,104.55738977903252,3.4868126131925066,no
137219.0,33.0,technician,married,secondary,no,yes,email,18.0,aug,Night,2.0,2.0,0.0,,no,804.0,91.40234859536183,6.7818528473205735,no
158285.0,60.0,retired,divorced,tertiary,yes,no,call,2.0,dec,Night ,1.0,1.0,5.0,failure,no,4.0,95.6041723958555,5.548509156739258,yes
133192.0,44.0,blue-collar,married,secondary,no,yes,call,28.0,jul,Night ,5.0,5.0,0.0,,no,215.0,103.87955294396976,4.782748028649838,no
136021.0,35.0,technician,single,secondary,,no,call,11.0,aug,Afternoon,2.0,2.0,0.0,,no,14.0,86.00362548894084,5.263264832321573,no
121897.0,59.0,services,married,secondary,yes,No,,26.0,may,morning,3.0,3.0,0.0,,no,-22.0,108.84948342877792,4.982881045396641,yes
143491.0,39.0,entrepreneur,married,secondary,no,yes,call,21.0,nov,morning,2.0,2.0,0.0,,no,1171.0,112.20617107337156,7.049420822817073,no
142957.0,34.0,management,married,tertiary,yes,yes,call,21.0,nov,Night ,1.0,1.0,0.0,,no,997.0,102.37529354329631,5.237916038141638,no
158779.0,35.0,technician,single,tertiary,yes,yes,call,4.0,feb,Evening,4.0,4.0,20.0,failure,no,144.0,91.94657414341418,5.7584625908831235,no
154913.0,30.0,management,married,tertiary,yes,no,call,18.0,may,Evening,2.0,2.0,1.0,failure,no,168.0,95.12273265829461,4.9124126103561325,no
131522.0,37.0,technician,divorced,secondary,no,no,call,21.0,jul,Afternoon,1.0,1.0,0.0,,no,79.0,96.54414226149434,5.914763874207798,no
116997.0,43.0,admin.,married,tertiary,yes,no,,7.0,may,eve,7.0,7.0,0.0,,no,1924.0,94.34696698626206,5.018749942930504,no
148762.0,29.0,blue-collar,married,secondary,yes,no,call,17.0,apr,Night ,2.0,2.0,0.0,,no,297.0,104.38035620413906,4.223973688598225,no
116203.0,54.0,technician,married,,yes,no,,5.0,may,Evening,2.0,2.0,0.0,,no,851.0,112.0385971461671,6.7550132241385,no
131782.0,38.0,technician,single,tertiary,yes,no,SMS,21.0,jul,Morning,21.0,21.0,0.0,,no,378.0,113.72635781082784,6.073069916135873,no
122603.0,31.0,blue-collar,single,primary,yes,no,,28.0,may,Morning,1.0,1.0,0.0,,no,-443.0,128.19170515382086,4.508845889890617,no
139115.0,42.0,technician,divorced,secondary,yes,no,call,27.0,aug,Night,2.0,2.0,0.0,,no,324.0,84.12091252557624,2.5934687225843387,no
155569.0,26.0,admin.,single,secondary,no,No,call,27.0,may,eve,3.0,3.0,3.0,success,no,2509.0,109.7866246980617,2.840214863600604,yes
145924.0,53.0,blue-collar,married,primary,no,no,call,4.0,feb,Morning,2.0,2.0,0.0,,no,2135.0,117.66390580569116,4.075314561035444,no
159116.0,30.0,blue-collar,married,primary,yes,no,call,5.0,mar,eve,7.0,7.0,13.0,success,no,201.0,94.10168742928187,4.877690160291444,no
128993.0,34.0,blue-collar,married,primary,yes,yes,call,8.0,jul,Morning,1.0,1.0,0.0,,no,-480.0,92.48690894887226,4.364875074284293,no
116148.0,59.0,entrepreneur,divorced,secondary,yes,no,,5.0,may,eve,3.0,3.0,0.0,,no,901.0,91.87381172435481,5.137317400872466,no
142161.0,32.0,blue-collar,married,primary,no,no,call,20.0,nov,Night,1.0,1.0,1.0,failure,no,187.0,71.7248330966352,6.077831560614739,no
118379.0,48.0,management,married,tertiary,no,No,,13.0,may,Afternoon,1.0,1.0,0.0,,no,618.0,,3.623484424757884,no
119553.0,31.0,admin.,single,secondary,yes,no,,16.0,may,Evening,4.0,4.0,0.0,,no,0.0,97.5689697475607,6.158775887394821,no
160388.0,33.0,management,married,tertiary,no,no,call,10.0,aug,eve,1.0,1.0,2.0,failure,no,1514.0,106.16288179304514,3.57831913353007,yes
144859.0,47.0,technician,divorced,secondary,no,no,call,2.0,feb,Evening,2.0,2.0,2.0,failure,no,129.0,106.79337565220439,4.673533993961286,no
144456.0,36.0,services,single,secondary,no,yes,call,29.0,jan,Night,2.0,2.0,0.0,,no,948.0,90.12493386442354,3.9202857332555,no
136056.0,50.0,blue-collar,married,primary,no,no,call,11.0,aug,Morning,2.0,2.0,0.0,,no,2167.0,98.8529681772463,4.1014452705583615,no
128649.0,43.0,services,married,primary,no,No,email,7.0,,Night ,8.0,8.0,0.0,,no,29.0,99.739469169482,5.822331146971447,no
130499.0,36.0,housemaid,married,secondary,no,yes,SMS,15.0,jul,Morning,3.0,3.0,0.0,,no,0.0,111.05867299748154,2.2195903671147885,no
154426.0,51.0,blue-collar,married,primary,yes,no,call,,may,morning,2.0,2.0,0.0,,no,129.0,94.08075943649654,5.704021856378478,yes
140341.0,44.0,admin.,married,secondary,yes,no,call,17.0,nov,Afternoon,1.0,1.0,4.0,other,no,4826.0,97.3762635978014,7.44668139735333,no
134565.0,51.0,management,married,tertiary,no,no,SMS,31.0,jul,eve,5.0,5.0,0.0,,no,1990.0,102.33375395737261,6.4485003680932556,no
154871.0,33.0,services,single,secondary,yes,no,call,18.0,,morning,2.0,2.0,6.0,failure,no,1659.0,120.64428328641648,5.073989704699583,no
141946.0,56.0,entrepreneur,married,secondary,no,no,call,19.0,nov,Night ,3.0,3.0,0.0,,no,196.0,104.5536108612576,3.308922897830276,no
144208.0,45.0,blue-collar,married,primary,no,yes,call,29.0,jan,Night ,1.0,1.0,0.0,,no,789.0,81.68777887265233,3.498529206269427,no
125714.0,36.0,management,married,primary,no,no,,9.0,jun,eve,1.0,1.0,0.0,,no,22856.0,91.55078359248355,5.641731862382313,no
125939.0,47.0,technician,divorced,secondary,no,no,,11.0,jun,Morning,5.0,5.0,0.0,,no,450.0,101.14259070713067,6.779561926173615,no
122948.0,28.0,management,single,tertiary,yes,yes,,28.0,,Morning,4.0,4.0,0.0,,no,355.0,114.46774542525613,5.222985706222402,no
158780.0,28.0,management,single,tertiary,no,no,call,4.0,feb,Night ,4.0,4.0,5.0,success,no,5474.0,84.77103194393634,4.5935396290566946,no
124543.0,30.0,technician,single,tertiary,yes,yes,,3.0,jun,Night,3.0,3.0,0.0,,no,432.0,115.57222376829881,5.012901614860548,no
132815.0,29.0,self-employed,single,tertiary,no,yes,call,25.0,jul,Evening,1.0,1.0,0.0,,no,162.0,94.35401241825026,3.7002786591587293,no
123927.0,38.0,entrepreneur,married,secondary,yes,no,,2.0,jun,morning,1.0,1.0,0.0,,no,3249.0,107.21909625212079,2.3613510409618077,no
117159.0,36.0,admin.,married,secondary,yes,yes,,8.0,may,morning,1.0,1.0,0.0,,no,,116.32890427330263,6.136922617142619,no
141950.0,37.0,management,married,secondary,yes,No,call,19.0,nov,Night,2.0,2.0,6.0,failure,no,510.0,92.13985858447244,6.403519356935234,no
150587.0,43.0,management,married,tertiary,yes,no,call,5.0,may,Afternoon,2.0,2.0,1.0,failure,no,176.0,101.15746351436123,5.447892235393098,no
149409.0,35.0,blue-collar,single,tertiary,yes,no,call,20.0,apr,morning,2.0,2.0,1.0,failure,no,1011.0,100.01782581133402,6.1196328399330415,no
148233.0,42.0,admin.,married,secondary,yes,yes,call,16.0,apr,morning,2.0,2.0,5.0,other,no,8238.0,113.6699430157957,3.9682752261957974,no
143905.0,44.0,housemaid,married,secondary,no,no,call,28.0,jan,Night,2.0,2.0,0.0,,no,122.0,103.85331099674468,7.969191070451173,no
151971.0,,blue-collar,married,primary,no,no,SMS,11.0,may,Morning,2.0,2.0,1.0,failure,no,0.0,108.3957655384809,4.635943630020799,no
118901.0,35.0,blue-collar,married,primary,yes,no,,14.0,may,Morning,1.0,1.0,0.0,,no,441.0,98.07526569417081,7.793798198214079,no
152566.0,46.0,blue-collar,married,secondary,yes,no,call,12.0,may,Night ,1.0,1.0,3.0,failure,no,66.0,86.40472358038124,4.142806122195127,no
144197.0,45.0,blue-collar,married,primary,yes,no,call,29.0,jan,eve,1.0,1.0,4.0,failure,no,487.0,85.92268899381637,4.7666092694729345,no
159924.0,33.0,management,single,tertiary,no,no,call,29.0,jun,Evening,2.0,2.0,0.0,,no,3143.0,90.06457502642242,5.739531883268079,yes
154319.0,36.0,admin.,married,secondary,no,no,call,15.0,may,Night ,2.0,2.0,0.0,,no,1479.0,84.69329296991361,5.321077431470599,no
119735.0,52.0,technician,single,secondary,yes,no,,16.0,may,Morning,1.0,1.0,0.0,,no,36.0,108.82530856702603,4.2598639438448265,no
135217.0,60.0,management,divorced,secondary,,no,call,6.0,aug,Afternoon,4.0,4.0,0.0,,no,151.0,92.39175478034545,3.9342864659314625,no
140137.0,46.0,management,married,primary,yes,No,SMS,17.0,nov,Night,1.0,1.0,0.0,,no,-292.0,112.25434951139196,5.002799929379723,no
143022.0,57.0,management,married,tertiary,yes,no,call,21.0,nov,Evening,1.0,1.0,0.0,,no,17118.0,98.60866481277283,3.4327541168243734,no
117585.0,37.0,blue-collar,married,primary,yes,no,,9.0,may,Night ,1.0,1.0,0.0,,no,378.0,104.71569191508755,4.855232027663933,no
157040.0,34.0,management,single,tertiary,no,no,call,18.0,aug,Morning,2.0,2.0,0.0,,no,5.0,93.3625629328709,3.3495428380074466,yes
138650.0,58.0,blue-collar,married,primary,yes,no,call,,aug,eve,6.0,6.0,0.0,,no,5188.0,112.29646621404645,5.306932133114281,yes
122885.0,56.0,technician,divorced,secondary,yes,yes,,28.0,may,eve,2.0,2.0,0.0,,no,77.0,88.47920935499646,4.597031173907936,no
123218.0,40.0,blue-collar,married,secondary,yes,yes,,29.0,may,eve,3.0,3.0,0.0,,no,0.0,100.63494940013979,7.416130930138735,no
158531.0,28.0,self-employed,single,tertiary,no,no,call,13.0,jan,Night,1.0,1.0,3.0,failure,no,1579.0,101.31992086386583,6.284580021515204,yes
130100.0,,entrepreneur,married,tertiary,yes,no,call,11.0,jul,Night,2.0,2.0,0.0,,no,83.0,101.86695119091375,5.513244846993824,no
131551.0,56.0,retired,divorced,tertiary,no,yes,call,21.0,jul,Evening,1.0,1.0,0.0,,no,158.0,98.36639384422969,3.9322499511449545,yes
117489.0,39.0,blue-collar,married,secondary,yes,no,,8.0,may,morning,2.0,2.0,0.0,,no,507.0,102.12392630642158,5.902686448304161,no
152149.0,40.0,services,married,secondary,yes,no,call,11.0,may,eve,1.0,1.0,0.0,,no,51.0,97.28749937264634,3.3559218182814448,no
131287.0,39.0,admin.,divorced,,yes,no,call,18.0,jul,Evening,1.0,1.0,0.0,,no,64.0,84.62720264156647,4.779444180603994,no
117285.0,28.0,blue-collar,married,primary,yes,no,,8.0,may,Afternoon,2.0,2.0,0.0,,no,113.0,99.53905643625998,4.732133508408798,no
145247.0,29.0,technician,divorced,secondary,yes,no,call,2.0,feb,Night,7.0,7.0,1.0,other,no,-95.0,97.17524035361224,3.898329414823986,no
156003.0,28.0,unemployed,single,secondary,no,no,call,4.0,jun,Evening,3.0,3.0,0.0,,no,538.0,80.07190536933825,6.818249443730426,no
117402.0,38.0,management,single,tertiary,yes,no,,8.0,may,Night ,3.0,3.0,0.0,,no,0.0,96.33328386005024,4.356923327318237,no
154580.0,29.0,technician,single,secondary,yes,no,call,15.0,may,morning,3.0,3.0,2.0,failure,no,-219.0,91.0794501194211,5.351702264521842,no
120376.0,38.0,technician,single,secondary,yes,no,,20.0,may,eve,1.0,1.0,0.0,,no,614.0,105.60998725664756,6.029686662868789,no
130271.0,40.0,blue-collar,married,secondary,yes,no,call,14.0,jul,Night,3.0,3.0,0.0,,no,1539.0,96.13720823747218,7.643204179203391,no
124978.0,55.0,housemaid,single,primary,no,no,,5.0,jun,Afternoon,1.0,1.0,0.0,,,0.0,101.3198877858919,5.317431230261937,no
134237.0,35.0,services,married,primary,no,yes,call,31.0,jul,Night,8.0,8.0,0.0,,no,14.0,88.23443022845674,3.703605517004262,no
147221.0,31.0,management,divorced,tertiary,no,no,call,12.0,mar,Evening,1.0,1.0,0.0,,no,71.0,94.34010991357368,4.2608612955415595,yes
151480.0,38.0,services,married,tertiary,yes,No,call,7.0,may,Night ,2.0,2.0,0.0,,no,563.0,80.4527540351667,5.18850479032235,no
118352.0,54.0,blue-collar,,,yes,no,,13.0,may,Night ,1.0,1.0,0.0,,no,363.0,101.63212534270852,7.655980425089602,no
131495.0,53.0,technician,married,primary,no,no,call,21.0,jul,Afternoon,1.0,1.0,0.0,,no,0.0,97.41407531655224,4.125454122326009,no
130370.0,31.0,admin.,married,secondary,no,no,call,14.0,jul,Night,3.0,3.0,0.0,,no,23.0,93.22000968576133,5.406855919862336,no
157834.0,29.0,self-employed,married,secondary,no,yes,call,22.0,oct,eve,1.0,1.0,3.0,success,no,123.0,100.83678378377684,4.062917001114706,yes
131362.0,33.0,services,married,primary,yes,no,call,18.0,jul,Morning,2.0,2.0,0.0,,no,0.0,100.39009019522122,5.472384621696537,no
137618.0,42.0,management,married,tertiary,no,no,call,19.0,aug,Afternoon,1.0,1.0,0.0,,no,559.0,96.6424342746098,3.3081428333676843,no
151594.0,35.0,blue-collar,married,primary,yes,no,call,8.0,may,Evening,1.0,1.0,2.0,failure,no,0.0,109.70841015237255,3.6220993945375795,no
160891.0,63.0,management,married,tertiary,no,no,call,12.0,oct,Evening,2.0,2.0,6.0,failure,no,0.0,89.61516955930323,1.0770908721701753,no
138091.0,37.0,management,married,secondary,no,no,call,21.0,aug,Morning,4.0,4.0,0.0,,no,31.0,94.89548713750878,3.589151311715765,no
125349.0,26.0,admin.,married,secondary,yes,no,,6.0,jun,Afternoon,3.0,3.0,0.0,,no,1417.0,96.71538046557741,3.959363911123499,no
122144.0,42.0,admin.,single,secondary,yes,no,,27.0,may,morning,2.0,2.0,0.0,,no,-847.0,96.78835362493177,5.168843165077225,no
131855.0,34.0,management,single,tertiary,no,yes,call,22.0,jul,eve,1.0,1.0,0.0,,no,27.0,79.96989832944635,5.928710319057156,no
139780.0,35.0,management,married,tertiary,no,no,call,29.0,aug,Night ,2.0,2.0,0.0,,no,171.0,101.93207152015363,8.020535839021685,no
119393.0,54.0,management,married,primary,yes,no,,15.0,may,Night,1.0,1.0,0.0,,no,366.0,95.18689235248482,4.254473181623245,no
150443.0,34.0,management,divorced,tertiary,yes,no,call,5.0,may,Afternoon,1.0,1.0,3.0,other,no,1.0,93.06637997558569,6.556254926470204,no
130650.0,45.0,management,married,tertiary,yes,no,call,16.0,jul,Night,4.0,4.0,0.0,,no,1063.0,104.72994786533613,3.906159614309419,no
141733.0,32.0,management,married,tertiary,yes,no,call,19.0,nov,Night ,1.0,1.0,0.0,,no,,74.57585530872828,4.5061126995752465,no
138367.0,50.0,blue-collar,married,primary,no,no,call,22.0,aug,Night ,4.0,4.0,0.0,,no,1052.0,106.04910740610127,3.0600177687684655,no
156791.0,43.0,management,married,tertiary,no,no,call,12.0,aug,Night ,1.0,1.0,0.0,,no,422.0,100.46805852468857,5.173409227368696,no
154516.0,44.0,management,single,tertiary,yes,yes,call,15.0,may,eve,10.0,10.0,0.0,,no,-1313.0,81.66186942570329,4.503585560225253,no
150157.0,26.0,management,single,tertiary,yes,no,call,4.0,may,Evening,2.0,2.0,1.0,failure,no,4683.0,93.7587672037728,4.504664058333408,no
145929.0,42.0,blue-collar,married,primary,yes,no,call,4.0,feb,eve,3.0,3.0,0.0,,no,454.0,114.94087448200837,4.097152852636801,no
151570.0,43.0,technician,married,secondary,yes,yes,call,8.0,may,Night,1.0,1.0,0.0,,no,-330.0,97.33582607164507,4.8140459924190875,no
126656.0,37.0,housemaid,single,primary,no,no,,17.0,jun,Afternoon,2.0,2.0,0.0,,no,1088.0,110.66126616383087,3.734945628066674,no
148651.0,37.0,blue-collar,married,primary,yes,no,call,17.0,apr,Morning,1.0,1.0,3.0,failure,no,3154.0,97.5019466696311,5.44668796713216,yes
122166.0,46.0,blue-collar,married,primary,yes,no,,27.0,may,Afternoon,1.0,1.0,0.0,,no,258.0,99.07667863754135,3.826329336343187,no
146122.0,40.0,housemaid,married,primary,,no,call,5.0,feb,Evening,2.0,2.0,0.0,,no,118.0,99.31805388996217,6.760860981665632,no
116861.0,30.0,services,,secondary,yes,No,,7.0,may,Morning,2.0,2.0,0.0,,no,21.0,101.282029214423,2.6079085301924616,no
155530.0,25.0,student,single,,no,no,call,26.0,may,eve,1.0,1.0,0.0,,no,3.0,113.76920357639595,3.5839845890563256,yes
149685.0,51.0,management,married,tertiary,no,no,call,23.0,apr,Evening,1.0,1.0,0.0,,no,4917.0,117.02086000827497,5.603584848935131,yes
158055.0,54.0,technician,married,secondary,no,no,call,6.0,nov,Evening,5.0,5.0,8.0,other,no,0.0,106.96295317947701,2.0175087254242046,yes
127255.0,47.0,admin.,married,secondary,no,no,,19.0,jun,Night ,1.0,1.0,0.0,,no,1195.0,105.33901620820492,7.0934333238678136,no
129511.0,37.0,admin.,single,secondary,no,no,call,9.0,jul,Night,6.0,6.0,0.0,,no,0.0,92.66732232186389,3.2727217820967427,no
125890.0,46.0,services,married,tertiary,no,no,,9.0,jun,morning,2.0,2.0,0.0,,no,474.0,107.0442471916231,6.721544789628797,no
133136.0,42.0,services,married,secondary,yes,no,SMS,28.0,jul,Night ,2.0,2.0,0.0,,no,98.0,112.4319538785,5.944149966984644,no
133786.0,58.0,management,married,tertiary,no,no,call,30.0,jul,Afternoon,2.0,2.0,0.0,,no,0.0,91.75468912715708,3.1790462087087383,no
148315.0,30.0,technician,single,secondary,yes,no,call,16.0,apr,Afternoon,1.0,1.0,0.0,,no,411.0,109.57582573257206,3.485484177919676,no
152087.0,55.0,blue-collar,married,secondary,yes,no,call,11.0,may,Night ,1.0,1.0,4.0,failure,no,2059.0,104.50035722141729,8.223155089925644,no
122478.0,23.0,admin.,single,secondary,yes,,,28.0,may,Evening,2.0,2.0,0.0,,no,4681.0,100.85337278692606,5.043696672671801,no
151366.0,28.0,admin.,married,secondary,yes,yes,call,7.0,may,Evening,2.0,2.0,2.0,failure,no,-393.0,89.8558965707647,5.396012436495307,no
124726.0,36.0,blue-collar,married,primary,yes,no,,4.0,,Night ,1.0,1.0,0.0,,no,403.0,103.04553660348398,3.9639701964895524,yes
144960.0,37.0,blue-collar,married,primary,yes,no,SMS,2.0,feb,Afternoon,1.0,1.0,0.0,,no,708.0,115.66721079184751,4.606351543323088,no
118654.0,44.0,entrepreneur,married,secondary,no,no,,14.0,may,Night ,2.0,2.0,0.0,,no,0.0,104.67482597076847,4.913871750694722,no
145451.0,32.0,management,single,secondary,yes,yes,call,3.0,feb,Night,6.0,6.0,0.0,,no,-515.0,130.22926344546468,3.675827297781069,no
136176.0,43.0,technician,married,secondary,yes,no,call,11.0,aug,Afternoon,4.0,4.0,0.0,,no,3723.0,103.12062703551274,5.679018302133633,no
149492.0,43.0,blue-collar,divorced,secondary,yes,yes,call,20.0,apr,Night,2.0,2.0,0.0,,no,590.0,88.39932885231079,4.354277968511068,no
152404.0,39.0,admin.,married,secondary,yes,no,call,12.0,may,morning,2.0,2.0,0.0,,no,2783.0,91.84587574976678,5.548137862906308,no
149789.0,36.0,admin.,married,secondary,no,no,call,30.0,apr,Night,1.0,1.0,1.0,success,no,96.0,102.29460129595141,5.23457874334051,yes
148091.0,32.0,blue-collar,married,secondary,yes,no,call,16.0,apr,morning,1.0,1.0,1.0,other,yes,-53.0,104.61212928272482,4.294191933042011,yes
155232.0,38.0,technician,single,secondary,yes,no,call,18.0,may,Night,3.0,3.0,6.0,success,no,-242.0,108.96319753188004,3.3558283880540065,yes
132421.0,27.0,self-employed,single,tertiary,yes,no,call,23.0,jul,Night ,4.0,4.0,0.0,,no,1.0,110.4972417631924,6.047249762848075,no
126521.0,55.0,technician,married,tertiary,no,no,,16.0,jun,Afternoon,2.0,2.0,0.0,,no,4359.0,107.3514543675204,5.662653311952295,no
141825.0,33.0,blue-collar,married,primary,yes,no,call,19.0,nov,Morning,1.0,1.0,2.0,failure,no,3512.0,92.34868456849405,4.755547566712137,no
153620.0,39.0,management,married,tertiary,yes,no,call,14.0,may,Afternoon,5.0,5.0,0.0,,no,1090.0,107.04086301242138,6.579388508657422,no
126461.0,39.0,management,married,tertiary,no,no,,16.0,jun,Afternoon,2.0,2.0,0.0,,no,627.0,108.95378836028792,3.6335880050761076,no
150734.0,25.0,services,married,secondary,yes,no,call,6.0,may,Night ,1.0,1.0,0.0,,no,-97.0,96.94676838028114,6.306878137177283,no
121701.0,28.0,blue-collar,single,secondary,no,no,,26.0,may,Evening,3.0,3.0,0.0,,no,48.0,101.78886191831667,3.7995929748359076,no
141690.0,32.0,technician,married,tertiary,yes,no,call,19.0,nov,eve,2.0,2.0,1.0,other,no,432.0,104.67793073760053,5.51000636931758,no
124450.0,31.0,services,single,secondary,yes,no,,3.0,jun,morning,4.0,4.0,0.0,,no,124.0,117.89469205945234,5.3998900078703125,no
131591.0,40.0,management,married,tertiary,no,yes,call,21.0,jul,eve,2.0,2.0,0.0,,no,-65.0,123.20482713176818,3.937286363427414,no
136131.0,59.0,blue-collar,married,primary,no,no,call,11.0,aug,Evening,4.0,4.0,0.0,,no,754.0,109.63897164538167,3.7461992382806466,no
131721.0,35.0,blue-collar,single,tertiary,yes,no,call,21.0,jul,morning,4.0,4.0,0.0,,no,0.0,108.54252287347765,7.418877211615493,no
145516.0,41.0,entrepreneur,married,tertiary,yes,,call,3.0,feb,Evening,3.0,3.0,0.0,,no,0.0,98.28261851212487,4.016140017788003,no
117024.0,38.0,blue-collar,single,primary,yes,no,,7.0,may,Night,2.0,2.0,0.0,,no,20.0,88.31935684471235,4.973747031370427,no
150562.0,30.0,technician,single,secondary,yes,yes,call,5.0,may,Morning,2.0,2.0,6.0,failure,no,-522.0,93.21061932730251,5.050297737820827,yes
126914.0,43.0,management,married,secondary,no,no,,17.0,jun,eve,5.0,5.0,0.0,,no,392.0,104.69150363791267,6.727965493800109,no
143476.0,33.0,entrepreneur,married,tertiary,yes,No,call,21.0,nov,morning,2.0,2.0,0.0,,no,83.0,116.9864372756466,4.5531579498724,no
129937.0,51.0,technician,married,secondary,yes,no,email,11.0,jul,Afternoon,1.0,1.0,0.0,,no,-192.0,86.01263427107912,3.1402677089837816,no
118712.0,42.0,admin.,married,secondary,yes,No,,14.0,may,Morning,1.0,1.0,0.0,,no,2656.0,84.11961775271106,3.3792154105442767,no
120384.0,34.0,admin.,married,secondary,no,no,,20.0,may,Afternoon,1.0,1.0,0.0,,no,1689.0,87.58446122140697,4.43694498424126,no
156385.0,,management,single,tertiary,no,no,call,7.0,jul,Morning,1.0,1.0,0.0,,no,4331.0,101.42432371078365,4.549383991607846,no
149114.0,53.0,management,married,tertiary,yes,no,call,20.0,apr,Night,6.0,6.0,0.0,,no,696.0,92.08555187931734,3.7351285052739414,no
155326.0,39.0,unemployed,single,secondary,no,no,SMS,22.0,may,eve,2.0,2.0,0.0,,no,2208.0,99.16496265011989,5.434540315215925,no
121591.0,33.0,services,single,secondary,yes,,,26.0,may,Morning,1.0,1.0,0.0,,no,-27.0,92.98633059070966,5.7684999445725404,no
140112.0,57.0,management,married,secondary,no,no,call,17.0,nov,Night,1.0,1.0,0.0,,no,7162.0,107.36237079207493,7.076414994847911,no
126864.0,39.0,blue-collar,married,secondary,no,no,,17.0,jun,Morning,2.0,2.0,0.0,,no,2239.0,98.71098358976877,5.424774193825278,no
159075.0,28.0,technician,single,secondary,yes,no,call,2.0,mar,Evening,1.0,1.0,2.0,failure,no,598.0,86.78034136245878,6.193393075787892,yes
136376.0,51.0,management,married,tertiary,no,no,call,12.0,aug,morning,2.0,2.0,0.0,,no,8304.0,105.16650158461643,4.219682622746598,no
135653.0,51.0,blue-collar,married,primary,yes,no,call,8.0,aug,Night,2.0,2.0,0.0,,no,507.0,106.31113789076258,4.801009397768217,no
149930.0,33.0,management,married,tertiary,no,No,call,30.0,apr,eve,2.0,2.0,0.0,,no,2599.0,97.39646597756764,6.470852834173989,yes
119650.0,57.0,retired,divorced,secondary,yes,no,,16.0,may,eve,1.0,1.0,0.0,,no,70.0,101.25457166976217,5.715142730580948,no
124824.0,42.0,blue-collar,married,primary,yes,no,,4.0,jun,Night ,16.0,16.0,0.0,,no,250.0,107.20314435859812,5.674393251775204,no
122332.0,29.0,blue-collar,married,primary,yes,no,,27.0,may,Evening,2.0,2.0,0.0,,no,79.0,124.46221200228321,4.615271018564271,no
156835.0,62.0,management,married,tertiary,no,no,call,12.0,aug,morning,3.0,3.0,0.0,,no,10373.0,102.84041091737012,2.7400730211149993,no
152424.0,50.0,blue-collar,married,primary,yes,No,email,12.0,may,morning,1.0,1.0,0.0,,no,65.0,101.24131993179634,4.806836273433358,no
118084.0,26.0,technician,married,tertiary,yes,yes,,12.0,may,Evening,1.0,1.0,0.0,,no,450.0,85.98645494711762,3.2868893981348446,no
120280.0,32.0,management,divorced,tertiary,yes,No,,20.0,may,Morning,1.0,1.0,0.0,,no,5306.0,95.66591706491567,2.90650203303695,no
133819.0,47.0,self-employed,married,tertiary,no,no,email,30.0,jul,Evening,6.0,6.0,0.0,,no,192.0,125.15553412925543,4.9460325243527725,no
152678.0,29.0,services,single,,yes,yes,call,12.0,may,eve,1.0,1.0,1.0,failure,no,-70.0,87.14160248161662,3.1116426052669985,no
135808.0,51.0,blue-collar,married,secondary,no,no,call,8.0,aug,morning,4.0,4.0,0.0,,no,700.0,101.98366688004658,5.323707901932988,no
155327.0,29.0,management,single,tertiary,no,no,call,22.0,may,eve,3.0,3.0,0.0,,no,7578.0,104.28533652943649,6.535084120004802,no
121606.0,48.0,admin.,divorced,secondary,yes,yes,,26.0,may,eve,1.0,1.0,0.0,,no,-212.0,100.82126051286644,5.271034058621693,no
139568.0,31.0,management,married,tertiary,no,No,call,28.0,aug,eve,14.0,14.0,0.0,,no,459.0,114.94215866403843,3.117526502537826,no
121421.0,58.0,retired,married,primary,yes,no,,23.0,may,Afternoon,6.0,6.0,0.0,,no,0.0,91.27306319464574,5.256158579889632,no
130235.0,32.0,admin.,married,secondary,no,no,email,14.0,jul,Night ,3.0,3.0,0.0,,no,-169.0,102.19058928962536,5.966263054181844,no
157085.0,62.0,self-employed,divorced,secondary,yes,no,call,20.0,aug,morning,1.0,1.0,0.0,,no,0.0,101.06022317892896,4.551669262644943,yes
127064.0,55.0,management,married,secondary,no,no,,18.0,jun,Evening,1.0,1.0,0.0,,no,5836.0,93.42341201807325,4.185223383202521,no
153722.0,36.0,blue-collar,married,secondary,yes,No,call,14.0,may,morning,1.0,1.0,0.0,,no,779.0,100.02341315751828,5.242179560347502,no
144155.0,36.0,blue-collar,married,secondary,yes,yes,call,29.0,jan,Morning,1.0,1.0,1.0,failure,no,-557.0,113.34399279385677,2.2888501611411387,no
152239.0,34.0,admin.,married,secondary,yes,yes,call,11.0,may,Night ,1.0,1.0,0.0,,no,580.0,107.9996282274691,3.778888141390734,no
159692.0,32.0,admin.,single,secondary,no,no,call,26.0,may,Morning,2.0,2.0,0.0,,no,344.0,94.11164738112076,4.440593280254342,yes
131314.0,31.0,management,married,tertiary,yes,yes,call,18.0,jul,morning,1.0,1.0,0.0,,no,1720.0,88.269476546341,6.026093022883625,no
118862.0,40.0,entrepreneur,married,secondary,yes,no,,14.0,may,Night ,2.0,2.0,0.0,,no,1416.0,91.9568147928319,7.061671455068726,no
116200.0,44.0,blue-collar,married,secondary,yes,yes,,5.0,,Morning,2.0,2.0,0.0,,no,129.0,103.97705479821109,5.225519680023763,no
131705.0,50.0,management,divorced,tertiary,yes,yes,call,21.0,jul,Morning,1.0,1.0,0.0,,no,-398.0,96.96413083879314,3.946193114277462,no
139473.0,32.0,services,single,tertiary,no,no,call,28.0,aug,Evening,12.0,12.0,0.0,,no,0.0,108.51670968502381,4.1699812348391685,no
151142.0,41.0,management,married,primary,yes,no,call,7.0,may,eve,1.0,1.0,7.0,failure,no,733.0,89.46541642397851,5.161472098740072,no
154491.0,35.0,entrepreneur,married,secondary,yes,no,call,15.0,may,Evening,3.0,3.0,0.0,,no,4872.0,97.88089119787821,4.99349635638434,no
134813.0,47.0,blue-collar,married,primary,yes,yes,call,4.0,aug,eve,2.0,2.0,0.0,,no,1452.0,104.69260292948863,4.957243644167669,no
136582.0,43.0,services,married,secondary,no,yes,call,12.0,aug,Morning,4.0,4.0,0.0,,no,378.0,95.62761193834882,3.67001551881469,no
159289.0,26.0,management,single,tertiary,no,no,call,1.0,apr,Evening,1.0,1.0,0.0,,no,7628.0,95.41159751417207,4.282344693274944,no
120738.0,31.0,services,married,secondary,yes,no,,21.0,may,Evening,1.0,1.0,0.0,,no,11512.0,98.70718471377532,4.5724337293910065,no
140439.0,55.0,housemaid,married,primary,yes,no,call,17.0,nov,morning,2.0,2.0,0.0,,no,1563.0,98.40114089872046,1.5235715917916068,no
124341.0,48.0,management,divorced,tertiary,yes,no,,3.0,jun,morning,1.0,1.0,0.0,,no,1669.0,95.95659494397911,6.02800123623339,no
158447.0,49.0,housemaid,married,secondary,no,no,call,24.0,dec,eve,3.0,3.0,2.0,failure,no,3570.0,103.67995963282371,9.372314153363776,no
136944.0,30.0,management,married,tertiary,no,no,call,14.0,aug,Night ,2.0,2.0,0.0,,,4022.0,102.20896114977432,4.481325247004137,no
132495.0,44.0,technician,married,secondary,yes,no,call,24.0,jul,Evening,1.0,1.0,0.0,,no,0.0,107.36457066581447,2.1713008592743264,no
159104.0,63.0,,married,secondary,no,no,email,4.0,,Morning,1.0,1.0,6.0,failure,no,367.0,87.29425491649361,5.293760450308642,no
158266.0,77.0,retired,married,primary,no,no,email,27.0,nov,Night,4.0,4.0,3.0,failure,no,680.0,102.93572247352523,6.582819368014352,no
144498.0,32.0,blue-collar,married,secondary,yes,yes,call,29.0,jan,Evening,2.0,2.0,6.0,other,no,-460.0,110.82203474394382,7.547275963800242,no
136273.0,34.0,management,married,tertiary,no,no,call,11.0,aug,Night ,3.0,3.0,0.0,,no,1054.0,117.5196269651066,6.1467669595306695,no
135291.0,50.0,technician,married,secondary,yes,no,call,6.0,aug,eve,3.0,3.0,0.0,,no,10757.0,108.56856885447097,5.822418759837649,no
135434.0,59.0,admin.,married,secondary,no,no,call,7.0,aug,Afternoon,2.0,2.0,0.0,,yes,-131.0,97.03564409722635,3.5987937560216112,no
149353.0,32.0,technician,single,tertiary,no,no,call,20.0,apr,morning,1.0,1.0,0.0,,no,1306.0,98.31840366736054,4.162428988972843,no
119294.0,41.0,technician,married,secondary,yes,no,,15.0,may,eve,4.0,4.0,0.0,,no,288.0,113.89958260002382,4.511933991017942,no
146203.0,35.0,blue-collar,married,secondary,yes,yes,call,5.0,feb,Morning,2.0,2.0,0.0,,no,522.0,84.45031083758533,6.607721673896113,no
136544.0,48.0,blue-collar,married,primary,no,no,call,12.0,aug,eve,3.0,3.0,0.0,,no,3020.0,95.27390516179554,3.9093235753983016,no
147223.0,37.0,management,single,tertiary,yes,no,call,12.0,mar,Evening,1.0,1.0,0.0,,no,33.0,95.17982859928051,4.808596007364857,yes
143223.0,33.0,management,single,tertiary,yes,no,call,21.0,nov,Morning,1.0,1.0,4.0,other,no,437.0,91.36728135021366,4.6516126671891325,no
130020.0,56.0,management,married,tertiary,yes,yes,call,11.0,jul,Evening,2.0,2.0,0.0,,no,-762.0,115.0638991533439,2.5493889153757983,no
152021.0,42.0,admin.,married,secondary,yes,no,call,11.0,may,Night,1.0,1.0,4.0,failure,no,-396.0,84.65431655396513,4.08730558756411,no
155694.0,56.0,management,married,tertiary,no,no,call,1.0,jun,eve,1.0,1.0,0.0,,no,1407.0,93.61951580980616,7.937503602101311,no
116688.0,34.0,services,,secondary,yes,no,,7.0,may,morning,1.0,1.0,0.0,,no,205.0,98.1346487969402,5.749868637288523,no
116584.0,37.0,technician,married,secondary,yes,no,,6.0,may,morning,3.0,3.0,0.0,,no,710.0,102.97253787690268,5.532156957123412,no
119675.0,36.0,technician,single,tertiary,yes,no,,16.0,may,Night,1.0,1.0,0.0,,no,705.0,94.25615396803579,4.091290334624477,no
117760.0,27.0,technician,single,secondary,yes,no,,9.0,may,Evening,1.0,1.0,0.0,,no,527.0,88.02094927253702,7.603606935576908,no
145292.0,45.0,technician,married,secondary,yes,yes,SMS,2.0,feb,eve,2.0,2.0,1.0,failure,no,0.0,87.36590291173603,5.630185526417415,no
121064.0,37.0,blue-collar,married,primary,yes,no,,21.0,may,eve,2.0,2.0,0.0,,no,1455.0,99.06946381273417,1.6236187290440123,no
125386.0,56.0,retired,divorced,tertiary,no,no,,6.0,jun,Night,3.0,3.0,0.0,,,,78.70154881580623,4.813613633473629,no
121740.0,27.0,unemployed,single,tertiary,yes,no,,26.0,may,eve,1.0,1.0,0.0,,no,-446.0,116.76245829518453,5.223650196514452,no
136672.0,52.0,management,divorced,tertiary,no,no,call,13.0,aug,Night ,2.0,2.0,0.0,,no,95.0,92.61494072473174,3.8982234810378706,no
129023.0,26.0,management,single,tertiary,no,yes,call,8.0,,Night ,1.0,1.0,0.0,,no,33.0,91.78391787488196,6.362415143705076,no
130692.0,33.0,blue-collar,married,primary,yes,no,call,16.0,jul,eve,1.0,1.0,0.0,,no,208.0,95.41222064784418,3.008515526368964,no
150321.0,31.0,blue-collar,married,secondary,yes,no,call,5.0,may,Night,3.0,3.0,0.0,,no,113.0,97.49067247763988,7.792429731914215,no
147389.0,34.0,admin.,married,secondary,no,no,call,2.0,apr,Night,2.0,2.0,0.0,,no,1474.0,102.06179902097846,4.477936453938616,yes
141581.0,32.0,technician,married,secondary,no,no,call,19.0,nov,Morning,1.0,1.0,1.0,failure,no,524.0,111.34991142572837,9.13483585592268,no
125290.0,58.0,entrepreneur,married,primary,no,No,,6.0,jun,Night ,2.0,2.0,0.0,,no,1657.0,99.64234454508896,2.0423150852143883,no
137372.0,39.0,management,single,secondary,no,no,call,19.0,aug,Evening,7.0,7.0,0.0,,no,2644.0,107.81737562140269,3.2860614388199156,no
134795.0,57.0,blue-collar,married,secondary,no,no,call,4.0,aug,eve,1.0,1.0,0.0,,no,166.0,86.41238646062797,4.813491274040853,no
136635.0,,management,married,tertiary,no,No,call,13.0,aug,Morning,2.0,2.0,0.0,,no,28433.0,115.0130465671696,4.02949657037935,no
158041.0,31.0,management,married,tertiary,no,no,call,4.0,nov,Evening,1.0,1.0,2.0,failure,no,1812.0,103.47139364034851,3.653048865464684,no
132224.0,28.0,admin.,married,secondary,yes,no,call,23.0,jul,Night,1.0,1.0,0.0,,no,423.0,89.91929652219218,3.663961806861661,no
142029.0,47.0,self-employed,divorced,secondary,yes,no,,20.0,nov,Night,7.0,7.0,4.0,other,no,8515.0,98.9664174652239,3.1495134575611314,no
135565.0,41.0,self-employed,single,tertiary,no,no,call,7.0,aug,Night ,1.0,1.0,0.0,,no,0.0,100.25752161446268,3.1918985362923027,no
132300.0,57.0,management,married,tertiary,yes,No,call,23.0,jul,Evening,2.0,2.0,0.0,,no,246.0,98.49773872683026,3.4935989870728834,no
144405.0,27.0,technician,single,secondary,no,no,call,29.0,jan,morning,3.0,3.0,0.0,,no,18.0,98.41093711203251,6.327833545989931,no
155236.0,27.0,technician,single,secondary,yes,no,SMS,18.0,may,Evening,4.0,4.0,0.0,,,292.0,120.38000173912707,7.541003150098531,no
146365.0,29.0,technician,single,secondary,yes,no,call,5.0,feb,Morning,2.0,2.0,0.0,,no,401.0,102.02749347422674,3.791941380307912,no
123514.0,29.0,management,married,tertiary,yes,no,,30.0,may,Evening,1.0,1.0,0.0,,no,1671.0,111.23501722870463,5.075506817738638,no
121460.0,27.0,admin.,single,secondary,yes,no,,23.0,may,eve,13.0,13.0,0.0,,no,1492.0,117.3624408719617,4.927329630172427,no
117852.0,34.0,blue-collar,married,secondary,no,no,,9.0,may,Evening,4.0,4.0,0.0,,no,2137.0,97.48776152168956,4.742317044713797,no
120397.0,37.0,blue-collar,married,primary,yes,yes,,20.0,may,Morning,1.0,1.0,0.0,,no,398.0,100.17738843846435,6.906635477673644,no
127812.0,37.0,housemaid,married,,,no,,20.0,jun,morning,3.0,3.0,0.0,,no,3075.0,80.94666983432532,5.600009506905246,no
133831.0,44.0,technician,single,secondary,yes,No,SMS,30.0,jul,eve,2.0,2.0,0.0,,no,3438.0,94.59699018322637,5.470533540427334,no
150546.0,32.0,management,married,tertiary,yes,no,call,5.0,may,Night,2.0,2.0,2.0,failure,no,4761.0,120.27371151126856,4.8915798660749354,no
124070.0,54.0,blue-collar,divorced,primary,yes,no,,2.0,jun,Morning,3.0,3.0,0.0,,no,2227.0,103.8150208012673,4.615647368383288,no
134029.0,43.0,technician,single,secondary,no,no,email,30.0,jul,morning,1.0,1.0,0.0,,no,34.0,107.28736615944113,6.096457892824969,no
155728.0,36.0,technician,married,tertiary,no,no,call,1.0,jun,Evening,1.0,1.0,1.0,failure,no,202.0,97.19844165535757,4.571862340328045,no
133991.0,42.0,unemployed,single,secondary,yes,no,call,30.0,jul,Night ,6.0,6.0,0.0,,no,2613.0,94.62622203067245,4.7550719193251965,no
144757.0,49.0,management,single,tertiary,yes,no,call,30.0,jan,Night,2.0,2.0,3.0,failure,no,163.0,104.05590413060168,6.23874877614523,no
137608.0,58.0,retired,married,tertiary,no,,call,19.0,,Night ,1.0,1.0,0.0,,no,258.0,82.71549830455699,,no
135688.0,38.0,unemployed,married,secondary,no,no,call,8.0,aug,Morning,2.0,2.0,0.0,,no,5177.0,100.50651843178149,2.1898518371624376,no
153333.0,49.0,services,married,secondary,yes,no,call,13.0,may,Night ,4.0,4.0,2.0,failure,no,2409.0,104.02649074002481,4.276119008206835,no
151337.0,48.0,admin.,married,secondary,yes,No,email,,may,Night,2.0,2.0,2.0,failure,no,368.0,105.79688015027425,4.310722190299815,no
122036.0,37.0,technician,married,secondary,yes,no,,27.0,may,Morning,2.0,2.0,0.0,,no,-21.0,84.61505450806038,5.121346673267523,no
125639.0,35.0,technician,married,tertiary,no,no,,9.0,jun,Morning,1.0,1.0,0.0,,no,2518.0,99.0536349575184,7.375357630474319,no
150165.0,36.0,blue-collar,married,secondary,yes,no,call,4.0,may,Night,6.0,6.0,0.0,,no,218.0,106.7482825942626,7.85957464020834,yes
117038.0,44.0,admin.,single,secondary,yes,no,,7.0,may,eve,5.0,5.0,0.0,,no,-30.0,101.152573485008,7.768558094385882,no
116491.0,31.0,self-employed,married,secondary,yes,No,,6.0,may,Night ,5.0,5.0,0.0,,no,0.0,98.95988727405255,2.688257788204461,no
140312.0,55.0,retired,married,secondary,no,yes,call,17.0,nov,morning,3.0,3.0,0.0,,no,4230.0,103.07097151577499,2.648833704022523,no
156601.0,32.0,admin.,single,tertiary,no,no,call,7.0,aug,morning,1.0,1.0,2.0,success,no,4041.0,104.0800911674246,5.4905609697566415,no
132298.0,35.0,management,married,secondary,no,yes,call,23.0,jul,Afternoon,3.0,3.0,0.0,,yes,-550.0,98.80112904229286,6.380698758987311,no
132858.0,29.0,blue-collar,married,primary,no,yes,email,25.0,jul,Night,2.0,2.0,0.0,,no,410.0,107.13065620001731,5.732340618956207,no
126133.0,40.0,admin.,single,tertiary,no,no,,11.0,jun,Morning,2.0,2.0,0.0,,no,1248.0,106.63512414371003,3.244369676031015,yes
133546.0,46.0,self-employed,married,tertiary,no,no,email,29.0,jul,Night ,2.0,2.0,0.0,,no,1148.0,96.39896053414056,6.793695429371999,no
158731.0,65.0,retired,married,primary,no,No,call,2.0,feb,morning,1.0,1.0,2.0,failure,no,493.0,94.93213134870942,7.626586074889108,no
139112.0,44.0,management,married,tertiary,yes,no,call,27.0,aug,Night ,6.0,6.0,0.0,,no,-84.0,105.33952992207672,7.104052819261488,no
153863.0,26.0,blue-collar,single,primary,yes,no,call,14.0,may,Evening,3.0,3.0,0.0,,no,93.0,95.59391139539896,4.685949464057337,no
132739.0,39.0,blue-collar,married,secondary,no,yes,call,25.0,jul,eve,12.0,12.0,0.0,,no,276.0,116.68578948852874,2.8119523353044094,no
120188.0,51.0,management,married,tertiary,no,no,,19.0,may,Night ,2.0,2.0,0.0,,no,642.0,110.58326950331187,4.945285720330094,no
148990.0,35.0,blue-collar,married,primary,yes,yes,call,20.0,apr,Evening,1.0,1.0,0.0,,no,1347.0,91.4859326732881,5.186198552573074,no
137985.0,31.0,management,single,tertiary,no,no,call,21.0,aug,Morning,2.0,2.0,0.0,,no,0.0,94.53161508644722,3.5545740916034285,no
130815.0,45.0,housemaid,married,secondary,yes,no,call,16.0,jul,Evening,2.0,2.0,0.0,,no,258.0,102.62023095796992,3.876476987682682,no
125571.0,39.0,admin.,divorced,secondary,no,no,,6.0,jun,eve,5.0,5.0,0.0,,no,2610.0,103.01489919238784,6.37260087158716,no
161043.0,47.0,management,single,tertiary,yes,yes,call,9.0,nov,morning,3.0,3.0,2.0,failure,no,311.0,123.3769914676797,3.1554607636186627,no
134723.0,41.0,management,married,tertiary,no,no,call,4.0,aug,eve,1.0,1.0,0.0,,no,3348.0,100.1406838346309,3.9485643555498773,no
136955.0,55.0,services,married,secondary,no,no,call,14.0,aug,Afternoon,2.0,2.0,0.0,,no,4263.0,90.89488078412685,5.345394030463373,no
146214.0,36.0,services,married,secondary,no,yes,SMS,,feb,morning,5.0,5.0,0.0,,no,417.0,93.90822211311263,5.556080013119536,no
155295.0,58.0,retired,divorced,primary,yes,no,call,22.0,may,morning,1.0,1.0,1.0,other,no,1194.0,106.89332636017991,4.061282436176003,no
140511.0,41.0,management,single,tertiary,no,no,call,17.0,nov,eve,2.0,2.0,0.0,,no,7595.0,91.86354363668158,5.000161959007322,no
126554.0,52.0,blue-collar,divorced,primary,no,no,,16.0,jun,Night,1.0,1.0,0.0,,no,1250.0,101.32926782417377,3.352660939515847,no
152282.0,55.0,management,married,tertiary,yes,no,SMS,11.0,may,Morning,2.0,2.0,0.0,,no,42.0,102.90785799056977,4.592757424996389,no
119621.0,31.0,admin.,married,secondary,yes,no,,16.0,may,Night ,1.0,1.0,0.0,,no,468.0,102.93579687892954,4.323496192273202,no
127306.0,51.0,management,divorced,tertiary,yes,no,,19.0,jun,Evening,1.0,1.0,0.0,,no,3415.0,91.34387471008804,5.402182057669098,no
151392.0,33.0,services,married,primary,yes,no,call,7.0,may,eve,2.0,2.0,0.0,,no,0.0,106.39282882169805,3.505918983998491,no
120315.0,54.0,services,married,secondary,yes,no,,20.0,may,eve,2.0,2.0,0.0,,no,4482.0,107.72932859193801,5.55024586709668,no
135744.0,30.0,technician,single,secondary,yes,no,call,8.0,aug,Morning,2.0,2.0,0.0,,no,224.0,118.73997448634714,5.979237679469674,no
137700.0,51.0,technician,married,secondary,yes,no,call,20.0,aug,Morning,2.0,2.0,0.0,,no,180.0,101.90206452501658,5.881639474623895,no
150074.0,45.0,blue-collar,married,secondary,no,no,call,4.0,may,Night,2.0,2.0,0.0,,no,10252.0,101.31884334695185,4.725335185195262,yes
159595.0,35.0,management,married,tertiary,no,no,call,13.0,may,Morning,1.0,1.0,3.0,success,no,8000.0,94.8250675584094,5.96150645742925,yes
135230.0,30.0,management,married,tertiary,no,no,call,6.0,aug,Afternoon,4.0,4.0,0.0,,no,1403.0,86.19759123783034,3.3324439289579733,no
154011.0,27.0,services,single,tertiary,yes,yes,call,15.0,may,Night,4.0,4.0,0.0,,yes,-152.0,113.07303439365091,4.90475811787251,no
123690.0,43.0,management,married,tertiary,yes,no,,30.0,may,Evening,2.0,2.0,0.0,,no,19.0,107.67766357290223,4.680273069781122,no
136165.0,31.0,management,divorced,tertiary,no,no,call,11.0,aug,Night,2.0,2.0,0.0,,no,416.0,74.62250088317971,4.804030673235828,no
120190.0,23.0,student,single,secondary,yes,no,,19.0,may,eve,3.0,3.0,0.0,,no,405.0,119.37454016797427,5.2905407828923305,no
127484.0,44.0,entrepreneur,married,secondary,no,no,,19.0,jun,Night ,2.0,2.0,0.0,,no,168.0,94.5496828583006,6.148176837978071,no
151071.0,33.0,technician,divorced,secondary,yes,yes,call,7.0,may,Morning,1.0,1.0,0.0,,no,250.0,127.40768003188958,4.01138836348688,no
142506.0,51.0,entrepreneur,married,tertiary,yes,yes,call,20.0,nov,Night ,2.0,2.0,1.0,failure,no,6659.0,96.93461865710118,7.413497485209966,no
157161.0,53.0,technician,married,secondary,no,No,call,25.0,aug,Night,2.0,2.0,0.0,,no,65.0,95.62782366754054,4.056837257952048,no
117980.0,55.0,services,single,secondary,yes,no,,12.0,may,eve,2.0,2.0,0.0,,no,-40.0,92.98906429053112,7.397207528329924,no
150019.0,26.0,technician,single,secondary,no,no,call,30.0,apr,morning,1.0,1.0,0.0,,no,507.0,101.86697871196472,6.692002613413717,yes
145711.0,29.0,management,married,tertiary,yes,no,call,4.0,feb,Morning,2.0,2.0,0.0,,no,1713.0,80.52760660178437,4.892543175691057,no
120297.0,37.0,management,divorced,tertiary,yes,yes,,20.0,may,Afternoon,4.0,4.0,0.0,,no,42.0,93.61245173640143,3.957470043624174,no
140142.0,45.0,technician,married,secondary,yes,no,call,17.0,nov,Evening,1.0,1.0,1.0,failure,no,1477.0,100.95591974918041,6.063366797362528,no
127715.0,49.0,management,divorced,tertiary,yes,no,,20.0,jun,Evening,5.0,5.0,0.0,,no,557.0,81.0238907086981,3.92405421047566,no
152897.0,36.0,blue-collar,married,secondary,yes,no,call,13.0,may,morning,2.0,2.0,2.0,failure,no,1088.0,89.03991067607261,8.374023941817287,no
124282.0,42.0,technician,single,,yes,no,,3.0,jun,eve,7.0,7.0,0.0,,no,344.0,103.98519094296368,6.255222418955071,no
135752.0,31.0,technician,married,tertiary,no,,call,8.0,aug,Night,2.0,2.0,0.0,,no,311.0,103.10605040692062,5.575577813713617,no
146035.0,45.0,self-employed,divorced,secondary,yes,no,call,4.0,feb,eve,2.0,2.0,3.0,other,no,1966.0,105.66275391148861,7.070784426036194,no
138791.0,43.0,management,single,tertiary,yes,No,call,25.0,aug,Night,5.0,5.0,0.0,,no,778.0,88.55920348720576,2.476554548473724,no
120997.0,31.0,blue-collar,married,secondary,yes,no,,21.0,may,eve,1.0,1.0,0.0,,no,1599.0,105.17262419228311,3.931103056164951,no
144284.0,29.0,management,married,tertiary,yes,no,call,29.0,jan,Morning,1.0,1.0,0.0,,no,1258.0,120.08503190743437,2.6667579648042277,no
146799.0,66.0,retired,married,primary,no,no,call,9.0,feb,morning,1.0,1.0,0.0,,no,206.0,94.38964178816566,5.33591343033771,yes
131500.0,34.0,admin.,married,secondary,yes,no,call,21.0,jul,eve,1.0,1.0,0.0,,no,159.0,106.86496969448096,5.245965264397293,no
144426.0,30.0,technician,married,secondary,no,no,call,29.0,jan,Night ,2.0,2.0,0.0,,no,743.0,97.6089223374049,6.308956905263965,no
132296.0,57.0,retired,married,primary,yes,no,SMS,23.0,jul,Night ,1.0,1.0,0.0,,no,65.0,103.60173382888578,7.703574888285563,no
134889.0,37.0,self-employed,single,tertiary,no,no,call,5.0,aug,morning,2.0,2.0,0.0,,no,676.0,89.41900551458475,2.9110065396348555,no
124428.0,30.0,blue-collar,single,secondary,yes,no,,3.0,jun,Afternoon,2.0,2.0,0.0,,no,855.0,87.61837590493727,6.10302569676292,no
142539.0,33.0,management,married,tertiary,yes,no,call,20.0,nov,morning,1.0,1.0,0.0,,no,3713.0,95.20408604914657,7.185745688997856,no
120795.0,35.0,technician,single,tertiary,yes,no,,21.0,may,Evening,1.0,1.0,0.0,,no,1362.0,96.74449160034732,6.3874139947312765,no
116136.0,49.0,management,married,tertiary,yes,no,,5.0,may,Night,3.0,3.0,0.0,,no,3237.0,114.16949421242536,4.152731700378447,no
160835.0,40.0,housemaid,married,tertiary,no,no,,6.0,oct,eve,1.0,1.0,0.0,,no,0.0,104.16883815868557,1.609277359110442,no
150670.0,32.0,self-employed,,tertiary,yes,no,call,6.0,may,Night ,1.0,1.0,0.0,,no,0.0,84.83946097446186,6.931528456261913,yes
143512.0,33.0,entrepreneur,married,secondary,yes,yes,call,21.0,nov,morning,5.0,5.0,0.0,,no,3140.0,75.36640166961607,3.37470999512245,no
152420.0,37.0,blue-collar,married,secondary,yes,no,call,12.0,may,Morning,4.0,4.0,0.0,,no,2364.0,104.01990664582013,6.492028740007451,no
153005.0,43.0,housemaid,single,primary,yes,No,call,13.0,may,Night,1.0,1.0,0.0,,no,800.0,110.48552347042579,4.834133075647344,yes
134267.0,53.0,management,divorced,tertiary,no,no,call,31.0,jul,Morning,23.0,23.0,0.0,,no,3158.0,96.08155430422966,6.02417853547176,no
138960.0,35.0,management,married,tertiary,no,No,call,26.0,aug,eve,6.0,6.0,0.0,,no,841.0,83.32143857911602,4.124918452014369,no
141374.0,32.0,services,divorced,secondary,yes,no,call,19.0,nov,Night ,1.0,1.0,1.0,failure,no,1156.0,90.07214535629784,7.10725993451094,no
159028.0,77.0,retired,married,primary,no,no,email,24.0,feb,Night,2.0,2.0,7.0,failure,no,680.0,103.39231961277268,5.687875037096558,no
134349.0,56.0,management,married,secondary,no,no,email,31.0,jul,Afternoon,11.0,11.0,0.0,,no,1502.0,101.18888320001003,4.673981186385625,no
131917.0,53.0,management,married,secondary,yes,yes,call,22.0,jul,Morning,1.0,1.0,0.0,,no,0.0,116.75281143377077,2.796572466385333,no
160322.0,36.0,management,married,tertiary,yes,no,call,4.0,aug,Morning,1.0,1.0,2.0,other,no,1133.0,121.00388144430894,4.607526872453059,yes
137639.0,,management,married,tertiary,,no,call,19.0,aug,Afternoon,9.0,9.0,0.0,,no,218.0,97.13329351418363,6.089050625928353,no
138180.0,47.0,self-employed,married,secondary,no,no,call,21.0,aug,Night ,4.0,4.0,0.0,,no,3279.0,103.67925434484472,3.81718578896857,no
153851.0,51.0,blue-collar,married,secondary,yes,no,call,14.0,may,Night ,8.0,8.0,0.0,,no,814.0,93.06308831976618,6.0888204742787035,no
158873.0,34.0,management,divorced,tertiary,no,no,call,10.0,feb,Morning,2.0,2.0,4.0,other,no,2885.0,94.20555367546928,4.870538284453078,yes
154637.0,34.0,technician,married,tertiary,yes,no,call,18.0,may,morning,4.0,4.0,0.0,,no,3743.0,110.78603109611585,3.7798910391351637,yes
145408.0,31.0,admin.,single,secondary,no,no,call,3.0,feb,Night ,2.0,2.0,0.0,,no,757.0,95.65829389958017,6.8930484970286985,no
116635.0,57.0,blue-collar,married,,yes,no,,6.0,may,Night ,2.0,2.0,0.0,,no,807.0,114.99629369238367,3.9504885485953447,no
151962.0,,services,married,secondary,yes,No,call,11.0,may,Evening,1.0,1.0,0.0,,no,1185.0,106.68573851154363,5.222905498542304,no
158830.0,24.0,technician,married,secondary,yes,no,call,8.0,feb,Morning,1.0,1.0,4.0,success,no,556.0,110.04566368514894,4.8285948889603105,yes
134427.0,56.0,technician,divorced,tertiary,yes,no,call,31.0,jul,Night,4.0,4.0,0.0,,no,1593.0,105.66205107738318,4.788982082777644,no
150224.0,32.0,blue-collar,single,secondary,no,no,call,4.0,may,morning,3.0,3.0,0.0,,no,,114.61218868178183,5.504771715598248,yes
141369.0,42.0,services,married,tertiary,yes,no,SMS,19.0,nov,eve,4.0,4.0,5.0,failure,no,412.0,,6.8695999513952355,no
150448.0,40.0,blue-collar,single,secondary,yes,No,call,5.0,may,eve,1.0,1.0,0.0,,no,411.0,105.43826189064474,4.925279708756404,no
137230.0,40.0,management,married,tertiary,yes,no,call,18.0,aug,Evening,2.0,2.0,0.0,,no,2935.0,93.27590280966803,7.792356069701065,no
137678.0,32.0,management,married,tertiary,no,no,call,19.0,aug,Night,2.0,2.0,0.0,,no,5878.0,103.54256824086171,6.398582656210657,no
130303.0,30.0,blue-collar,single,secondary,no,no,call,14.0,jul,Morning,3.0,3.0,0.0,,no,332.0,98.67266144436586,3.811215533407339,no
149731.0,36.0,housemaid,married,primary,no,no,call,28.0,apr,morning,3.0,3.0,0.0,,no,531.0,102.32575275520556,5.549086849035613,no
131815.0,60.0,housemaid,divorced,primary,no,no,call,22.0,jul,eve,4.0,4.0,0.0,,no,1412.0,104.12088789149597,3.6989142972977698,no
154358.0,40.0,management,married,tertiary,yes,no,SMS,15.0,may,Morning,11.0,11.0,0.0,,no,592.0,97.91059047763751,4.801244786872288,no
132175.0,40.0,blue-collar,married,secondary,no,no,call,23.0,jul,Afternoon,1.0,1.0,0.0,,no,2279.0,,5.049705526940278,no
144966.0,36.0,management,married,tertiary,no,no,call,2.0,feb,Evening,1.0,1.0,0.0,,no,763.0,107.62732744560797,7.661184226359611,no
135774.0,34.0,technician,married,secondary,no,no,call,8.0,aug,Morning,4.0,4.0,0.0,,no,134.0,91.43729049341843,5.35516972181846,no
153733.0,52.0,self-employed,married,secondary,yes,no,call,14.0,may,Morning,2.0,2.0,0.0,,no,213.0,97.04311168976278,4.068030269016449,no
121258.0,32.0,self-employed,married,primary,no,no,,23.0,may,Night ,2.0,2.0,0.0,,no,-6.0,120.04045080201061,6.018556385826968,no
150784.0,31.0,unemployed,single,secondary,yes,no,call,6.0,may,eve,1.0,1.0,0.0,,no,209.0,100.65178159394644,4.870632030900422,no
127804.0,39.0,self-employed,single,,no,no,,20.0,jun,Afternoon,11.0,11.0,0.0,,no,0.0,106.75653234045711,4.849686749150689,no
122503.0,33.0,technician,married,secondary,yes,no,,28.0,may,eve,2.0,2.0,0.0,,no,3002.0,93.8154550191466,8.122741971152582,no
131112.0,42.0,blue-collar,divorced,primary,yes,no,call,17.0,jul,eve,2.0,2.0,0.0,,no,301.0,91.68868580235201,7.326399186936938,yes
145957.0,43.0,admin.,single,secondary,yes,no,call,4.0,feb,eve,2.0,2.0,0.0,,no,250.0,102.45191756521386,4.59266586292977,no
120146.0,23.0,blue-collar,single,secondary,yes,no,,19.0,may,eve,1.0,1.0,0.0,,no,525.0,82.21097136613963,5.178192521665902,no
126164.0,38.0,blue-collar,married,secondary,no,no,,12.0,jun,eve,2.0,2.0,0.0,,no,2342.0,,8.71423469015253,no
116443.0,30.0,admin.,married,secondary,yes,No,,6.0,may,Morning,2.0,2.0,0.0,,no,46.0,102.28765707984456,5.095391043296149,no
148085.0,31.0,management,single,secondary,no,no,call,16.0,apr,Night ,2.0,2.0,0.0,,no,2317.0,105.59355480501544,2.9401821458513657,no
123713.0,32.0,technician,single,secondary,yes,no,,30.0,may,Evening,3.0,3.0,0.0,,no,562.0,87.577223911841,5.909819882299391,yes
123152.0,42.0,services,married,primary,yes,no,,29.0,may,eve,7.0,7.0,0.0,,no,91.0,109.82810611454909,5.708298080353192,no
116681.0,59.0,retired,married,secondary,yes,no,,7.0,may,morning,1.0,1.0,0.0,,no,836.0,99.55743126634476,5.336174183623239,no
156247.0,57.0,management,married,tertiary,no,no,call,22.0,jun,Night,3.0,3.0,0.0,,no,10583.0,93.51935522860833,5.848281939788585,yes
147054.0,54.0,blue-collar,married,primary,no,no,email,26.0,feb,Evening,1.0,1.0,0.0,,no,258.0,104.97398107782274,4.418641588892671,no
116056.0,45.0,technician,married,secondary,yes,no,,5.0,may,eve,1.0,1.0,0.0,,no,86.0,91.17127017634256,4.344552347144676,no
151700.0,43.0,self-employed,married,secondary,yes,no,call,8.0,may,Evening,1.0,1.0,0.0,,no,0.0,115.84723748748524,5.06998778365016,no
150932.0,36.0,technician,single,secondary,yes,no,call,6.0,may,Night,2.0,2.0,2.0,failure,no,634.0,84.14031694819985,1.823272971666026,no
129118.0,38.0,housemaid,married,secondary,no,yes,call,8.0,jul,Evening,2.0,2.0,0.0,,no,1508.0,94.58663128700276,5.806227784669504,no
130105.0,35.0,management,married,tertiary,yes,yes,call,11.0,jul,morning,2.0,2.0,0.0,,no,272.0,102.2493112338312,5.722465405245444,no
138234.0,60.0,self-employed,single,secondary,no,no,call,22.0,aug,Night,2.0,2.0,0.0,,no,27.0,100.16504424423687,3.4165204091340984,no
127609.0,35.0,self-employed,single,secondary,no,no,,20.0,jun,Night,1.0,1.0,0.0,,no,250.0,94.64198559497711,8.328572670526215,no
133064.0,37.0,blue-collar,married,secondary,yes,,call,28.0,jul,eve,4.0,4.0,0.0,,no,965.0,89.91802921734228,2.4214148389790346,no
135252.0,59.0,retired,married,secondary,no,no,call,6.0,aug,Evening,2.0,2.0,0.0,,no,263.0,91.3583373080724,5.571133739565283,no
156126.0,29.0,technician,married,tertiary,yes,no,call,12.0,jun,Night,7.0,7.0,1.0,failure,no,858.0,98.57384082498876,5.936671315888605,no
151707.0,30.0,technician,divorced,tertiary,yes,no,call,8.0,may,morning,3.0,3.0,0.0,,no,33.0,86.99752040102692,5.729712007542275,no
135173.0,30.0,management,single,tertiary,no,no,call,6.0,aug,morning,4.0,4.0,0.0,,no,2876.0,103.04909568339048,4.935426911225975,no
117317.0,46.0,blue-collar,married,primary,yes,no,,8.0,may,Night,2.0,2.0,0.0,,no,587.0,97.31355044500619,2.908035357378769,no
154115.0,46.0,self-employed,married,secondary,yes,yes,call,15.0,may,eve,1.0,1.0,0.0,,no,-816.0,96.72263223706824,5.705631612535547,no
147346.0,60.0,admin.,married,secondary,no,no,call,31.0,mar,eve,1.0,1.0,0.0,,no,7336.0,96.05525239594176,5.243029795933986,no
159027.0,25.0,student,single,secondary,no,No,call,24.0,feb,Night,1.0,1.0,2.0,success,no,469.0,97.5541000927895,4.981256914788327,no
127760.0,39.0,blue-collar,divorced,primary,yes,no,,20.0,jun,Morning,3.0,3.0,0.0,,no,4168.0,92.49132620566448,4.329554983805518,no
152774.0,25.0,student,single,secondary,yes,no,call,12.0,may,Evening,2.0,2.0,3.0,failure,no,1116.0,98.40756520034061,7.250976332319883,no
143287.0,32.0,services,single,secondary,yes,No,call,21.0,nov,Morning,7.0,7.0,0.0,,no,11287.0,106.35512772222526,5.025420448641947,no
124277.0,30.0,admin.,married,secondary,yes,no,,3.0,jun,Night ,1.0,1.0,0.0,,yes,-938.0,98.60721370669583,3.9765990972243137,no
121712.0,45.0,management,,tertiary,yes,no,,26.0,may,Night ,3.0,3.0,0.0,,no,2316.0,99.67110566969856,5.23614961465711,no
137734.0,54.0,housemaid,married,primary,no,no,call,20.0,aug,Night,2.0,2.0,0.0,,no,194.0,73.98148138159254,6.057494807750627,no
121930.0,59.0,retired,married,primary,yes,no,,26.0,may,Evening,7.0,7.0,0.0,,no,0.0,96.78279344445407,5.856453755361737,no
132492.0,40.0,admin.,married,secondary,no,no,call,24.0,jul,morning,1.0,1.0,0.0,,no,1614.0,89.36504619667558,5.275601273123961,no
130405.0,56.0,management,married,tertiary,yes,no,call,15.0,jul,eve,3.0,3.0,0.0,,no,1631.0,98.50927895221146,5.37679401254923,no
147281.0,58.0,management,married,secondary,no,no,SMS,24.0,mar,Evening,2.0,2.0,0.0,,no,111.0,96.07627511692317,6.735084912147832,no
130880.0,49.0,retired,married,primary,no,no,call,17.0,jul,Afternoon,3.0,3.0,0.0,,no,1672.0,92.11416554820957,3.4964911136866337,no
154449.0,30.0,admin.,,primary,yes,no,call,15.0,may,morning,2.0,2.0,1.0,failure,no,624.0,95.48682761458579,6.48069773640759,no
133461.0,47.0,entrepreneur,married,tertiary,yes,no,call,29.0,jul,Evening,4.0,4.0,0.0,,no,459.0,107.95930615724775,5.622821678798667,no
152272.0,47.0,self-employed,divorced,secondary,yes,no,call,11.0,may,Afternoon,3.0,3.0,0.0,,no,,90.72782196047713,5.4354967925582045,no
135627.0,,retired,married,secondary,no,yes,call,7.0,aug,eve,4.0,4.0,0.0,,no,654.0,88.259440666539,5.003300173976803,no
142502.0,34.0,management,married,secondary,yes,no,call,20.0,nov,Evening,3.0,3.0,1.0,failure,no,56.0,88.20483228330401,4.122540385623671,no
152365.0,34.0,management,married,tertiary,yes,yes,call,11.0,may,morning,2.0,2.0,0.0,,no,4714.0,111.51636916998686,5.734445834617739,no
145116.0,42.0,management,married,secondary,yes,yes,call,2.0,feb,Night,1.0,1.0,0.0,,no,0.0,95.88348889678163,4.395493407641347,no
140377.0,58.0,management,divorced,secondary,no,yes,call,17.0,nov,Night,2.0,2.0,0.0,,no,321.0,102.24996725742398,7.142301768049396,no
156425.0,58.0,retired,married,secondary,no,No,call,8.0,jul,eve,1.0,1.0,1.0,failure,no,1227.0,94.62802982977729,6.958189503161114,no
138498.0,49.0,blue-collar,married,primary,no,no,call,22.0,aug,Morning,3.0,3.0,0.0,,no,239.0,90.4209944159708,3.6334229525907573,no
128728.0,30.0,admin.,married,primary,yes,yes,call,7.0,jul,Afternoon,1.0,1.0,0.0,,no,40.0,87.29090515516617,8.792589484783454,no
132508.0,50.0,entrepreneur,married,primary,no,yes,call,24.0,jul,Night ,1.0,1.0,0.0,,no,1327.0,113.5019352735208,4.989859263646676,no
160758.0,28.0,admin.,,tertiary,no,yes,call,23.0,sep,Night,1.0,1.0,6.0,failure,no,,93.57460706756605,4.514973283117064,no
117433.0,59.0,retired,divorced,primary,yes,yes,,8.0,may,Night,4.0,4.0,0.0,,no,-138.0,118.7492256340733,2.1250186452695696,no
130994.0,31.0,blue-collar,married,secondary,yes,yes,call,17.0,jul,Morning,2.0,2.0,0.0,,no,212.0,116.06940671717757,4.2887383041437594,no
126173.0,44.0,services,single,secondary,no,,,12.0,jun,eve,2.0,2.0,0.0,,no,106.0,120.50071035681708,6.4227575589234025,no
159851.0,46.0,services,married,secondary,yes,no,call,22.0,jun,Morning,1.0,1.0,1.0,other,no,0.0,101.98392104316429,6.211176631449506,no
133291.0,54.0,technician,married,secondary,no,yes,call,28.0,jul,Night ,3.0,3.0,0.0,,no,1938.0,101.33191167351319,5.227172936188012,yes
124016.0,56.0,retired,married,secondary,yes,no,,2.0,jun,eve,1.0,1.0,0.0,,no,-1.0,100.50226152507712,6.408569177450857,no
135777.0,46.0,services,married,secondary,no,no,call,8.0,aug,morning,2.0,2.0,0.0,,no,1034.0,98.85792440584954,3.394066945014893,no
120626.0,38.0,blue-collar,married,primary,yes,yes,,20.0,may,eve,2.0,2.0,0.0,,no,0.0,107.8281502183304,5.454523449079771,no
139482.0,44.0,technician,married,secondary,no,No,SMS,28.0,aug,eve,11.0,11.0,0.0,,no,65.0,89.76601819228671,5.2798041855721785,no
149581.0,36.0,blue-collar,single,secondary,yes,yes,call,20.0,apr,Afternoon,2.0,2.0,0.0,,no,459.0,75.98667136098524,7.807182053949648,no
125018.0,39.0,blue-collar,married,secondary,yes,yes,,5.0,jun,Night ,2.0,2.0,0.0,,no,3231.0,90.67295199333499,2.3471282624376673,no
150818.0,46.0,entrepreneur,married,tertiary,,yes,call,6.0,may,Morning,1.0,1.0,0.0,,no,0.0,87.4034837092684,2.554836080838409,no
136181.0,33.0,management,married,tertiary,no,no,call,11.0,aug,Afternoon,4.0,4.0,0.0,,no,299.0,85.74031713882731,4.373682675550467,no
118418.0,25.0,management,single,tertiary,yes,no,,13.0,may,eve,2.0,2.0,0.0,,no,1270.0,96.84134255862566,2.651322541248104,no
132929.0,37.0,technician,single,,no,yes,call,25.0,jul,Evening,12.0,12.0,0.0,,no,334.0,96.51722084827432,5.734747007989828,no
159636.0,27.0,,single,tertiary,no,no,call,18.0,may,Afternoon,3.0,3.0,4.0,failure,no,6421.0,106.89241982913357,7.8028977901547165,no
124015.0,37.0,blue-collar,single,secondary,yes,no,,2.0,jun,morning,1.0,1.0,0.0,,no,3561.0,98.0791479050066,4.919877540759176,no
121350.0,32.0,management,married,tertiary,yes,No,,23.0,may,Night ,3.0,3.0,0.0,,no,1667.0,102.32389477097878,6.424055264675222,no
119798.0,36.0,management,single,tertiary,yes,no,,16.0,may,Morning,3.0,3.0,0.0,,no,146.0,102.76598976781818,6.25086734379172,no
118348.0,59.0,retired,married,primary,yes,yes,,13.0,may,morning,1.0,1.0,0.0,,no,5521.0,109.31595985444451,3.880595393354703,no
150563.0,25.0,student,single,secondary,no,no,call,5.0,may,Afternoon,3.0,3.0,0.0,,no,703.0,93.61797840199263,4.200409225809998,no
149176.0,32.0,technician,single,secondary,yes,no,call,20.0,,Night ,1.0,1.0,2.0,failure,no,1819.0,85.76600306712291,4.2540493342971635,no
153920.0,29.0,management,married,tertiary,yes,No,call,14.0,may,Morning,2.0,2.0,0.0,,no,8.0,94.86135440333129,3.8877378878611406,no
145582.0,30.0,housemaid,married,tertiary,yes,yes,call,3.0,feb,Night ,3.0,3.0,0.0,,no,113.0,101.53106404237478,4.216961226917805,no
154501.0,32.0,blue-collar,married,primary,yes,no,call,15.0,may,Morning,2.0,2.0,0.0,,no,233.0,107.52028033890691,5.903721631711041,no
116478.0,55.0,blue-collar,married,secondary,yes,no,,6.0,may,eve,2.0,2.0,0.0,,no,840.0,83.07871207665869,7.807565545861264,no
129946.0,34.0,management,single,tertiary,yes,no,call,11.0,jul,eve,1.0,1.0,0.0,,no,1049.0,99.94251479652128,4.758803495598689,no
146789.0,59.0,retired,married,primary,yes,yes,call,9.0,feb,Night,5.0,5.0,0.0,,no,413.0,112.73701951981965,4.428990736032208,no
151045.0,34.0,unemployed,married,secondary,yes,yes,call,7.0,may,Night ,1.0,1.0,0.0,,no,2173.0,102.56646326896262,4.188068044056823,no
131515.0,44.0,management,divorced,tertiary,yes,no,call,21.0,jul,Night ,1.0,1.0,0.0,,no,-90.0,115.17059101346356,4.51565231639258,no
127529.0,46.0,entrepreneur,married,tertiary,no,no,,19.0,jun,Evening,2.0,2.0,0.0,,no,341.0,113.69609296364445,4.666333299601419,no
137861.0,44.0,technician,married,secondary,no,no,call,20.0,aug,Afternoon,6.0,6.0,0.0,,no,7649.0,101.10180729650395,3.8853739223761625,no
124168.0,31.0,blue-collar,married,primary,no,no,,2.0,jun,morning,2.0,2.0,0.0,,no,2198.0,91.62011702913026,5.6456341683388995,no
139001.0,31.0,management,married,tertiary,no,no,call,26.0,aug,Evening,3.0,3.0,0.0,,no,392.0,72.6748451162888,6.6191809314436725,no
149706.0,23.0,student,single,tertiary,no,no,call,27.0,apr,Morning,3.0,3.0,0.0,,no,577.0,108.23720090449773,5.791118445496533,no
155660.0,47.0,technician,married,tertiary,no,no,call,1.0,jun,eve,1.0,1.0,0.0,,no,213.0,94.87811743873793,4.686756723900796,no
122645.0,52.0,blue-collar,married,secondary,yes,no,,28.0,may,Night,4.0,4.0,0.0,,no,310.0,89.6605117140644,5.494906552340558,no
145635.0,44.0,self-employed,married,primary,yes,no,call,4.0,feb,eve,1.0,1.0,2.0,other,no,414.0,101.77873855168875,2.8416447533502334,no
119953.0,43.0,management,married,primary,yes,no,,19.0,may,eve,2.0,2.0,0.0,,no,8167.0,114.1757766983943,8.697836581255704,no
135225.0,42.0,technician,single,tertiary,no,no,call,6.0,aug,Evening,2.0,2.0,0.0,,no,135.0,94.8842113066009,7.327307573022351,no
129668.0,57.0,services,divorced,secondary,yes,no,call,10.0,jul,Night,1.0,1.0,0.0,,no,334.0,,6.844231054741941,no
155685.0,47.0,technician,married,secondary,no,no,call,1.0,jun,Night ,1.0,1.0,1.0,success,no,293.0,88.68951062257435,3.9589019601873607,yes
128567.0,33.0,technician,single,secondary,no,yes,call,4.0,jul,Night,2.0,2.0,0.0,,no,555.0,118.19798389442904,4.174465458333664,no
143732.0,51.0,management,married,tertiary,yes,no,call,28.0,jan,Afternoon,1.0,1.0,0.0,,no,409.0,93.88114849886686,8.085150825307785,no
146826.0,27.0,management,single,tertiary,no,no,call,9.0,feb,Night,3.0,3.0,0.0,,no,10.0,104.41257020424838,2.8026697800228266,no
121362.0,45.0,blue-collar,divorced,primary,yes,no,,23.0,may,Night,1.0,1.0,0.0,,no,-311.0,91.43803710637621,5.324751845319807,yes
116520.0,34.0,admin.,single,,yes,no,,6.0,may,morning,4.0,4.0,0.0,,no,2434.0,112.95742665223216,8.021037914332512,no
132652.0,25.0,blue-collar,single,secondary,no,No,call,24.0,jul,Afternoon,2.0,2.0,0.0,,no,674.0,104.70959336521048,3.6656593920638523,no
128371.0,38.0,management,married,tertiary,yes,no,,1.0,jul,morning,4.0,4.0,0.0,,no,-585.0,,3.0664760257102217,no
125976.0,60.0,blue-collar,married,primary,no,no,,11.0,jun,Evening,4.0,4.0,0.0,,no,3230.0,114.94846423976617,3.4926131550869393,no
120586.0,41.0,blue-collar,married,secondary,yes,no,,20.0,may,Afternoon,3.0,3.0,0.0,,no,2852.0,95.07429777259738,3.2674818650749655,no
149246.0,54.0,blue-collar,married,,no,no,call,20.0,apr,morning,1.0,1.0,1.0,failure,no,1827.0,99.35252094293739,6.007809737047858,no
130446.0,44.0,admin.,married,secondary,yes,No,call,15.0,jul,morning,4.0,4.0,0.0,,no,100.0,89.46273599573342,4.19541338834313,no
121822.0,36.0,services,married,secondary,yes,no,,26.0,may,morning,1.0,1.0,0.0,,no,1746.0,95.78004141546229,3.622567930076486,no
125804.0,35.0,services,divorced,secondary,no,no,,9.0,jun,Afternoon,2.0,2.0,0.0,,no,305.0,99.1146565729678,4.297978929417109,no
129834.0,46.0,blue-collar,married,secondary,no,yes,call,10.0,jul,Night ,2.0,2.0,0.0,,yes,-319.0,117.70972464853651,3.5337937893545566,no
127189.0,51.0,blue-collar,married,primary,no,no,,18.0,jun,eve,10.0,10.0,0.0,,no,1238.0,92.30231784617983,8.478881964201769,no
132159.0,53.0,blue-collar,married,secondary,yes,no,call,23.0,jul,morning,1.0,1.0,0.0,,no,913.0,116.39114071225539,5.985440495790974,no
147337.0,,management,single,tertiary,no,no,call,30.0,mar,Evening,3.0,3.0,0.0,,no,6495.0,101.1169907907901,7.1794146472926705,no
153334.0,39.0,blue-collar,married,primary,yes,no,call,13.0,may,Night ,4.0,4.0,2.0,other,no,640.0,101.00853952517512,5.291973441561877,no
129601.0,52.0,admin.,married,secondary,no,no,call,10.0,jul,Evening,1.0,1.0,0.0,,no,3422.0,89.54741980037764,7.045415971223788,no
149631.0,41.0,management,divorced,tertiary,no,no,call,22.0,apr,Afternoon,1.0,1.0,13.0,failure,no,1757.0,81.81818929625504,5.994121004377842,yes
130556.0,60.0,management,married,primary,yes,no,call,15.0,jul,Night ,8.0,8.0,0.0,,no,0.0,105.48466145775267,2.7860936636108407,no
149825.0,42.0,blue-collar,married,primary,yes,no,call,30.0,,Afternoon,1.0,1.0,2.0,failure,no,201.0,85.8935714377396,6.191497540814867,yes
117752.0,37.0,technician,married,tertiary,yes,no,,9.0,may,eve,1.0,1.0,0.0,,no,447.0,97.24620061664176,7.239446688522385,no
156982.0,35.0,management,single,tertiary,no,no,call,14.0,aug,Evening,3.0,3.0,0.0,,no,7218.0,88.39924123654384,5.424917613053495,no
153029.0,41.0,technician,single,primary,yes,no,call,13.0,may,Afternoon,1.0,1.0,1.0,failure,no,340.0,107.4599166337885,4.360489917061139,no
158681.0,34.0,admin.,married,tertiary,no,No,call,28.0,jan,Night,2.0,2.0,0.0,,no,0.0,100.99051892567918,5.908094846430559,yes
150671.0,57.0,retired,married,primary,yes,no,call,6.0,may,Evening,2.0,2.0,2.0,failure,no,0.0,103.64413673208004,4.914711021442743,no
145874.0,49.0,blue-collar,divorced,secondary,no,yes,call,4.0,feb,Afternoon,1.0,1.0,0.0,,no,10613.0,107.42532411746184,5.025685689109328,yes
160213.0,27.0,student,single,tertiary,no,no,call,28.0,jul,Evening,1.0,1.0,4.0,success,no,311.0,98.93933173541377,5.613448844872394,yes
146056.0,34.0,blue-collar,married,secondary,yes,yes,call,5.0,feb,Morning,6.0,6.0,0.0,,no,0.0,85.6303230485771,5.044053250599807,no
144824.0,34.0,unemployed,married,tertiary,yes,,call,2.0,feb,Afternoon,1.0,1.0,0.0,,no,181.0,111.04045909255798,,no
149122.0,45.0,technician,married,secondary,yes,no,call,20.0,apr,Evening,1.0,1.0,2.0,failure,no,497.0,101.86990259954386,6.468519974348848,no
135502.0,48.0,admin.,married,secondary,no,No,call,7.0,aug,Afternoon,2.0,2.0,0.0,,no,1403.0,84.2358608089609,4.559514802242787,no
146734.0,30.0,blue-collar,married,primary,no,yes,call,9.0,feb,Afternoon,2.0,2.0,2.0,failure,no,243.0,114.90549171148766,6.3065107554838225,no
119135.0,41.0,blue-collar,divorced,primary,yes,no,,15.0,may,Morning,1.0,1.0,0.0,,no,1563.0,83.4036364237738,5.110782320724042,no
152840.0,43.0,blue-collar,married,primary,yes,no,call,12.0,may,Morning,5.0,5.0,16.0,failure,no,250.0,92.23445461101275,4.574908656119028,no
134905.0,57.0,management,married,tertiary,no,no,call,5.0,aug,Night,1.0,1.0,0.0,,no,2266.0,112.42321694267348,5.055140497576938,no
135842.0,30.0,management,single,tertiary,no,no,call,8.0,aug,morning,2.0,2.0,0.0,,no,940.0,97.58665062478917,3.9624939235395082,no
116770.0,31.0,technician,married,secondary,yes,no,,7.0,may,Afternoon,1.0,1.0,0.0,,no,344.0,88.69427476477861,6.319371132271973,no
140082.0,54.0,admin.,married,secondary,yes,no,call,17.0,nov,morning,1.0,1.0,0.0,,no,4028.0,90.31114532279466,6.095046470119623,no
134091.0,38.0,technician,single,,no,no,call,30.0,jul,eve,4.0,4.0,0.0,,no,1923.0,104.04941100174132,3.527541359714525,no
139123.0,33.0,management,single,tertiary,no,no,call,27.0,aug,Afternoon,8.0,8.0,0.0,,no,7084.0,95.00000884055775,4.725488481846488,yes
148533.0,35.0,services,married,secondary,yes,no,call,17.0,apr,morning,1.0,1.0,0.0,,no,195.0,98.86010503915941,5.309756986053152,no
136824.0,34.0,technician,married,secondary,no,no,call,13.0,aug,Night ,5.0,5.0,0.0,,no,2959.0,106.5164303250126,6.017569397344946,no
142747.0,31.0,unemployed,single,secondary,no,no,call,20.0,nov,Night ,5.0,5.0,0.0,,no,0.0,102.84604247805844,5.148212232564361,no
122452.0,46.0,management,divorced,tertiary,yes,yes,,27.0,may,Evening,2.0,2.0,0.0,,no,-154.0,106.21012758547387,5.645407010054016,no
160514.0,60.0,management,married,tertiary,no,no,call,1.0,sep,morning,1.0,1.0,3.0,success,no,315.0,116.33024047898388,3.341286455774905,yes
122511.0,29.0,management,married,tertiary,no,no,,28.0,may,Night ,4.0,4.0,0.0,,no,,88.31039063508591,2.5087790479681265,no
131132.0,50.0,technician,divorced,secondary,no,no,call,17.0,jul,Night,4.0,4.0,0.0,,no,8016.0,122.74537665547517,6.091276030055424,no
137729.0,40.0,technician,married,secondary,yes,no,call,20.0,aug,Evening,2.0,2.0,0.0,,no,2228.0,113.09781113298132,5.36222916408311,no
126048.0,45.0,,married,primary,no,no,,11.0,jun,Night ,1.0,1.0,0.0,,no,44.0,111.76708802966245,6.220985824756895,no
119017.0,46.0,technician,married,secondary,yes,no,,14.0,may,eve,3.0,3.0,0.0,,no,1427.0,82.69910330149807,4.149286630629396,no
126199.0,44.0,blue-collar,married,secondary,no,No,,12.0,jun,morning,1.0,1.0,0.0,,no,1671.0,95.36328117441298,6.677938112050555,no
126126.0,39.0,self-employed,married,tertiary,no,no,,11.0,jun,Afternoon,4.0,4.0,0.0,,no,0.0,103.9963879592304,4.124622720324605,no
160829.0,26.0,unemployed,single,tertiary,no,no,call,6.0,oct,morning,2.0,2.0,0.0,,no,3466.0,112.04580945832132,4.489251442429085,yes
139121.0,31.0,technician,married,tertiary,yes,no,call,27.0,aug,Afternoon,2.0,2.0,0.0,,no,313.0,90.12358816038231,4.5495066489861795,no
126597.0,44.0,management,married,tertiary,no,no,,16.0,jun,Afternoon,2.0,2.0,0.0,,no,647.0,96.39433116150727,5.397323178224843,no
150298.0,50.0,blue-collar,married,primary,yes,no,call,5.0,may,Evening,3.0,3.0,0.0,,no,5872.0,105.77298593053187,2.215013084758941,yes
139713.0,46.0,management,married,tertiary,,no,call,29.0,aug,Morning,13.0,13.0,0.0,,no,1008.0,104.75488854187438,8.41876060677028,no
145737.0,58.0,retired,single,secondary,no,yes,call,4.0,feb,Afternoon,6.0,6.0,4.0,failure,no,1640.0,90.35354484291753,5.067624913143638,no
139548.0,51.0,blue-collar,married,secondary,no,no,call,28.0,aug,Morning,3.0,3.0,0.0,,no,279.0,86.9224300920978,2.3024419335951194,no
140034.0,33.0,management,single,tertiary,no,,SMS,8.0,nov,morning,1.0,1.0,0.0,,no,1956.0,103.91749966166579,7.056497427032481,no
160036.0,47.0,admin.,single,secondary,no,no,call,12.0,jul,Night,2.0,2.0,4.0,success,,3696.0,90.2045067163519,3.932857337865638,yes
145275.0,55.0,blue-collar,married,secondary,no,no,call,2.0,feb,Evening,3.0,3.0,0.0,,no,754.0,97.15099247784725,5.119479376550268,no
125641.0,35.0,management,married,tertiary,no,yes,,9.0,jun,morning,1.0,1.0,0.0,,no,2308.0,110.53630761123618,3.8591782498330294,no
158066.0,32.0,management,single,tertiary,no,no,call,9.0,nov,Night,1.0,1.0,7.0,success,no,935.0,96.95680816117452,6.388006176136723,yes
129570.0,32.0,entrepreneur,married,,yes,no,call,9.0,jul,Afternoon,1.0,1.0,0.0,,no,73.0,97.5660448415131,5.73398875771284,no
119174.0,46.0,management,married,secondary,yes,No,,15.0,may,Afternoon,1.0,1.0,0.0,,no,3714.0,116.55032010049439,4.42244815247007,no
150319.0,33.0,admin.,single,secondary,yes,no,call,5.0,may,Morning,7.0,7.0,2.0,other,,346.0,112.39841885563312,6.371222596649269,no
141756.0,49.0,admin.,married,secondary,yes,no,call,19.0,nov,Morning,1.0,1.0,0.0,,no,1697.0,99.61134488042318,6.074225483216645,no
120448.0,33.0,management,single,tertiary,yes,yes,,20.0,may,Night ,6.0,6.0,0.0,,no,136.0,,4.5001646998518305,no
135139.0,49.0,blue-collar,married,secondary,yes,no,call,6.0,aug,Evening,2.0,2.0,0.0,,no,739.0,94.33677350384258,2.4399349927485927,no
146054.0,45.0,blue-collar,married,primary,no,no,SMS,5.0,feb,Night ,6.0,6.0,0.0,,no,572.0,110.98143171799008,5.373060328352216,no
132742.0,45.0,retired,married,primary,no,yes,call,25.0,jul,eve,3.0,3.0,0.0,,no,25.0,97.64820171104245,3.5847878791902232,no
133824.0,52.0,housemaid,married,tertiary,no,no,call,30.0,jul,eve,2.0,2.0,0.0,,no,43.0,98.98302356532295,5.564603659350808,no
158768.0,47.0,housemaid,single,primary,no,no,call,4.0,feb,Evening,1.0,1.0,0.0,,,46.0,106.6971642459748,4.774739982387183,no
159768.0,22.0,services,single,secondary,no,no,SMS,7.0,jun,Night ,4.0,4.0,2.0,failure,no,361.0,119.62382804813089,4.997929746782436,no
143208.0,34.0,self-employed,married,tertiary,no,no,SMS,21.0,nov,Night,5.0,5.0,0.0,,no,13354.0,100.54500815609323,4.263430052426954,no
125082.0,48.0,entrepreneur,divorced,tertiary,no,yes,,5.0,jun,Night ,1.0,1.0,0.0,,no,275.0,103.97820584945515,6.550399101685139,no
128234.0,25.0,admin.,single,secondary,yes,no,,,jun,Night ,3.0,3.0,0.0,,no,681.0,93.2484787049997,7.13479838234977,no
156517.0,46.0,management,married,tertiary,no,no,call,4.0,aug,Night ,2.0,2.0,1.0,success,no,242.0,89.37427464721038,6.357723229155461,yes
149417.0,33.0,management,married,secondary,yes,no,call,20.0,apr,Morning,3.0,3.0,0.0,,no,-14.0,100.59355922218907,5.911406735106026,no
130968.0,32.0,management,married,secondary,yes,no,call,17.0,jul,Morning,1.0,1.0,0.0,,no,14611.0,109.9234836958502,2.714510563456711,no
140443.0,41.0,blue-collar,married,primary,yes,yes,call,17.0,nov,Evening,1.0,1.0,0.0,,no,4593.0,102.27318192386139,4.729071898988492,no
153088.0,28.0,technician,single,secondary,yes,no,call,13.0,may,Evening,1.0,1.0,2.0,failure,no,584.0,104.54387891607084,5.060460406321349,no
116505.0,53.0,blue-collar,married,secondary,yes,No,,6.0,may,Morning,1.0,1.0,0.0,,no,3397.0,98.27194490038163,2.8289818664172666,no
117249.0,43.0,blue-collar,married,primary,yes,no,,8.0,may,eve,1.0,1.0,0.0,,no,-77.0,98.60340565467267,2.344895865848723,no
139707.0,30.0,technician,married,secondary,no,no,call,29.0,aug,Morning,2.0,2.0,0.0,,no,32.0,109.10121169504117,5.195611797355859,no
126331.0,46.0,management,divorced,tertiary,no,yes,,12.0,jun,morning,2.0,2.0,0.0,,no,675.0,112.59608098474358,4.876020623908694,no
127057.0,57.0,blue-collar,married,secondary,yes,yes,,18.0,jun,Morning,8.0,8.0,0.0,,no,773.0,97.74254352367596,4.821425578513456,no
129581.0,39.0,blue-collar,married,primary,no,no,,9.0,jul,morning,6.0,6.0,0.0,,no,1742.0,96.52124000989872,3.9902939768642303,no
152078.0,40.0,admin.,single,secondary,yes,yes,call,11.0,may,Night ,2.0,2.0,0.0,,no,208.0,102.96832655287893,4.412678010833067,no
154726.0,24.0,technician,single,secondary,yes,no,call,18.0,may,eve,1.0,1.0,0.0,,no,-232.0,88.48840424089235,4.428386857826465,no
154721.0,28.0,student,single,secondary,,no,call,18.0,may,Morning,2.0,2.0,4.0,other,no,404.0,71.824330603622,5.670049863269771,no
118705.0,29.0,admin.,single,secondary,no,no,,14.0,may,morning,1.0,1.0,0.0,,no,993.0,75.95313253233967,4.0660225881550955,no
132711.0,39.0,blue-collar,married,secondary,no,yes,SMS,24.0,jul,Evening,5.0,5.0,0.0,,no,-66.0,95.69775415927069,3.127101257512483,no
155843.0,29.0,technician,married,secondary,yes,no,call,2.0,jun,Night ,1.0,1.0,2.0,failure,no,23.0,94.3256726564676,4.2989743534856535,yes
125318.0,37.0,management,married,tertiary,no,no,,6.0,jun,Night ,1.0,1.0,0.0,,no,657.0,100.09971722838566,5.212473813429459,no
140181.0,57.0,technician,married,secondary,yes,no,call,17.0,nov,Night ,1.0,1.0,0.0,,no,1469.0,101.30152195772666,6.57558360200786,no
142347.0,39.0,unemployed,single,tertiary,yes,no,call,20.0,nov,Morning,4.0,4.0,0.0,,no,7.0,99.39978375143134,4.703311838483938,yes
141106.0,49.0,management,divorced,tertiary,yes,no,email,18.0,nov,Morning,2.0,2.0,0.0,,no,0.0,86.33422321648509,4.06888117341839,no
146552.0,30.0,entrepreneur,married,tertiary,yes,no,call,6.0,feb,Night,4.0,4.0,0.0,,no,93.0,111.93738431086415,4.6342910427730315,no
124321.0,45.0,technician,married,secondary,,no,,3.0,jun,Afternoon,1.0,1.0,0.0,,no,4466.0,101.33785373019593,3.038439037325661,no
143783.0,53.0,housemaid,married,tertiary,no,no,call,28.0,jan,eve,1.0,1.0,5.0,failure,no,554.0,101.80285025637735,4.688856896009028,no
128396.0,48.0,technician,married,secondary,yes,yes,,2.0,jul,Night,2.0,2.0,0.0,,no,0.0,83.01979202270536,7.222831408148528,no
135577.0,33.0,technician,single,secondary,no,no,call,7.0,aug,Night,1.0,1.0,0.0,,no,-479.0,83.04896376576411,4.866741071666019,no
130818.0,51.0,blue-collar,divorced,primary,no,yes,call,16.0,jul,Afternoon,4.0,4.0,0.0,,no,1927.0,92.25197425582466,6.814865291783867,no
122756.0,28.0,technician,single,secondary,yes,no,,28.0,may,Night,2.0,2.0,0.0,,no,1536.0,100.92709611150542,5.861545374522433,no
149485.0,46.0,admin.,single,secondary,yes,no,call,20.0,apr,Morning,3.0,3.0,0.0,,no,596.0,96.35779609812968,5.750294017895127,no
117901.0,27.0,admin.,married,secondary,yes,yes,,9.0,may,Night ,4.0,4.0,0.0,,no,133.0,103.70435069548863,4.544281109314704,no
116039.0,48.0,unemployed,married,secondary,yes,No,,5.0,may,eve,1.0,1.0,0.0,,no,293.0,98.00114004303842,2.2674526391939174,no
158585.0,79.0,retired,married,primary,no,no,SMS,18.0,jan,eve,2.0,2.0,2.0,success,no,8556.0,99.56717160252462,7.162210529716326,yes
152071.0,31.0,services,married,secondary,yes,yes,call,11.0,may,Afternoon,3.0,3.0,1.0,other,no,2423.0,86.22499994585465,5.214061094585322,no
151058.0,28.0,admin.,married,secondary,yes,no,call,7.0,may,Afternoon,1.0,1.0,0.0,,no,0.0,101.18531821607823,4.031052606535742,no
119921.0,45.0,admin.,married,secondary,yes,no,,16.0,may,Afternoon,3.0,3.0,0.0,,no,-183.0,103.00754909268284,3.428418181460523,no
160001.0,79.0,retired,divorced,,no,No,SMS,8.0,jul,Evening,7.0,7.0,2.0,failure,no,2628.0,117.009840330256,2.424452080937517,no
118467.0,34.0,admin.,married,secondary,yes,No,,13.0,may,Night ,3.0,3.0,0.0,,,34.0,84.32498618639735,6.4899645067487635,no
126112.0,45.0,,married,,no,no,,11.0,jun,morning,9.0,9.0,0.0,,no,360.0,102.31412627325624,5.497391340235153,no
160521.0,28.0,blue-collar,single,secondary,yes,no,call,1.0,sep,Afternoon,1.0,1.0,14.0,success,no,-46.0,97.43161496230437,5.580351157835558,yes
139323.0,45.0,blue-collar,married,secondary,no,no,call,27.0,aug,morning,6.0,6.0,0.0,,no,534.0,96.24702252964977,2.651273055402817,no
129750.0,33.0,blue-collar,single,secondary,no,no,call,10.0,jul,Night ,3.0,3.0,0.0,,no,-84.0,103.57577498689731,5.670144824875711,no
125240.0,37.0,blue-collar,married,primary,no,no,,6.0,jun,Night,1.0,1.0,0.0,,no,27.0,104.69282212873159,6.283278977040975,no
116759.0,26.0,blue-collar,single,secondary,yes,no,,7.0,may,Night ,1.0,1.0,0.0,,no,24.0,103.55457949616688,5.684584176700631,no
151473.0,25.0,self-employed,single,secondary,yes,no,call,7.0,may,eve,2.0,2.0,0.0,,,933.0,110.16775787534657,5.911982390232111,no
143167.0,32.0,admin.,married,tertiary,yes,no,call,21.0,nov,Afternoon,1.0,1.0,0.0,,no,0.0,97.50769651227645,5.0919771553603566,no
122340.0,28.0,services,single,secondary,yes,no,,27.0,may,morning,2.0,2.0,0.0,,no,68.0,100.86549312726893,5.9213424573453075,no
148075.0,69.0,retired,married,secondary,no,no,SMS,15.0,apr,eve,2.0,2.0,0.0,,no,21446.0,105.73676112996674,4.083256127284742,no
139374.0,45.0,management,married,secondary,yes,no,call,28.0,aug,Night ,16.0,16.0,0.0,,no,2873.0,104.45045404292577,4.748402158153263,no
123507.0,40.0,management,married,tertiary,yes,no,,30.0,may,Night ,1.0,1.0,0.0,,no,2147.0,110.03297688591599,3.640914026237126,no
154104.0,32.0,management,single,tertiary,no,no,call,15.0,may,morning,4.0,4.0,0.0,,no,336.0,101.06520594349654,4.788259087433852,no
136951.0,33.0,technician,single,secondary,no,no,call,14.0,aug,Night ,4.0,4.0,0.0,,no,3264.0,105.37042478539976,1.1949839458000113,no
160622.0,52.0,management,married,tertiary,no,no,call,8.0,sep,Evening,1.0,1.0,4.0,failure,no,994.0,124.79300529071959,5.88520797410104,no
159498.0,38.0,management,married,tertiary,no,no,call,4.0,may,eve,1.0,1.0,2.0,success,no,238.0,114.91798795960045,3.248410149128356,no
151400.0,35.0,admin.,divorced,secondary,yes,no,call,7.0,may,Night,2.0,2.0,0.0,,no,0.0,103.8026995100957,6.730781316512939,no
123114.0,41.0,services,single,tertiary,yes,yes,,29.0,may,morning,1.0,1.0,0.0,,no,285.0,118.71022849891864,6.318537006648354,no
149080.0,51.0,blue-collar,married,primary,yes,yes,call,20.0,apr,morning,2.0,2.0,1.0,failure,no,14.0,101.14856861888342,5.031013935630663,no
139242.0,32.0,technician,single,secondary,no,no,call,27.0,aug,Evening,23.0,23.0,0.0,,no,1165.0,102.31941501331775,6.611498353715689,no
129383.0,46.0,self-employed,married,tertiary,no,no,call,9.0,jul,Evening,5.0,5.0,0.0,,no,917.0,86.11335972687277,3.6383700188172243,no
137637.0,47.0,,married,,no,no,call,19.0,aug,Night,3.0,3.0,0.0,,no,497.0,98.1383494484463,3.5865579819690874,no
140367.0,52.0,technician,married,tertiary,yes,No,call,17.0,nov,Night ,1.0,1.0,1.0,failure,no,3440.0,84.81960366571673,5.42886894934204,no
155625.0,36.0,self-employed,married,tertiary,yes,no,call,28.0,may,morning,8.0,8.0,0.0,,no,687.0,100.00280161024331,3.6998750257025774,no
148777.0,30.0,management,single,tertiary,yes,no,call,17.0,apr,eve,2.0,2.0,0.0,,no,3392.0,103.74564741863935,4.709106034107986,no
152886.0,39.0,blue-collar,married,primary,yes,no,call,13.0,may,Afternoon,5.0,5.0,6.0,failure,no,800.0,87.81446705736649,5.447377311776008,no
128880.0,37.0,blue-collar,married,,yes,No,call,7.0,jul,Afternoon,2.0,2.0,0.0,,no,897.0,87.33135511275691,3.747451488844364,no
125192.0,44.0,blue-collar,married,secondary,yes,yes,,5.0,jun,Night,3.0,3.0,0.0,,no,249.0,93.39592537752206,5.352492346319113,no
141175.0,42.0,management,single,tertiary,no,no,call,18.0,nov,morning,2.0,2.0,0.0,,no,1673.0,111.67239909681767,3.5830861907771467,no
130133.0,31.0,management,single,tertiary,yes,yes,SMS,14.0,jul,eve,2.0,2.0,0.0,,no,338.0,97.32301847094458,5.2804159336363155,no
133963.0,43.0,self-employed,divorced,primary,no,no,call,30.0,jul,morning,6.0,6.0,0.0,,no,0.0,87.95163909144615,4.189323599232286,no
137494.0,52.0,technician,married,secondary,yes,yes,call,19.0,aug,Night,4.0,4.0,0.0,,no,2095.0,85.15669708735847,5.366679420481346,no
158463.0,38.0,admin.,married,secondary,no,no,call,28.0,dec,Afternoon,2.0,2.0,2.0,failure,no,11303.0,83.75279667586526,5.514310362162922,yes
142723.0,51.0,unemployed,married,secondary,no,no,call,20.0,nov,Morning,2.0,2.0,0.0,,no,7464.0,99.97212548378378,5.616287175667909,no
122595.0,46.0,admin.,married,secondary,yes,yes,,28.0,may,Afternoon,1.0,1.0,0.0,,no,-363.0,105.70352166485709,5.311495854956754,no
153167.0,37.0,blue-collar,married,secondary,yes,no,call,13.0,may,Morning,1.0,1.0,0.0,,no,3173.0,105.51609203125003,6.693173501675104,no
154359.0,48.0,blue-collar,single,primary,yes,no,call,15.0,may,Evening,5.0,5.0,0.0,,no,244.0,97.98606165057124,5.1359277332659135,no
159221.0,25.0,blue-collar,single,secondary,no,no,call,18.0,mar,eve,1.0,1.0,0.0,,no,303.0,94.586721933407,4.102869838610718,yes
146594.0,27.0,services,,secondary,no,no,call,6.0,feb,Night ,3.0,3.0,0.0,,no,795.0,76.25411295094578,4.402016392812923,no
155556.0,27.0,management,single,tertiary,no,no,call,27.0,may,Night ,2.0,2.0,0.0,,no,80.0,87.58212298300408,4.628383010357921,no
120169.0,31.0,blue-collar,single,secondary,yes,No,,19.0,may,Night ,5.0,5.0,0.0,,no,19.0,114.08968057243722,5.21706569493245,no
130220.0,48.0,retired,married,secondary,no,no,email,14.0,jul,eve,2.0,2.0,0.0,,no,67.0,94.44397777448367,2.068459118078272,no
117913.0,32.0,blue-collar,single,primary,,No,,9.0,may,morning,4.0,4.0,0.0,,no,12.0,91.50387172082468,6.137451370419977,no
122417.0,39.0,technician,married,primary,yes,No,,27.0,may,eve,2.0,2.0,0.0,,no,169.0,104.34989569703649,4.760848671575534,no
155835.0,30.0,management,married,tertiary,no,no,call,2.0,jun,eve,2.0,2.0,0.0,,no,942.0,83.97793917467752,8.110224436743371,no
122850.0,26.0,blue-collar,married,secondary,yes,no,,28.0,may,Morning,3.0,3.0,0.0,,no,-284.0,113.33865611773365,6.055094081526164,no
160671.0,67.0,retired,married,,no,no,SMS,14.0,sep,morning,3.0,3.0,9.0,success,no,2540.0,113.032218103748,4.708286618605504,yes
139959.0,31.0,blue-collar,married,primary,yes,no,,21.0,oct,Night ,1.0,1.0,0.0,,no,7424.0,97.58778744322936,5.712341003545142,no
157893.0,80.0,retired,married,secondary,no,no,SMS,27.0,oct,morning,2.0,2.0,0.0,,no,87.0,94.38742102692929,4.981510326532513,no
159414.0,64.0,retired,divorced,secondary,no,no,call,22.0,apr,Morning,2.0,2.0,1.0,failure,no,4833.0,81.26047394760643,6.5948176632665625,no
123734.0,38.0,management,married,tertiary,no,no,,30.0,may,Morning,3.0,3.0,0.0,,no,49.0,94.55020320202273,4.2328531268651695,no
136415.0,33.0,technician,married,secondary,no,No,call,12.0,aug,eve,4.0,4.0,0.0,,no,3243.0,117.14510257212348,3.7984473905861043,yes
141853.0,57.0,blue-collar,single,primary,no,yes,call,19.0,nov,Evening,3.0,3.0,0.0,,no,3495.0,79.03713824717664,4.097160396026405,no
120208.0,49.0,management,single,tertiary,no,no,,19.0,may,Night,2.0,2.0,0.0,,no,580.0,103.0679421730039,5.50591410657741,no
148827.0,28.0,services,single,secondary,yes,yes,call,17.0,apr,Evening,2.0,2.0,0.0,,no,230.0,97.52623701329237,5.0046973346816666,no
136798.0,47.0,housemaid,married,secondary,no,no,call,,aug,Morning,1.0,1.0,0.0,,no,582.0,114.6501155693148,5.238473950994702,no
120977.0,30.0,services,single,secondary,yes,no,,21.0,may,Afternoon,2.0,2.0,0.0,,no,-838.0,95.9158854968527,4.424158191076399,no
120183.0,36.0,blue-collar,married,primary,yes,yes,,19.0,may,Evening,2.0,2.0,0.0,,no,2079.0,83.51888233494047,5.616784329335692,no
122772.0,53.0,management,married,tertiary,yes,no,,28.0,may,Afternoon,2.0,2.0,0.0,,no,490.0,102.45197896327655,3.6288691168707796,no
148214.0,33.0,management,married,tertiary,yes,yes,call,16.0,apr,Evening,2.0,2.0,1.0,failure,no,2441.0,107.58559503983825,5.404916640126689,no
136706.0,58.0,retired,married,tertiary,no,No,call,13.0,aug,Evening,4.0,4.0,0.0,,no,0.0,108.52508693044402,5.784060410485796,yes
155911.0,57.0,retired,married,secondary,no,no,call,3.0,jun,Afternoon,1.0,1.0,0.0,,no,5313.0,106.32415715508172,4.1758902712269,yes
128060.0,46.0,blue-collar,married,secondary,no,no,,20.0,jun,morning,5.0,5.0,0.0,,no,2944.0,107.25792104719311,5.127411619992411,no
157246.0,45.0,management,married,tertiary,yes,yes,SMS,31.0,aug,Afternoon,2.0,2.0,1.0,success,no,4119.0,102.6546701475044,0.8124961314770998,yes
135481.0,53.0,blue-collar,married,primary,yes,yes,call,7.0,aug,Evening,2.0,2.0,0.0,,no,787.0,89.4641764457221,2.2537775915513083,no
139152.0,56.0,blue-collar,married,secondary,no,yes,email,27.0,aug,Afternoon,16.0,16.0,0.0,,no,297.0,99.63176526718297,3.3326229113753607,no
143675.0,26.0,services,married,secondary,no,no,call,28.0,jan,Evening,1.0,1.0,0.0,,no,285.0,95.20368703635582,2.9586640655583265,no
135447.0,36.0,management,married,tertiary,yes,no,call,7.0,aug,Night,2.0,2.0,0.0,,no,1318.0,118.29574419736265,4.852617076729108,no
126929.0,39.0,blue-collar,married,primary,no,no,,,jun,eve,16.0,16.0,0.0,,no,1551.0,,4.609961067014658,no
138402.0,36.0,technician,single,secondary,yes,no,call,22.0,aug,Evening,4.0,4.0,0.0,,no,159.0,114.3921613417726,4.07417860172263,no
135193.0,34.0,housemaid,married,secondary,no,no,call,6.0,aug,eve,2.0,2.0,0.0,,no,265.0,90.48710572072453,4.105316934725752,no
156133.0,22.0,student,single,,no,no,SMS,15.0,jun,Afternoon,4.0,4.0,0.0,,no,1.0,120.78143549997768,8.1221645762672,no
129196.0,36.0,management,married,tertiary,yes,no,call,8.0,jul,eve,2.0,2.0,0.0,,no,2309.0,100.07258694977777,4.964142069661551,no
118482.0,54.0,services,married,secondary,yes,no,,13.0,may,Morning,1.0,1.0,0.0,,no,88.0,92.23021544228091,6.177080651181485,no
118899.0,30.0,blue-collar,married,secondary,yes,no,,14.0,may,Evening,1.0,1.0,0.0,,no,128.0,107.93174520316266,3.2622658225924632,no
119003.0,23.0,blue-collar,single,secondary,yes,no,,14.0,may,Night,3.0,3.0,0.0,,no,-95.0,106.78623823099856,4.919600596942673,no
121026.0,32.0,blue-collar,married,secondary,yes,no,,21.0,may,Evening,2.0,2.0,0.0,,no,43.0,73.04974069474645,1.9398260810902754,no
140029.0,30.0,management,single,tertiary,yes,no,call,6.0,nov,Evening,1.0,1.0,0.0,,no,12857.0,89.47158411127678,4.861711317409021,yes
150800.0,27.0,admin.,married,secondary,yes,no,call,6.0,may,Morning,1.0,1.0,0.0,,no,0.0,124.37121996497353,4.401780277771081,yes
134965.0,32.0,management,married,tertiary,no,No,call,5.0,aug,morning,1.0,1.0,0.0,,no,1028.0,92.55101324304772,4.725567849852968,no
119718.0,25.0,services,single,secondary,yes,no,,16.0,may,Night ,1.0,1.0,0.0,,no,32.0,108.45439281763102,6.316755406992337,no
129828.0,54.0,technician,married,secondary,no,yes,call,10.0,jul,Afternoon,1.0,1.0,0.0,,no,-315.0,107.11915187229815,5.635302412157241,yes
151603.0,54.0,entrepreneur,married,,yes,no,call,8.0,may,morning,1.0,1.0,1.0,failure,no,19.0,115.52948944609875,5.587684922349025,no
158574.0,38.0,services,married,secondary,no,no,call,15.0,jan,Evening,3.0,3.0,0.0,,no,282.0,99.73383509451841,3.6526867191076127,no
116325.0,40.0,blue-collar,married,primary,yes,no,,6.0,may,Evening,1.0,1.0,0.0,,no,,125.68278670363475,3.327969341841163,no
156909.0,35.0,admin.,single,tertiary,no,no,call,13.0,aug,Night,2.0,2.0,0.0,,no,4233.0,91.40447571836407,6.230657913484011,no
119060.0,36.0,blue-collar,married,secondary,yes,yes,,14.0,may,eve,3.0,3.0,0.0,,no,-406.0,80.37882271613279,4.593130720436631,no
132314.0,40.0,management,married,tertiary,yes,yes,call,23.0,jul,Morning,1.0,1.0,0.0,,no,2471.0,114.99764390067959,3.757674509148573,no
152800.0,37.0,technician,married,secondary,yes,no,call,12.0,may,Night ,4.0,4.0,2.0,other,no,64.0,95.49613016185602,6.860119052142674,no
147724.0,35.0,management,married,tertiary,yes,No,call,8.0,apr,Afternoon,1.0,1.0,2.0,failure,no,24.0,96.53460405526795,5.684499673526682,no
155176.0,24.0,blue-collar,single,secondary,yes,no,call,18.0,may,Night ,3.0,3.0,4.0,other,no,-398.0,102.26850394632612,4.349146543120162,no
131346.0,30.0,technician,single,secondary,yes,no,call,18.0,jul,eve,5.0,5.0,0.0,,no,53.0,93.20881373980451,2.835037720227152,no
157176.0,36.0,services,married,secondary,yes,no,SMS,26.0,aug,Morning,3.0,3.0,4.0,failure,no,3064.0,102.72755976225604,3.2451651439021734,no
125066.0,45.0,blue-collar,single,secondary,no,no,,5.0,jun,eve,1.0,1.0,0.0,,no,143.0,92.32768616122826,5.548496431127548,no
140191.0,50.0,management,married,secondary,no,yes,email,17.0,nov,Afternoon,1.0,1.0,6.0,failure,no,633.0,115.62216976631173,5.130315770830839,no
116235.0,50.0,blue-collar,married,primary,yes,no,,5.0,may,Evening,2.0,2.0,0.0,,no,1533.0,98.84098150477034,6.186182496511906,no
127793.0,45.0,admin.,married,,no,no,,20.0,jun,Morning,5.0,5.0,0.0,,no,1557.0,72.97711232633606,8.109630665819848,no
123200.0,35.0,blue-collar,married,secondary,yes,no,,29.0,may,Afternoon,1.0,1.0,0.0,,no,5310.0,96.70831837795777,2.7947297729200273,no
126661.0,35.0,management,single,tertiary,no,no,,17.0,jun,Night ,2.0,2.0,0.0,,no,1374.0,100.75465105067325,5.561052343330484,no
148475.0,24.0,blue-collar,single,secondary,yes,no,call,17.0,apr,Evening,5.0,5.0,0.0,,no,578.0,89.21137556581168,6.255122553471724,no
122254.0,36.0,admin.,married,secondary,yes,no,,27.0,may,Evening,1.0,1.0,0.0,,no,234.0,80.00550088996518,2.3691358652866867,no
132783.0,25.0,services,married,secondary,yes,yes,call,25.0,jul,Afternoon,1.0,1.0,0.0,,no,-282.0,90.09502029748604,3.3499598362478333,no
116424.0,42.0,services,single,secondary,yes,no,,6.0,may,Night ,1.0,1.0,0.0,,no,518.0,105.63452882687741,2.8445154640830106,no
123572.0,35.0,blue-collar,married,primary,yes,no,,30.0,may,Afternoon,3.0,3.0,0.0,,no,2205.0,90.04523408075362,5.225732000776846,no
150142.0,28.0,student,single,secondary,no,no,email,4.0,may,morning,6.0,6.0,0.0,,no,891.0,97.33287352717484,7.182417461166351,no
146065.0,43.0,management,single,secondary,yes,no,call,5.0,feb,Evening,3.0,3.0,0.0,,no,1063.0,106.85565801942782,5.786852121235435,no
156089.0,50.0,housemaid,married,secondary,no,no,call,8.0,jun,eve,2.0,2.0,2.0,success,no,388.0,112.33855478069451,5.10232073507064,no
140369.0,56.0,management,married,primary,no,no,call,17.0,nov,Morning,1.0,1.0,0.0,,no,13.0,83.6469339497546,3.529979221599149,no
138369.0,33.0,management,single,tertiary,no,No,call,22.0,aug,morning,4.0,4.0,0.0,,no,112.0,98.26348177850673,4.317544198556662,no
144297.0,57.0,admin.,married,,no,No,call,29.0,jan,Morning,1.0,1.0,0.0,,no,596.0,96.12455802162634,5.910587961368385,no
116600.0,47.0,technician,married,secondary,yes,no,,6.0,may,Afternoon,2.0,2.0,0.0,,no,503.0,86.11000700811002,3.0304050890061953,no
122677.0,24.0,services,single,secondary,yes,yes,,28.0,may,Evening,1.0,1.0,0.0,,no,53.0,85.55103266010467,2.8943020889939337,no
133047.0,35.0,technician,single,tertiary,yes,no,call,28.0,jul,Morning,18.0,18.0,0.0,,no,670.0,104.29350673889223,4.407090987952296,no
158444.0,59.0,management,married,tertiary,no,no,call,24.0,dec,Night,1.0,1.0,2.0,failure,no,2764.0,113.29238628012563,5.352929727072491,no
149324.0,,student,single,secondary,no,no,SMS,20.0,apr,Evening,1.0,1.0,0.0,,no,162.0,118.25699287060225,4.384627112689358,no
126979.0,51.0,technician,married,secondary,no,no,,18.0,jun,Afternoon,4.0,4.0,0.0,,no,1123.0,76.70660526121367,4.619228674256001,no
120637.0,38.0,unemployed,married,secondary,yes,no,,20.0,may,eve,2.0,2.0,0.0,,no,565.0,92.4286258555128,4.463211677840445,no
147501.0,37.0,management,married,primary,yes,no,call,6.0,apr,Evening,2.0,2.0,1.0,failure,no,3953.0,85.90096674081563,4.9318747467661055,no
138780.0,31.0,technician,single,tertiary,no,no,call,25.0,aug,Evening,3.0,3.0,0.0,,no,23.0,96.80655680481546,5.729102208734761,no
159588.0,77.0,retired,married,primary,no,no,call,13.0,may,Night,1.0,1.0,5.0,success,no,3324.0,108.39859572096034,5.3883611066489125,yes
142869.0,33.0,management,single,tertiary,yes,no,call,21.0,nov,Night ,1.0,1.0,0.0,,no,3406.0,91.8126984569935,8.048217895084885,no
159262.0,30.0,self-employed,single,tertiary,no,no,call,29.0,mar,Morning,2.0,2.0,2.0,success,no,916.0,86.84363634063796,7.980783312537746,yes
118354.0,36.0,admin.,divorced,secondary,yes,no,,13.0,may,Morning,2.0,2.0,0.0,,no,,,4.833105066983469,no
155688.0,37.0,management,married,tertiary,no,No,call,1.0,jun,morning,1.0,1.0,1.0,success,no,1352.0,79.58387284787946,5.547204595224731,no
142659.0,54.0,blue-collar,divorced,primary,yes,no,call,20.0,nov,Evening,2.0,2.0,2.0,other,no,10374.0,92.18647678384319,6.70774426454787,no
140202.0,51.0,admin.,married,secondary,yes,no,call,17.0,nov,Afternoon,1.0,1.0,0.0,,no,113.0,91.15699524385037,7.3103479023574,no
134167.0,41.0,management,,secondary,no,no,call,31.0,jul,morning,18.0,18.0,0.0,,no,1138.0,83.6462865074831,7.421255721504927,no
121612.0,31.0,management,divorced,tertiary,yes,no,,26.0,may,morning,1.0,1.0,0.0,,no,895.0,96.63117708613758,5.469018789786418,no
143893.0,46.0,technician,divorced,tertiary,no,no,call,28.0,jan,Night ,2.0,2.0,0.0,,no,0.0,94.42612034470376,4.609002787294179,yes
128489.0,30.0,services,single,tertiary,no,no,,4.0,jul,eve,1.0,1.0,0.0,,no,0.0,101.55325944434794,6.265683595583914,no
146527.0,44.0,blue-collar,married,secondary,yes,no,call,6.0,feb,Night ,1.0,1.0,0.0,,no,837.0,102.40812648912329,4.1991577044994965,no
156798.0,33.0,student,married,tertiary,yes,no,call,12.0,aug,Night ,1.0,1.0,0.0,,no,476.0,102.79729640308464,3.5948188483918693,no
142664.0,47.0,unemployed,married,secondary,yes,no,call,20.0,nov,Evening,1.0,1.0,2.0,failure,no,3533.0,99.70121607895976,4.426934214028484,no
125484.0,,blue-collar,married,primary,yes,yes,,6.0,jun,Evening,1.0,1.0,0.0,,no,-204.0,96.4865114149295,6.228016653041495,no
152457.0,48.0,blue-collar,divorced,primary,yes,no,call,12.0,may,Afternoon,1.0,1.0,0.0,,no,-110.0,102.81555117122005,5.779423519665773,no
146368.0,48.0,blue-collar,married,secondary,,no,call,5.0,feb,Night,2.0,2.0,2.0,other,no,750.0,96.43377048161851,6.069994298648794,no
140612.0,43.0,blue-collar,married,primary,yes,No,call,17.0,nov,Night,2.0,2.0,0.0,,no,197.0,105.14160114915579,5.257953729039346,no
135638.0,48.0,admin.,married,secondary,no,no,call,8.0,aug,Night,6.0,6.0,0.0,,no,2.0,88.33245708079508,4.363368386660913,no
133933.0,46.0,technician,divorced,secondary,yes,yes,call,30.0,jul,eve,3.0,3.0,0.0,,no,2862.0,101.35761569667929,2.704687208961918,no
132392.0,33.0,technician,married,secondary,yes,no,call,23.0,jul,Morning,3.0,3.0,0.0,,no,844.0,115.96865889566274,5.23326883784779,no
154476.0,33.0,management,married,tertiary,yes,no,call,,may,eve,2.0,2.0,0.0,,no,3301.0,80.40034736056268,7.312692748962302,no
149849.0,36.0,technician,married,secondary,yes,no,call,30.0,apr,Afternoon,1.0,1.0,1.0,failure,no,24.0,91.71893924968589,5.034305002811416,no
144192.0,34.0,admin.,single,secondary,yes,no,call,29.0,jan,Night,1.0,1.0,0.0,,no,718.0,90.06048420918177,2.8365006265520853,no
147408.0,36.0,technician,married,secondary,no,no,call,2.0,apr,Evening,1.0,1.0,0.0,,no,0.0,99.0808334891349,5.911704834293407,no
131206.0,41.0,management,married,tertiary,yes,no,call,18.0,jul,Night ,1.0,1.0,0.0,,no,397.0,99.77471146320403,6.693171130360668,no
135267.0,43.0,entrepreneur,married,secondary,yes,no,call,6.0,aug,eve,4.0,4.0,0.0,,no,1109.0,104.94959381336831,2.760053121202066,no
128135.0,41.0,services,single,secondary,no,no,,20.0,jun,eve,2.0,2.0,0.0,,no,0.0,103.83618971955606,5.848749190460245,no
159981.0,37.0,technician,married,secondary,yes,no,call,6.0,jul,Evening,3.0,3.0,55.0,failure,no,432.0,100.85583754012453,2.583185238526011,yes
148310.0,41.0,blue-collar,married,primary,yes,no,call,16.0,apr,eve,3.0,3.0,2.0,failure,no,,95.680003458169,4.653633855843875,no
135944.0,43.0,management,married,tertiary,yes,yes,call,8.0,aug,Afternoon,2.0,2.0,0.0,,no,2759.0,94.19557041127347,5.420923963432245,no
159725.0,33.0,management,married,tertiary,yes,No,call,31.0,may,eve,1.0,1.0,3.0,failure,no,1388.0,97.00459566191128,3.169885004553285,no
142669.0,55.0,entrepreneur,married,tertiary,yes,yes,call,20.0,,Night,2.0,2.0,3.0,other,no,3459.0,90.89625304146537,5.156039004853352,no
116055.0,40.0,blue-collar,married,secondary,yes,no,,5.0,may,Afternoon,5.0,5.0,0.0,,no,1225.0,104.06647671080978,5.045007675657722,no
155620.0,23.0,student,single,,no,no,call,28.0,may,Night ,7.0,7.0,0.0,,no,565.0,103.37299077455681,7.206865442524794,no
119688.0,32.0,blue-collar,single,secondary,yes,No,,16.0,may,Night ,1.0,1.0,0.0,,no,8.0,104.11169572868644,4.232808605197377,no
135559.0,56.0,retired,married,secondary,no,no,call,7.0,aug,eve,1.0,1.0,0.0,,no,255.0,107.19850588935473,2.220318530182972,no
117549.0,26.0,blue-collar,single,secondary,yes,no,,9.0,may,Evening,1.0,1.0,0.0,,no,100.0,94.19646358419598,5.284731362680192,no
128050.0,42.0,technician,divorced,tertiary,yes,no,,20.0,jun,morning,7.0,7.0,0.0,,no,21.0,97.31374617022168,5.191425222860357,no
127900.0,39.0,housemaid,married,,no,no,,20.0,jun,morning,2.0,2.0,0.0,,no,9716.0,115.64979571081207,3.2976773306380673,no
137566.0,45.0,management,single,secondary,yes,no,call,19.0,aug,Night,2.0,2.0,0.0,,no,451.0,102.53140201809474,5.640845559899483,no
142166.0,33.0,technician,married,tertiary,yes,no,call,20.0,nov,Morning,1.0,1.0,0.0,,no,15169.0,85.45499275092064,3.5731430367226205,no
137438.0,40.0,technician,married,tertiary,yes,yes,call,19.0,aug,Evening,2.0,2.0,0.0,,no,1063.0,93.11402278905945,6.005728170944837,no
136531.0,30.0,management,single,tertiary,no,no,call,12.0,aug,Evening,5.0,5.0,0.0,,no,9634.0,98.36052725878362,6.299093692250853,no
148469.0,33.0,services,married,secondary,yes,no,call,17.0,apr,Evening,1.0,1.0,0.0,,no,288.0,93.52258151063887,3.984539426493919,no
151716.0,42.0,admin.,married,secondary,yes,no,call,8.0,may,Night ,1.0,1.0,1.0,failure,no,3279.0,115.58780988239147,4.1953164334795705,no
158414.0,30.0,technician,married,tertiary,no,no,call,18.0,dec,eve,6.0,6.0,0.0,,no,1307.0,98.52965799480839,6.206730198249923,no
126472.0,59.0,retired,married,primary,no,no,,16.0,jun,Night,1.0,1.0,0.0,,no,2722.0,110.8361912683806,4.830463548898984,no
151852.0,51.0,management,married,tertiary,yes,no,call,8.0,may,morning,2.0,2.0,0.0,,no,257.0,107.18496817151957,6.527303377295466,no
156168.0,35.0,self-employed,,tertiary,no,no,call,15.0,jun,Night ,1.0,1.0,0.0,,no,71.0,100.10152772925221,2.515659514226388,yes
132091.0,37.0,admin.,married,secondary,yes,no,SMS,22.0,jul,eve,11.0,11.0,0.0,,no,1110.0,76.72191104751867,4.667443696054445,yes
150646.0,34.0,technician,single,secondary,yes,no,call,6.0,may,morning,1.0,1.0,0.0,,no,22.0,91.11279669756806,3.661791672163571,no
125152.0,35.0,admin.,single,secondary,yes,no,,5.0,jun,Evening,2.0,2.0,0.0,,no,2452.0,92.9711734461032,4.910544329813745,no
159300.0,19.0,student,single,secondary,no,No,call,5.0,apr,Afternoon,3.0,3.0,0.0,,no,394.0,92.68751584501383,3.3365853513255157,yes
138637.0,35.0,management,divorced,tertiary,no,no,call,25.0,aug,Morning,4.0,4.0,0.0,,no,29.0,92.31483891543722,4.094899938443314,no
154458.0,24.0,blue-collar,divorced,secondary,yes,no,call,15.0,may,Night ,3.0,3.0,0.0,,no,513.0,93.74713135574798,3.1812924609502256,no
157749.0,33.0,management,single,tertiary,no,No,call,16.0,oct,Night ,1.0,1.0,1.0,failure,no,8514.0,104.91852240391401,4.861083857263012,no
118543.0,58.0,blue-collar,married,primary,yes,no,,13.0,may,Night ,2.0,2.0,0.0,,no,1357.0,80.0502160953601,5.176990922799616,no
140931.0,32.0,management,single,tertiary,yes,yes,call,18.0,nov,Afternoon,1.0,1.0,0.0,,no,135.0,113.31027479506389,5.523335128445633,no
131921.0,45.0,admin.,married,secondary,no,no,call,22.0,jul,Evening,2.0,2.0,0.0,,no,0.0,102.58372609536255,3.0347637594054535,no
121399.0,34.0,blue-collar,married,primary,yes,no,,23.0,may,morning,17.0,17.0,0.0,,no,157.0,88.65050469723025,6.21554007832958,no
133421.0,36.0,admin.,married,secondary,yes,no,call,29.0,jul,morning,8.0,8.0,0.0,,no,-323.0,88.6459874229619,4.837654245659698,no
125301.0,41.0,entrepreneur,married,primary,no,no,,6.0,jun,Night,1.0,1.0,0.0,,no,406.0,98.63966036676183,4.566601546437752,no
150567.0,19.0,student,single,secondary,no,no,SMS,5.0,may,Afternoon,5.0,5.0,0.0,,no,291.0,113.90778692648993,5.558235848702817,no
150196.0,37.0,blue-collar,married,primary,yes,no,call,4.0,may,Afternoon,3.0,3.0,0.0,,no,2939.0,114.76739967403702,3.176777699010238,no
124270.0,32.0,services,married,secondary,yes,no,,3.0,jun,morning,1.0,1.0,0.0,,yes,-790.0,94.94207234486791,5.294208076038963,no
121539.0,41.0,management,divorced,secondary,yes,no,,26.0,may,eve,3.0,3.0,0.0,,no,71.0,80.39824052515942,4.616832862135226,no
136784.0,30.0,management,married,tertiary,no,no,call,13.0,aug,Morning,1.0,1.0,0.0,,no,388.0,107.85499558096366,6.3192680653654545,no
147579.0,,blue-collar,single,secondary,yes,no,call,7.0,apr,Morning,1.0,1.0,3.0,failure,no,3508.0,76.35878258568422,2.1428660909932016,no
146335.0,42.0,technician,married,secondary,yes,no,call,5.0,feb,Night,1.0,1.0,2.0,failure,no,315.0,98.13197451067596,8.558336396985688,no
137555.0,57.0,technician,divorced,tertiary,no,no,call,19.0,aug,Afternoon,2.0,2.0,0.0,,no,114.0,87.7510049532996,5.782242798569138,no
132786.0,35.0,services,single,secondary,yes,No,call,25.0,jul,eve,1.0,1.0,0.0,,no,11.0,93.01167258230576,3.5521452641067004,no
125089.0,40.0,management,single,secondary,no,no,,5.0,jun,eve,1.0,1.0,0.0,,no,269.0,101.65177976675044,3.0437154159793107,no
132792.0,37.0,services,married,secondary,no,yes,call,25.0,jul,Morning,1.0,1.0,0.0,,no,775.0,104.52227901432147,3.804809430363905,yes
158025.0,36.0,self-employed,married,tertiary,no,No,call,3.0,nov,Afternoon,1.0,1.0,2.0,failure,no,506.0,104.45376143111461,3.54020769388134,yes
130758.0,48.0,self-employed,divorced,tertiary,yes,No,call,16.0,jul,eve,2.0,2.0,0.0,,no,41.0,97.7051107499025,4.317028190833428,no
123516.0,37.0,management,divorced,tertiary,yes,no,,30.0,may,Evening,1.0,1.0,0.0,,no,241.0,97.49255325478217,4.86046295979198,no
144286.0,43.0,services,single,secondary,no,yes,call,29.0,jan,Afternoon,1.0,1.0,0.0,,no,620.0,111.17335565694557,4.432917436754566,no
147856.0,39.0,services,divorced,secondary,yes,no,call,13.0,apr,morning,2.0,2.0,0.0,,no,0.0,102.57561182891168,4.709301407608096,yes
152332.0,44.0,blue-collar,married,primary,yes,no,call,11.0,may,Evening,2.0,2.0,1.0,failure,no,953.0,110.98626124543662,6.400295118862292,no
141951.0,33.0,services,single,secondary,yes,no,call,19.0,nov,Evening,2.0,2.0,0.0,,no,3910.0,108.56053820973021,5.922406989653986,no
134485.0,44.0,,married,,no,no,email,31.0,jul,Night,6.0,6.0,0.0,,no,1317.0,90.43015882234324,5.708724441399699,no
122851.0,31.0,management,single,tertiary,yes,no,,28.0,may,Evening,14.0,14.0,0.0,,no,305.0,97.64077390594205,3.9913589082600214,no
149687.0,28.0,unemployed,single,primary,no,no,call,23.0,apr,Morning,4.0,4.0,0.0,,no,,92.73533356543432,6.475182647402162,yes
138360.0,52.0,management,married,tertiary,no,no,call,22.0,aug,Morning,2.0,2.0,0.0,,no,0.0,113.09721985059208,5.280887665168955,no
122788.0,50.0,admin.,single,secondary,,no,,28.0,may,morning,1.0,1.0,0.0,,no,330.0,103.56830627286008,4.5769631602448895,no
124373.0,38.0,technician,married,secondary,yes,no,,3.0,jun,Afternoon,4.0,4.0,0.0,,no,27.0,103.93429606551734,3.2137867525039874,no
144645.0,31.0,services,single,secondary,no,no,call,30.0,jan,Night ,1.0,1.0,0.0,,,887.0,91.79227565506584,5.318259631687235,no
130552.0,41.0,admin.,married,tertiary,yes,no,call,15.0,jul,Evening,5.0,5.0,0.0,,no,226.0,98.52049293755213,6.890490898265211,no
149106.0,23.0,technician,married,secondary,yes,no,call,20.0,apr,Afternoon,1.0,1.0,0.0,,no,4.0,,3.3522975111961526,no
127161.0,47.0,,married,,no,no,,18.0,jun,Evening,2.0,2.0,0.0,,no,1880.0,116.77415339903213,4.934946998109563,no
138653.0,30.0,management,married,tertiary,no,no,call,25.0,aug,Afternoon,2.0,2.0,0.0,,no,604.0,85.3218060433224,5.07143772355477,no
121881.0,33.0,management,single,secondary,yes,no,,26.0,may,Morning,2.0,2.0,0.0,,no,0.0,97.69252319883083,2.3610967983412676,no
124198.0,58.0,retired,married,secondary,yes,no,,2.0,jun,morning,3.0,3.0,0.0,,no,1604.0,83.50820115597676,5.816544176287669,no
128082.0,30.0,admin.,married,secondary,no,No,,20.0,jun,Evening,2.0,2.0,0.0,,no,4.0,94.56899041698833,6.371339262738918,no
120912.0,31.0,services,single,secondary,yes,no,,21.0,may,Evening,2.0,2.0,0.0,,no,481.0,110.25330638623333,8.528255423806382,no
134210.0,39.0,services,divorced,secondary,no,no,call,31.0,jul,Night,2.0,2.0,0.0,,no,42.0,102.35688270976688,4.073164441745881,no
141577.0,53.0,retired,married,tertiary,no,no,call,19.0,nov,Night ,2.0,2.0,0.0,,no,1778.0,95.91439570304298,6.028584732235306,no
122164.0,46.0,technician,married,secondary,yes,no,,27.0,may,Night,1.0,1.0,0.0,,no,-337.0,105.02487029122263,7.068107200561605,no
153685.0,29.0,admin.,married,secondary,yes,yes,call,14.0,may,eve,1.0,1.0,0.0,,no,1761.0,105.54900659109582,6.85293923203007,no
142732.0,51.0,admin.,married,secondary,yes,no,call,20.0,nov,Night ,4.0,4.0,1.0,failure,no,4178.0,111.15539657405643,6.486601529057977,no
131485.0,34.0,admin.,married,secondary,yes,no,call,21.0,jul,Night ,4.0,4.0,0.0,,no,-45.0,92.26132327960488,5.515310937882457,no
159529.0,18.0,student,single,,no,no,call,5.0,may,Night ,4.0,4.0,0.0,,no,348.0,109.34757352499199,4.2359665417202335,yes
132558.0,26.0,entrepreneur,single,secondary,yes,no,call,,jul,Night,1.0,1.0,0.0,,no,87.0,104.65373118355139,4.625073398747736,no
142063.0,57.0,unemployed,divorced,secondary,no,no,call,20.0,nov,morning,3.0,3.0,0.0,,no,3.0,114.60676737437714,8.044259382433857,no
123175.0,36.0,management,single,tertiary,yes,no,,29.0,may,Evening,1.0,1.0,0.0,,no,6450.0,105.47397001543706,5.347185397206751,no
124790.0,37.0,blue-collar,married,secondary,yes,no,,4.0,jun,Night ,9.0,9.0,0.0,,no,6.0,89.63924905299311,4.5478262211447635,no
123816.0,36.0,blue-collar,married,secondary,yes,no,,30.0,may,eve,5.0,5.0,0.0,,no,71.0,96.75610703488324,6.011501033227608,no
126104.0,56.0,retired,married,primary,no,no,,11.0,jun,Night ,2.0,2.0,0.0,,no,0.0,98.05942420990664,6.5356081601597085,no
154594.0,33.0,blue-collar,single,primary,yes,no,call,15.0,may,morning,10.0,10.0,16.0,other,no,-104.0,109.44787621275601,4.600797724426645,no
129168.0,35.0,services,married,secondary,no,yes,call,8.0,jul,Night ,2.0,2.0,0.0,,no,629.0,87.22570444806907,4.13719998065056,no
143241.0,40.0,management,married,secondary,yes,no,call,21.0,nov,Night,1.0,1.0,2.0,other,no,9047.0,93.76534311623638,5.656038655165538,no
123669.0,44.0,blue-collar,married,secondary,yes,no,,30.0,may,Night ,1.0,1.0,0.0,,no,3224.0,94.26321056744284,6.141104307399191,no
154640.0,51.0,technician,married,secondary,yes,No,call,18.0,may,morning,4.0,4.0,0.0,,no,614.0,113.61667728215275,7.2867420614768745,no
126375.0,44.0,admin.,married,secondary,no,yes,,16.0,jun,eve,3.0,3.0,0.0,,no,32.0,100.55669972591903,6.028815293650329,no
126339.0,59.0,retired,married,primary,no,yes,,12.0,jun,Afternoon,8.0,8.0,0.0,,no,4949.0,92.705646291176,4.812830315235686,no
137461.0,57.0,housemaid,married,primary,no,No,call,19.0,aug,Night ,4.0,4.0,0.0,,no,1183.0,96.87606404855617,3.7447989195591322,no
157009.0,58.0,management,married,tertiary,no,no,call,17.0,aug,Night,1.0,1.0,1.0,other,no,1394.0,91.72805196830375,6.877592108848945,no
144983.0,32.0,services,single,secondary,no,no,call,2.0,feb,eve,1.0,1.0,0.0,,no,6857.0,94.96491363968472,5.873710873230458,no
122837.0,39.0,services,married,secondary,yes,no,,28.0,may,Night,10.0,10.0,0.0,,no,695.0,95.257673060603,3.2517756713118557,no
138196.0,31.0,technician,single,tertiary,no,no,call,21.0,aug,morning,1.0,1.0,0.0,,no,50.0,108.90104569788626,3.089290505353497,no
123476.0,35.0,blue-collar,divorced,secondary,yes,no,,30.0,may,morning,1.0,1.0,0.0,,no,52.0,101.82285529767287,5.775697324668935,no
140715.0,38.0,entrepreneur,divorced,secondary,no,no,call,18.0,nov,Night ,2.0,2.0,0.0,,no,36.0,105.92691561100986,3.5712282907654314,no
160165.0,30.0,student,single,tertiary,no,,call,23.0,jul,Night,1.0,1.0,1.0,failure,no,3026.0,86.91427298292348,1.6065772278038066,yes
158808.0,27.0,management,single,secondary,,no,call,5.0,feb,eve,3.0,3.0,0.0,,no,145.0,106.87601592839926,7.004666784040237,no
143973.0,28.0,management,single,tertiary,no,no,email,28.0,jan,Morning,4.0,4.0,0.0,,no,95.0,107.97741424348315,5.185111300945851,no
150112.0,33.0,technician,single,tertiary,yes,no,call,4.0,may,Evening,1.0,1.0,1.0,success,no,1636.0,109.4110678466957,3.7451055098140644,yes
160399.0,46.0,self-employed,divorced,secondary,no,No,,10.0,aug,Night ,1.0,1.0,0.0,,no,0.0,86.72635337528924,2.575372764935732,no
126802.0,38.0,blue-collar,divorced,secondary,no,no,,17.0,jun,Morning,1.0,1.0,0.0,,no,2641.0,99.71318347128117,5.577546807755466,no
137776.0,42.0,technician,divorced,secondary,no,No,call,20.0,aug,Morning,4.0,4.0,0.0,,no,19.0,87.94252445798799,4.000697334901089,yes
143556.0,35.0,technician,married,secondary,no,yes,call,21.0,nov,Morning,8.0,8.0,5.0,other,no,587.0,97.41908072917856,4.920082384555363,no
158483.0,38.0,blue-collar,married,secondary,no,no,,6.0,jan,Night ,1.0,1.0,0.0,,no,863.0,103.65387749171789,5.578489667902806,no
131969.0,51.0,blue-collar,married,secondary,yes,yes,call,22.0,jul,Afternoon,2.0,2.0,0.0,,no,0.0,103.83806702655555,6.057825444369507,no
140682.0,30.0,services,married,secondary,no,No,call,18.0,nov,Night,1.0,1.0,0.0,,no,33.0,101.75506738916812,6.698629567342541,no
126896.0,56.0,retired,married,primary,no,no,,17.0,jun,Evening,3.0,3.0,0.0,,no,1126.0,89.31164853163742,4.880500751821216,no
121099.0,36.0,technician,married,secondary,yes,no,,23.0,may,eve,4.0,4.0,0.0,,no,5902.0,101.57330633780633,5.036214415164899,no
129775.0,60.0,retired,divorced,tertiary,no,no,call,10.0,jul,Afternoon,6.0,6.0,0.0,,no,2131.0,114.4538730357734,4.604953669954782,no
122561.0,49.0,blue-collar,married,secondary,yes,no,,28.0,may,Morning,1.0,1.0,0.0,,no,579.0,87.25857287953878,5.063220525185009,no
132876.0,42.0,blue-collar,married,secondary,yes,no,call,25.0,jul,Evening,2.0,2.0,0.0,,no,0.0,94.84922423976218,3.183338236663346,no
120415.0,31.0,technician,single,secondary,yes,no,,20.0,,Afternoon,3.0,3.0,0.0,,no,1.0,96.13508670246685,3.1888103087344284,no
130281.0,42.0,management,married,tertiary,yes,no,call,14.0,jul,Night ,3.0,3.0,0.0,,no,831.0,91.41668200915352,3.723622847964924,no
127940.0,35.0,services,married,secondary,yes,yes,,20.0,jun,Morning,4.0,4.0,0.0,,,322.0,90.054667120643,5.092351075378989,no
116748.0,47.0,blue-collar,married,secondary,yes,no,,7.0,may,Evening,2.0,2.0,0.0,,no,387.0,93.6076907496322,5.669377214508707,no
118073.0,32.0,management,married,primary,yes,no,,12.0,may,eve,1.0,1.0,0.0,,no,142.0,110.59712445390518,3.706528291567543,no
124303.0,42.0,technician,married,secondary,yes,no,,3.0,jun,eve,1.0,1.0,0.0,,no,-129.0,100.03199587962948,3.649291879633309,no
124856.0,56.0,technician,married,secondary,no,yes,,5.0,jun,morning,1.0,1.0,0.0,,no,62.0,113.7383941498666,3.736260133268573,no
144396.0,57.0,management,divorced,tertiary,yes,yes,call,29.0,jan,Morning,2.0,2.0,1.0,failure,no,-676.0,104.7722858601332,2.46706261753852,no
118807.0,45.0,technician,married,secondary,yes,no,,14.0,may,Morning,1.0,1.0,0.0,,no,3395.0,105.91869104217874,2.9376758781860772,no
125670.0,41.0,blue-collar,married,primary,no,no,,9.0,jun,eve,1.0,1.0,0.0,,no,16431.0,76.51093165019797,6.00557722188765,no
156169.0,31.0,student,single,secondary,no,no,call,15.0,jun,morning,1.0,1.0,1.0,other,no,1776.0,97.81644937345534,5.20278907536453,yes
139139.0,32.0,management,married,tertiary,no,,call,27.0,aug,eve,4.0,4.0,0.0,,no,2204.0,106.53689550600222,5.490323368059214,no
159060.0,48.0,technician,married,secondary,no,yes,call,26.0,feb,Evening,1.0,1.0,2.0,failure,no,3519.0,109.05070545190628,5.563009947555614,no
152623.0,36.0,blue-collar,divorced,primary,yes,no,call,12.0,may,morning,1.0,1.0,0.0,,no,-308.0,88.98059487279399,5.416573308239007,yes
136175.0,59.0,services,married,secondary,no,no,call,11.0,aug,Evening,4.0,4.0,0.0,,no,108.0,91.84616069855663,7.309680539015627,no
141915.0,46.0,services,divorced,secondary,no,no,call,19.0,nov,eve,3.0,3.0,0.0,,no,15.0,81.97220539637009,3.705344998467311,no
146098.0,45.0,retired,married,secondary,yes,no,call,5.0,feb,Afternoon,4.0,4.0,4.0,other,no,900.0,108.70393746607047,5.887956003171064,no
160361.0,35.0,admin.,single,secondary,no,yes,call,6.0,aug,Night,2.0,2.0,9.0,success,no,-32.0,101.91082455268004,3.8762370989662327,yes
131253.0,47.0,management,married,tertiary,no,yes,call,18.0,jul,Morning,1.0,1.0,0.0,,no,122.0,91.12966435576035,5.742425078243165,no
118077.0,49.0,services,single,secondary,yes,no,,12.0,may,eve,1.0,1.0,0.0,,no,5028.0,106.09133468745667,6.050089129994763,no
140200.0,33.0,technician,married,tertiary,yes,No,call,17.0,nov,morning,1.0,1.0,0.0,,no,326.0,91.06445793557806,6.653257276095703,no
121031.0,36.0,entrepreneur,married,secondary,yes,no,,21.0,may,eve,2.0,2.0,0.0,,no,352.0,102.63581718620023,2.6699028096940296,no
141619.0,43.0,blue-collar,married,secondary,yes,no,call,19.0,nov,Night,1.0,1.0,0.0,,no,,96.6859000434645,4.664591837861226,no
150195.0,35.0,management,married,tertiary,no,no,call,4.0,may,Night ,2.0,2.0,1.0,other,no,93.0,106.35753649725032,3.4762289790930647,no
152355.0,48.0,technician,single,tertiary,yes,no,call,11.0,may,Night ,2.0,2.0,0.0,,no,-551.0,106.59084876969928,5.319088880167366,no
156823.0,50.0,admin.,married,secondary,yes,no,call,12.0,aug,Afternoon,5.0,5.0,0.0,,no,238.0,97.45218930672817,5.155256667215104,no
142021.0,56.0,management,married,tertiary,no,no,call,19.0,nov,morning,2.0,2.0,0.0,,no,0.0,84.87506168453415,3.3766690637199273,no
136209.0,35.0,management,single,tertiary,yes,yes,call,11.0,aug,Morning,1.0,1.0,0.0,,yes,-1980.0,108.84898460166062,2.1623043400351842,no
119611.0,36.0,admin.,single,secondary,,yes,,16.0,may,Afternoon,1.0,1.0,0.0,,no,0.0,118.59920410738255,7.676569042663328,no
127119.0,59.0,retired,married,primary,no,no,,18.0,jun,Afternoon,2.0,2.0,0.0,,no,1245.0,104.27949914939316,6.563181242063384,no
139970.0,44.0,admin.,divorced,primary,yes,no,SMS,23.0,oct,Evening,1.0,1.0,0.0,,no,429.0,116.84380025249435,2.620979102818663,yes
140433.0,46.0,management,married,tertiary,yes,no,call,17.0,nov,Night,1.0,1.0,0.0,,no,189.0,103.9140487709068,4.832842062590213,no
132653.0,31.0,services,single,secondary,yes,No,call,24.0,jul,Morning,1.0,1.0,0.0,,no,0.0,102.13126674773497,7.664915951448226,no
146227.0,26.0,self-employed,single,secondary,yes,no,call,5.0,feb,Night ,2.0,2.0,2.0,success,no,1242.0,103.09214080949084,0.3853663058728394,no
139975.0,40.0,technician,divorced,tertiary,,no,,24.0,oct,Night ,1.0,1.0,0.0,,no,568.0,103.18095022424784,4.130848887533551,yes
118298.0,57.0,management,married,primary,yes,no,,,may,Night,4.0,4.0,0.0,,no,1052.0,118.30140327149962,3.481248109854823,no
151784.0,,admin.,married,secondary,yes,No,call,8.0,may,morning,1.0,1.0,0.0,,no,518.0,90.15288421558348,3.14617616166797,no
154169.0,30.0,blue-collar,single,primary,yes,no,call,15.0,may,Afternoon,1.0,1.0,4.0,other,no,413.0,72.85796381721562,5.844470685304522,no
143561.0,31.0,management,married,tertiary,no,no,call,21.0,nov,Evening,2.0,2.0,0.0,,no,1402.0,102.66539828481282,4.26335562069968,no
133993.0,30.0,services,married,secondary,yes,no,call,30.0,jul,morning,31.0,31.0,0.0,,no,-176.0,86.57435724022075,4.866621145212939,no
144998.0,34.0,management,married,tertiary,yes,No,call,2.0,feb,Evening,1.0,1.0,0.0,,no,28.0,86.9277795836079,5.8559394490722925,no
151403.0,26.0,housemaid,married,secondary,yes,no,call,7.0,may,Evening,2.0,2.0,1.0,other,no,13.0,89.50697541114356,5.625074922897672,no
148324.0,41.0,admin.,single,secondary,yes,No,call,16.0,apr,eve,1.0,1.0,0.0,,no,431.0,100.87598642359022,4.072938104572442,no
146452.0,43.0,unemployed,married,secondary,yes,yes,email,5.0,feb,Night ,5.0,5.0,5.0,other,no,511.0,103.746510457143,4.813265505168441,no
140391.0,48.0,management,divorced,tertiary,yes,no,call,17.0,nov,Night ,1.0,1.0,0.0,,no,757.0,108.43430063683445,5.153890449086063,no
152230.0,37.0,blue-collar,married,,yes,no,call,11.0,may,Evening,1.0,1.0,0.0,,no,83.0,109.07166011495558,7.083779654582896,no
121991.0,38.0,blue-collar,married,primary,yes,no,,27.0,may,Morning,4.0,4.0,0.0,,no,27.0,88.85761305838442,5.409086836189914,no
120876.0,32.0,blue-collar,single,secondary,yes,no,,21.0,may,eve,2.0,2.0,0.0,,no,1721.0,105.69073195609542,5.6000578814254744,no
154290.0,33.0,management,married,primary,yes,no,call,15.0,may,eve,1.0,1.0,1.0,failure,no,142.0,108.72510029042958,5.665676797510334,no
137787.0,33.0,technician,married,secondary,no,no,call,20.0,aug,eve,4.0,4.0,0.0,,no,0.0,81.31509365841872,3.2015016360922712,no
123314.0,39.0,management,single,secondary,yes,no,,29.0,may,Morning,4.0,4.0,0.0,,no,835.0,99.40301695794389,2.492116193327238,no
138246.0,41.0,technician,married,secondary,no,no,call,22.0,aug,Night ,10.0,10.0,0.0,,no,965.0,95.57273584379344,5.994746898878686,yes
133110.0,38.0,services,married,secondary,yes,no,SMS,28.0,jul,morning,2.0,2.0,0.0,,no,0.0,77.46125868129973,3.2232718134649794,no
157574.0,54.0,management,married,tertiary,no,no,call,2.0,oct,Night ,2.0,2.0,1.0,success,no,1464.0,100.3470943388246,2.279191215101909,yes
123719.0,49.0,blue-collar,married,secondary,yes,yes,,30.0,may,Evening,3.0,3.0,0.0,,no,366.0,100.25568227078776,4.261538234893797,no
119997.0,55.0,management,divorced,,yes,no,,19.0,may,Morning,1.0,1.0,0.0,,no,2.0,88.45677630210201,6.649029581170749,no
145426.0,51.0,blue-collar,married,primary,yes,no,SMS,3.0,feb,eve,4.0,4.0,1.0,failure,no,377.0,107.2916516469252,5.2570267295611215,no
130443.0,61.0,retired,married,secondary,yes,no,call,15.0,jul,Morning,7.0,7.0,0.0,,no,76.0,100.96275023055003,8.122440127586671,no
142079.0,31.0,admin.,married,secondary,yes,no,call,20.0,nov,Night ,1.0,1.0,0.0,,no,713.0,92.57457820463245,2.7008041903220135,no
130827.0,45.0,admin.,married,secondary,no,no,call,16.0,jul,Morning,2.0,2.0,0.0,,no,248.0,100.11802440956134,7.033028322304322,no
160587.0,72.0,retired,married,secondary,no,no,call,6.0,sep,Night,1.0,1.0,0.0,,no,1978.0,113.94671149784187,2.5488506741987487,yes
161022.0,33.0,technician,married,secondary,no,no,call,27.0,oct,eve,1.0,1.0,2.0,other,no,5083.0,96.89055197083933,5.870143416541396,no
130478.0,32.0,management,single,tertiary,yes,no,call,15.0,jul,Night ,5.0,5.0,0.0,,no,752.0,103.96004119213575,5.285959177091751,no
151460.0,48.0,management,married,tertiary,no,no,SMS,7.0,may,morning,2.0,2.0,7.0,failure,no,60.0,102.03495820555796,2.6325367781126316,no
127458.0,36.0,blue-collar,married,primary,yes,no,,19.0,jun,eve,1.0,1.0,0.0,,no,-453.0,113.27702315893592,3.4619980439445843,no
130979.0,35.0,unemployed,single,secondary,no,no,call,17.0,jul,Evening,1.0,1.0,0.0,,no,145.0,80.87821390647922,5.274430960790009,no
128783.0,25.0,blue-collar,single,secondary,yes,no,call,7.0,jul,eve,4.0,4.0,0.0,,no,913.0,116.29735956190643,3.909859002526156,no
160354.0,61.0,blue-collar,married,primary,no,no,call,6.0,aug,eve,2.0,2.0,3.0,success,no,5.0,92.46242549395444,6.583091898381989,yes
160633.0,33.0,blue-collar,married,secondary,no,no,,8.0,sep,Evening,1.0,1.0,0.0,,no,983.0,104.46114499490743,7.403162240466374,no
137673.0,33.0,self-employed,single,tertiary,no,No,call,19.0,aug,morning,3.0,3.0,0.0,,no,61.0,104.08702308615506,4.295884268824346,yes
156103.0,31.0,management,married,tertiary,yes,no,call,9.0,jun,Night ,4.0,4.0,0.0,,no,242.0,106.04615873822317,4.6619251996042195,no
150945.0,37.0,blue-collar,married,secondary,yes,yes,call,6.0,may,Night ,1.0,1.0,0.0,,no,1114.0,97.94843474920486,4.864231241448979,no
134038.0,40.0,admin.,married,secondary,no,yes,SMS,30.0,jul,eve,8.0,8.0,0.0,,yes,-444.0,104.08928610542321,6.481386657360135,no
129926.0,38.0,technician,single,secondary,yes,no,call,11.0,jul,Night ,1.0,1.0,0.0,,no,373.0,86.06114723757263,4.131835380004382,no
152193.0,44.0,blue-collar,married,primary,yes,No,call,11.0,may,Morning,2.0,2.0,0.0,,no,976.0,109.43269358167744,3.8469547514727327,no
120094.0,25.0,blue-collar,married,secondary,yes,yes,,19.0,may,Afternoon,3.0,3.0,0.0,,no,300.0,91.90645931892776,6.28886969295873,no
130514.0,46.0,management,married,tertiary,no,no,call,15.0,jul,eve,1.0,1.0,0.0,,no,182.0,105.94778456091763,6.122937288103593,no
117013.0,49.0,blue-collar,married,,yes,no,,7.0,may,morning,1.0,1.0,0.0,,no,51.0,91.07814707267195,5.077237020559011,no
147645.0,48.0,management,divorced,tertiary,yes,no,call,7.0,apr,Morning,3.0,3.0,0.0,,no,,119.66704758793297,6.1982303708159705,no
134142.0,50.0,technician,married,tertiary,yes,yes,email,31.0,jul,Evening,14.0,14.0,0.0,,no,3337.0,97.12848180391514,3.0139181289745665,no
147002.0,26.0,admin.,single,secondary,yes,no,call,17.0,feb,Night,1.0,1.0,0.0,,no,827.0,95.7502924631407,3.817199107200225,no
147090.0,38.0,technician,married,secondary,yes,no,call,27.0,feb,Morning,1.0,1.0,6.0,success,no,5115.0,107.33943265592045,3.1317143802652954,yes
146613.0,34.0,technician,,secondary,yes,no,call,6.0,feb,Night ,2.0,2.0,6.0,failure,no,347.0,110.40786170898883,6.178383754666811,no
116207.0,46.0,admin.,married,secondary,yes,no,,5.0,may,Afternoon,2.0,2.0,0.0,,no,-358.0,114.44026850969419,6.275997180335923,no
157557.0,48.0,management,married,tertiary,no,no,call,1.0,oct,eve,1.0,1.0,2.0,success,no,3842.0,89.3623144674251,4.427142232704828,no
149178.0,32.0,management,single,tertiary,yes,no,call,20.0,apr,Night ,1.0,1.0,1.0,failure,no,4262.0,111.03749791945854,3.647240337685024,no
155321.0,36.0,management,married,tertiary,no,no,call,22.0,may,Evening,2.0,2.0,2.0,other,no,255.0,95.6032065163001,2.8366821831794122,yes
119453.0,42.0,blue-collar,married,primary,no,no,,15.0,may,eve,4.0,4.0,0.0,,no,1320.0,80.88434107604303,3.291634506066165,no
135563.0,56.0,blue-collar,,primary,no,yes,call,7.0,aug,Afternoon,1.0,1.0,0.0,,no,1214.0,116.49961028116223,3.9120577538368573,no
154687.0,29.0,services,single,secondary,yes,no,call,18.0,may,Afternoon,5.0,5.0,0.0,,no,9.0,107.31816498178051,6.096938442378763,no
160389.0,53.0,unemployed,married,secondary,no,no,call,10.0,aug,Afternoon,1.0,1.0,14.0,success,no,94.0,115.53039378062634,5.14442546161458,yes
129340.0,30.0,management,single,secondary,yes,no,call,9.0,jul,Night,1.0,1.0,0.0,,no,1090.0,101.32976120171557,7.134269643996186,no
151548.0,37.0,technician,married,secondary,yes,no,call,8.0,may,Afternoon,1.0,1.0,11.0,other,no,1613.0,101.99585438514195,3.915711864175493,no
134856.0,36.0,management,married,tertiary,no,no,call,4.0,aug,eve,1.0,1.0,0.0,,no,3794.0,115.08735810984037,1.9132560202552549,no
120930.0,31.0,services,married,secondary,yes,no,,21.0,may,eve,1.0,1.0,0.0,,no,428.0,87.44386555442999,4.632014335136725,no
122205.0,30.0,unemployed,married,secondary,yes,no,,,may,Night,1.0,1.0,0.0,,no,,86.09987112192172,3.5863753951051436,no
125847.0,52.0,blue-collar,married,primary,no,no,,9.0,jun,Night ,3.0,3.0,0.0,,no,2.0,104.50197224966075,3.341364641605105,no
116223.0,42.0,blue-collar,married,,yes,no,,5.0,may,Night ,2.0,2.0,0.0,,no,57.0,93.49254002135201,2.5669169427145393,no
140123.0,40.0,self-employed,single,tertiary,yes,no,call,17.0,nov,Morning,1.0,1.0,0.0,,no,1693.0,116.13929238757456,5.942447062308095,no
137866.0,31.0,technician,married,secondary,no,no,call,20.0,aug,Evening,2.0,2.0,0.0,,no,0.0,84.19087160237558,2.159315180330112,no
159145.0,28.0,management,single,tertiary,no,No,call,9.0,mar,Night,1.0,1.0,0.0,,no,1825.0,103.6908967762458,4.933066684112578,yes
133194.0,27.0,blue-collar,married,primary,yes,no,SMS,28.0,jul,Evening,2.0,2.0,0.0,,no,108.0,92.25616303688486,1.5719733243575922,no
118042.0,56.0,admin.,divorced,primary,yes,no,,12.0,may,morning,2.0,2.0,0.0,,no,179.0,101.7469736888771,5.649045433519688,no
149664.0,32.0,blue-collar,single,secondary,no,no,SMS,23.0,apr,Morning,3.0,3.0,0.0,,no,228.0,109.71679178960282,2.715034318642387,no
116374.0,41.0,technician,married,secondary,yes,yes,,6.0,may,eve,1.0,1.0,0.0,,no,767.0,109.11857123681567,6.92410700334441,no
159223.0,59.0,management,married,tertiary,no,,call,18.0,mar,Afternoon,2.0,2.0,6.0,other,no,3342.0,111.0891903792677,7.8007581195904026,yes
148259.0,29.0,admin.,married,secondary,yes,no,call,16.0,apr,Night ,3.0,3.0,0.0,,no,300.0,95.9895647527772,1.7347648902310384,no
119607.0,53.0,unemployed,married,secondary,yes,yes,,16.0,may,eve,1.0,1.0,0.0,,no,76.0,98.20477947530442,6.514120307820827,no
145369.0,50.0,blue-collar,,primary,yes,No,call,3.0,feb,eve,1.0,1.0,1.0,other,no,1558.0,106.76561899272927,3.100326219526906,no
141502.0,45.0,entrepreneur,married,tertiary,no,no,call,19.0,nov,Evening,1.0,1.0,0.0,,no,1.0,71.79778141766892,4.952953961571693,no
146253.0,31.0,services,married,secondary,no,no,call,5.0,feb,morning,6.0,6.0,0.0,,no,1004.0,103.97596580943758,5.10640812031894,no
133841.0,38.0,technician,single,tertiary,no,no,call,30.0,jul,Night ,2.0,2.0,0.0,,no,2350.0,97.98794209150205,5.193749328153297,no
121945.0,31.0,management,married,,yes,no,,26.0,may,Morning,6.0,6.0,0.0,,no,0.0,104.8087727884623,6.285375812617432,no
145900.0,40.0,unemployed,divorced,secondary,yes,No,call,4.0,feb,Night ,1.0,1.0,0.0,,no,4082.0,109.35121552243601,5.207294985286462,no
155319.0,57.0,technician,married,secondary,yes,yes,call,22.0,may,Afternoon,2.0,2.0,0.0,,no,573.0,99.18944523333003,5.5132182420252995,no
127039.0,24.0,blue-collar,married,secondary,yes,no,,18.0,jun,Afternoon,4.0,4.0,0.0,,no,0.0,110.67142905878416,,no
135811.0,30.0,management,single,tertiary,no,no,call,8.0,aug,morning,5.0,5.0,0.0,,no,0.0,101.47748337594086,5.725879050042618,no
143837.0,48.0,technician,married,secondary,yes,yes,call,28.0,jan,morning,1.0,1.0,0.0,,no,1449.0,121.50395766985461,3.4076667207951945,no
144195.0,28.0,student,single,secondary,no,no,call,29.0,jan,morning,2.0,2.0,0.0,,no,28.0,104.04335165125713,7.0339957984896815,no
147291.0,34.0,management,single,tertiary,no,no,call,25.0,mar,Night ,8.0,8.0,0.0,,no,212.0,109.86708236830489,2.164492906829919,yes
141485.0,31.0,housemaid,single,tertiary,yes,no,call,19.0,nov,Morning,1.0,1.0,0.0,,no,287.0,111.71827326583248,6.238781326564686,no
141340.0,44.0,services,married,secondary,yes,no,SMS,19.0,nov,Afternoon,5.0,5.0,11.0,failure,no,1106.0,127.98582562811086,5.167040809766423,no
133536.0,42.0,unemployed,married,secondary,yes,no,call,29.0,jul,Night,3.0,3.0,0.0,,no,250.0,108.02081954147599,5.01445804198641,no
126063.0,44.0,blue-collar,married,secondary,no,no,,11.0,jun,Morning,1.0,1.0,0.0,,no,594.0,102.34781879888175,4.872434768554443,no
136879.0,,housemaid,married,secondary,no,no,call,14.0,aug,Afternoon,2.0,2.0,0.0,,no,4610.0,88.96995916022908,6.040821096647432,no
154625.0,33.0,management,married,tertiary,yes,no,call,18.0,may,Night ,2.0,2.0,0.0,,no,5792.0,91.51462488581922,6.0633404351574205,no
142558.0,40.0,management,divorced,tertiary,no,no,call,20.0,nov,Night,2.0,2.0,1.0,failure,no,9541.0,103.46084936443106,5.112466901339912,no
119295.0,42.0,management,single,tertiary,yes,no,,15.0,may,Morning,2.0,2.0,0.0,,no,1146.0,92.31584017056093,3.1630568304535114,no
134192.0,46.0,admin.,single,secondary,no,no,call,31.0,jul,Afternoon,4.0,4.0,0.0,,no,272.0,91.57839170686198,3.8685310999283353,no
139357.0,58.0,management,,tertiary,no,No,call,28.0,aug,Evening,19.0,19.0,0.0,,no,0.0,93.69075875557427,8.12994732328384,no
150150.0,47.0,management,married,secondary,no,No,SMS,4.0,may,eve,6.0,6.0,0.0,,no,2010.0,102.00542728590935,3.2271537083238004,no
149544.0,29.0,blue-collar,married,secondary,yes,no,call,20.0,apr,eve,3.0,3.0,1.0,other,no,457.0,98.23473877624397,7.303113592690749,no
132234.0,38.0,technician,married,primary,no,yes,call,23.0,jul,Night ,1.0,1.0,0.0,,no,-1038.0,102.75566981490194,6.197370496632743,no
125482.0,49.0,admin.,married,secondary,no,no,,6.0,jun,Morning,1.0,1.0,0.0,,no,1632.0,103.06845681750727,3.632755570647219,no
139897.0,32.0,management,single,tertiary,no,no,call,29.0,,eve,15.0,15.0,0.0,,no,2233.0,103.86187168299897,4.8849225628671915,no
136440.0,57.0,blue-collar,married,secondary,yes,no,call,12.0,aug,Night ,6.0,6.0,0.0,,no,6004.0,84.01062686053987,6.384209072181891,no
132125.0,49.0,services,married,secondary,no,yes,call,23.0,jul,Evening,1.0,1.0,0.0,,no,702.0,69.40220965284648,6.7480769924694,no
141567.0,32.0,technician,divorced,secondary,no,no,email,19.0,nov,Evening,1.0,1.0,1.0,failure,no,18.0,92.1757913097011,3.1166982817679,no
147944.0,43.0,admin.,married,secondary,yes,no,call,14.0,apr,Morning,2.0,2.0,0.0,,no,1159.0,114.04311293777346,6.133117808189805,no
127620.0,55.0,housemaid,divorced,primary,no,no,,20.0,jun,morning,2.0,2.0,0.0,,no,0.0,114.46667086272856,5.158131557720747,no
153452.0,30.0,blue-collar,single,secondary,yes,No,call,14.0,may,eve,3.0,3.0,1.0,other,no,348.0,96.7904388003774,5.838352476915634,no
134916.0,45.0,management,single,tertiary,no,no,call,5.0,aug,eve,1.0,1.0,0.0,,no,1395.0,104.9473038777727,4.3901437239947745,no
125597.0,48.0,management,married,tertiary,yes,no,,6.0,jun,Night,1.0,1.0,0.0,,no,-1232.0,98.86847357384994,5.53367039620219,no
129076.0,35.0,entrepreneur,single,tertiary,no,yes,call,8.0,jul,Night,1.0,1.0,0.0,,yes,793.0,107.780553141819,3.6810127598025337,no
132292.0,36.0,unemployed,married,tertiary,no,no,call,23.0,jul,Night,2.0,2.0,0.0,,no,73.0,108.62937660171369,7.476851592938356,no
147587.0,53.0,blue-collar,divorced,secondary,yes,yes,call,7.0,apr,Night ,1.0,1.0,2.0,failure,no,1912.0,110.57015291584607,4.454232062333056,no
152146.0,45.0,blue-collar,married,primary,yes,no,call,11.0,may,Morning,1.0,1.0,2.0,failure,no,503.0,105.7608811135365,2.977205167785186,no
143661.0,59.0,blue-collar,married,primary,no,no,email,28.0,,Night ,1.0,1.0,0.0,,no,8.0,98.79590566439013,4.990075150154146,no
157141.0,37.0,management,married,tertiary,no,no,call,24.0,aug,Night,1.0,1.0,1.0,other,no,165.0,109.78724124475004,5.3714631151030225,no
130194.0,51.0,housemaid,married,primary,yes,no,call,14.0,jul,Afternoon,2.0,2.0,0.0,,no,30.0,108.57221648347638,4.686258726161643,no
120906.0,28.0,technician,single,secondary,yes,No,,21.0,may,Evening,1.0,1.0,0.0,,no,2034.0,,4.6097174445667815,no
159577.0,28.0,admin.,single,secondary,no,no,SMS,12.0,may,Afternoon,1.0,1.0,5.0,success,no,4745.0,92.81043426466194,4.125941528932929,yes
130481.0,53.0,blue-collar,married,secondary,no,yes,email,15.0,jul,Night,4.0,4.0,0.0,,no,0.0,111.75741903036281,7.273043719541688,no
149547.0,38.0,management,single,tertiary,yes,No,call,20.0,apr,Morning,6.0,6.0,0.0,,no,7303.0,110.72971878177427,3.9352690077388304,no
159861.0,32.0,technician,married,tertiary,yes,no,call,23.0,jun,morning,1.0,1.0,1.0,other,no,903.0,107.37794640286913,8.263326804830113,no
131669.0,26.0,housemaid,single,primary,yes,yes,call,21.0,jul,Night,1.0,1.0,0.0,,yes,-1006.0,119.93133374926262,5.925617694449447,no
131836.0,25.0,entrepreneur,married,tertiary,yes,no,call,22.0,jul,eve,5.0,5.0,0.0,,no,38.0,86.40006008451425,5.467518269449455,no
152665.0,28.0,technician,single,secondary,yes,no,call,12.0,may,Night ,1.0,1.0,1.0,other,no,1453.0,99.2701456237578,2.907795192891606,no
134532.0,32.0,blue-collar,married,primary,yes,yes,email,31.0,jul,Night,19.0,19.0,0.0,,no,-105.0,113.37273610450164,6.291708062112612,no
119761.0,27.0,management,single,tertiary,yes,yes,,16.0,may,Morning,2.0,2.0,0.0,,no,-98.0,105.89375893189909,4.985251228303398,no
160442.0,29.0,self-employed,single,tertiary,no,no,,13.0,aug,Afternoon,1.0,1.0,0.0,,no,814.0,109.31807930216382,5.391629832874953,yes
161058.0,41.0,unemployed,single,tertiary,no,no,email,9.0,nov,Afternoon,1.0,1.0,2.0,success,no,79.0,116.54257663656949,5.349828608516807,yes
136483.0,36.0,technician,single,secondary,no,no,call,12.0,aug,Evening,2.0,2.0,0.0,,yes,12.0,93.36791070119224,4.501325476326772,yes
125600.0,37.0,blue-collar,married,secondary,yes,no,,6.0,jun,eve,1.0,1.0,0.0,,no,3574.0,83.69867069780514,5.937375284312682,no
160936.0,35.0,management,married,secondary,yes,No,call,18.0,oct,Evening,3.0,3.0,3.0,success,no,724.0,87.30190590682243,5.329336324776587,no
116766.0,55.0,management,divorced,tertiary,no,no,,7.0,may,Morning,2.0,2.0,0.0,,no,552.0,82.10773146310794,5.604609181990101,no
125994.0,44.0,blue-collar,married,secondary,no,no,,11.0,jun,Evening,1.0,1.0,0.0,,no,289.0,108.41354089815471,6.51598172591204,no
118184.0,58.0,entrepreneur,married,tertiary,yes,no,,12.0,may,Afternoon,6.0,6.0,0.0,,no,146.0,101.21556317988711,6.406813822642812,no
136493.0,31.0,management,married,tertiary,no,no,call,12.0,aug,Evening,2.0,2.0,0.0,,no,1514.0,95.08193992976213,4.8336104882854825,no
160869.0,27.0,admin.,married,tertiary,no,no,call,11.0,oct,eve,1.0,1.0,0.0,,no,346.0,84.09568392145033,7.645130826097815,yes
138799.0,34.0,technician,married,secondary,no,no,call,,aug,eve,10.0,10.0,0.0,,no,1035.0,92.2083139072793,6.970573459493646,yes
143771.0,44.0,admin.,married,primary,yes,No,call,28.0,jan,Evening,1.0,1.0,0.0,,no,127.0,99.42639807137459,1.1278055360250092,no
124376.0,35.0,management,single,tertiary,yes,,,3.0,jun,Afternoon,1.0,1.0,0.0,,no,4788.0,97.10729880415417,2.313118937712951,no
121852.0,32.0,technician,married,secondary,yes,no,,26.0,may,morning,4.0,4.0,0.0,,no,782.0,96.71244877463725,5.750953967175904,no
129718.0,57.0,retired,married,tertiary,no,no,SMS,10.0,jul,Morning,2.0,2.0,0.0,,no,29.0,101.00241677292739,2.194058772206421,no
116596.0,43.0,admin.,single,secondary,yes,No,,6.0,may,morning,2.0,2.0,0.0,,no,-497.0,108.89154740267122,1.5867657855164383,no
157054.0,89.0,retired,married,tertiary,no,no,email,19.0,aug,Evening,5.0,5.0,0.0,,no,,112.4494668447117,7.01502219086159,no
154975.0,28.0,technician,single,tertiary,yes,no,call,18.0,may,Evening,1.0,1.0,0.0,,no,1080.0,136.11413624504573,3.617818849618935,no
155298.0,43.0,services,married,secondary,no,no,call,22.0,may,Night ,1.0,1.0,3.0,failure,no,2145.0,84.27131402456324,3.1399577245723327,yes
118100.0,23.0,admin.,single,secondary,no,no,,12.0,may,Night ,1.0,1.0,0.0,,no,5.0,96.46227386417388,4.234980572289065,no
138388.0,49.0,admin.,married,secondary,no,No,call,22.0,aug,morning,4.0,4.0,0.0,,no,682.0,83.24225079059231,3.7619440193900524,no
159777.0,34.0,admin.,,secondary,yes,No,,8.0,jun,Night,1.0,1.0,0.0,,no,592.0,89.25516071522205,3.5399116220119184,no
155749.0,30.0,student,single,secondary,no,no,call,2.0,jun,Afternoon,1.0,1.0,0.0,,no,1555.0,104.77728140634309,1.2896570594998034,no
118447.0,,blue-collar,divorced,,yes,no,,13.0,may,Morning,2.0,2.0,0.0,,no,17.0,90.90983988876748,4.849182943388772,no
119385.0,,technician,single,secondary,yes,yes,,15.0,may,Evening,1.0,1.0,0.0,,no,2.0,109.13639079745472,5.013744157222551,no
121509.0,46.0,blue-collar,married,secondary,yes,no,,23.0,may,Evening,8.0,8.0,0.0,,no,4707.0,100.97497036209643,5.847275972782718,no
132199.0,34.0,self-employed,married,tertiary,yes,no,call,23.0,,Night ,2.0,2.0,0.0,,no,1972.0,98.7202767126319,4.352106084366644,no
153127.0,37.0,technician,divorced,secondary,yes,,call,13.0,may,Night ,1.0,1.0,0.0,,no,2610.0,99.10146026643982,6.954702510351441,no
138355.0,50.0,housemaid,married,secondary,no,no,call,22.0,aug,morning,2.0,2.0,0.0,,no,195.0,91.35048377463498,3.0568529353039926,no
138303.0,36.0,management,single,tertiary,no,no,call,22.0,aug,Evening,2.0,2.0,0.0,,no,0.0,104.04314565805987,4.958366561245247,no
130953.0,38.0,management,divorced,tertiary,yes,no,call,17.0,jul,eve,1.0,1.0,0.0,,no,151.0,89.23126087828561,6.347653519017993,no
124823.0,54.0,blue-collar,married,secondary,yes,no,,4.0,jun,Night ,2.0,2.0,0.0,,no,2957.0,110.03349918331024,3.808516902130645,no
145994.0,27.0,student,single,,no,no,call,4.0,feb,morning,2.0,2.0,0.0,,no,468.0,100.01531048235313,4.267228832422819,no
159173.0,80.0,retired,married,primary,no,no,email,12.0,mar,Evening,1.0,1.0,2.0,success,no,155.0,106.95210959681165,2.7410842361321697,yes
143268.0,30.0,blue-collar,single,secondary,no,no,call,21.0,nov,Morning,1.0,1.0,0.0,,no,6900.0,88.89565510591854,5.565029254094042,no
130898.0,37.0,management,married,secondary,no,yes,call,17.0,jul,Evening,1.0,1.0,0.0,,yes,33.0,102.00467240754153,6.284689029426912,no
151958.0,36.0,technician,married,secondary,yes,no,call,11.0,may,Night ,1.0,1.0,2.0,failure,no,483.0,101.61567918053014,5.252171964033454,no
128594.0,41.0,housemaid,married,primary,yes,no,call,7.0,jul,eve,2.0,2.0,0.0,,no,1618.0,99.8838132230223,7.04840487824274,no
130164.0,27.0,admin.,married,secondary,yes,no,call,14.0,jul,eve,3.0,3.0,0.0,,yes,-517.0,108.27253065517455,1.8152476085302114,no
143591.0,39.0,entrepreneur,married,tertiary,no,no,call,21.0,nov,Afternoon,3.0,3.0,0.0,,no,442.0,97.5482158556478,5.196152139324152,no
123591.0,26.0,blue-collar,single,secondary,yes,no,,30.0,may,Evening,4.0,4.0,0.0,,no,2.0,95.64839641615873,6.787074873967054,no
127477.0,28.0,blue-collar,single,primary,yes,no,,19.0,jun,morning,1.0,1.0,0.0,,no,2340.0,104.76040072466118,4.267114039317217,no
131976.0,26.0,student,single,secondary,no,no,call,22.0,jul,Night ,1.0,1.0,0.0,,no,141.0,95.46060635132125,,no
146640.0,27.0,self-employed,divorced,secondary,yes,no,call,6.0,feb,Night,2.0,2.0,4.0,failure,no,165.0,90.19366184012378,4.475087998106548,no
145964.0,40.0,entrepreneur,single,secondary,yes,no,call,4.0,feb,eve,3.0,3.0,0.0,,no,943.0,111.84651910467322,5.32494125287812,no
130606.0,36.0,blue-collar,married,secondary,yes,No,call,15.0,jul,eve,2.0,2.0,0.0,,no,3420.0,115.18680928662529,7.182356234650864,no
159403.0,43.0,self-employed,married,tertiary,no,No,call,21.0,apr,Night,2.0,2.0,17.0,other,no,3157.0,104.93038809525834,5.426597792092197,no
154750.0,26.0,technician,single,secondary,yes,no,call,18.0,may,morning,1.0,1.0,0.0,,no,3519.0,122.72926754294052,4.838128549882821,no
139779.0,45.0,technician,married,secondary,no,no,call,29.0,aug,Afternoon,2.0,2.0,0.0,,no,88.0,88.90510683060643,4.479085200667738,no
120881.0,37.0,management,married,tertiary,yes,yes,,21.0,may,Afternoon,1.0,1.0,0.0,,no,547.0,107.18455767907382,3.102650122580628,no
137173.0,55.0,admin.,married,secondary,no,no,call,18.0,aug,eve,4.0,4.0,0.0,,,512.0,103.61780928731406,4.814539179418739,no
153237.0,36.0,blue-collar,married,primary,yes,yes,call,13.0,may,eve,1.0,1.0,0.0,,no,679.0,96.13566697283082,4.980723002136927,no
117870.0,57.0,blue-collar,married,secondary,yes,no,,9.0,may,Afternoon,2.0,2.0,0.0,,no,221.0,101.62779369481083,3.2264236831964936,no
116754.0,37.0,services,married,primary,yes,no,,7.0,may,Afternoon,1.0,1.0,0.0,,no,52.0,86.83161219767074,4.760293912644122,no
139234.0,49.0,technician,married,secondary,no,no,call,27.0,aug,Afternoon,7.0,7.0,0.0,,yes,410.0,111.27874418988027,5.263561240559628,no
139442.0,45.0,blue-collar,married,primary,no,no,call,28.0,aug,Evening,4.0,4.0,0.0,,no,751.0,93.49419017707325,5.0656664762022645,no
136471.0,52.0,technician,divorced,secondary,no,No,call,12.0,aug,Night ,4.0,4.0,0.0,,no,106.0,98.01580733181781,6.635998390589355,no
129214.0,45.0,admin.,married,secondary,yes,no,call,8.0,jul,Afternoon,1.0,1.0,0.0,,no,0.0,92.52437725240895,4.239929863733793,no
117722.0,53.0,management,married,secondary,yes,no,,9.0,may,Afternoon,2.0,2.0,0.0,,no,-133.0,95.803851597497,6.320871833006689,no
141698.0,36.0,admin.,married,,no,no,call,19.0,nov,eve,1.0,1.0,0.0,,no,2323.0,81.52149139616647,3.4507235273269865,no
137002.0,43.0,management,married,tertiary,yes,no,call,14.0,aug,Evening,5.0,5.0,0.0,,no,2616.0,99.1051210369118,5.228656734348016,no
120892.0,32.0,management,single,tertiary,yes,no,,21.0,may,Night ,1.0,1.0,0.0,,no,728.0,103.78957476076177,5.207559866906329,no
118119.0,23.0,student,single,tertiary,yes,No,,12.0,may,Afternoon,2.0,2.0,0.0,,no,250.0,92.76389665606641,5.558338989002656,no
124207.0,50.0,blue-collar,married,primary,yes,no,,2.0,jun,eve,8.0,8.0,0.0,,no,33.0,89.70050491326194,4.00083020632599,no
126399.0,57.0,blue-collar,married,primary,no,No,,16.0,jun,Night,2.0,2.0,0.0,,no,24.0,109.57928731521956,5.025759352379103,no
145583.0,27.0,admin.,married,secondary,yes,no,call,3.0,feb,Night ,3.0,3.0,0.0,,no,16.0,89.72861716347224,4.415109151019253,no
138940.0,59.0,technician,divorced,secondary,no,no,call,26.0,aug,Evening,2.0,2.0,0.0,,no,2.0,103.19746427423833,3.593629489777392,no
120353.0,36.0,technician,married,secondary,yes,yes,,20.0,may,morning,1.0,1.0,0.0,,no,412.0,90.55581034040583,3.9722649449177205,no
133727.0,53.0,self-employed,married,secondary,yes,no,call,29.0,jul,morning,4.0,4.0,0.0,,no,534.0,109.19904984984743,6.074140199676979,no
139338.0,33.0,management,single,tertiary,no,no,call,28.0,aug,Evening,10.0,10.0,0.0,,no,0.0,108.76518809014358,5.480220077775783,no
127113.0,58.0,management,married,tertiary,yes,no,,18.0,jun,Afternoon,1.0,1.0,0.0,,no,3768.0,84.87180816427143,4.742540317445738,no
150328.0,28.0,services,married,secondary,yes,no,call,5.0,may,Evening,1.0,1.0,6.0,failure,no,0.0,106.94353200636762,7.82249599326375,no
121463.0,45.0,admin.,divorced,secondary,yes,yes,,23.0,may,Morning,2.0,2.0,0.0,,no,875.0,105.31203252556458,6.781240483389905,no
156464.0,32.0,management,single,tertiary,no,no,call,15.0,jul,Evening,7.0,7.0,1.0,failure,no,1017.0,101.88653598419663,3.4149686055157433,no
133510.0,53.0,unemployed,married,secondary,yes,no,call,29.0,jul,Afternoon,2.0,2.0,0.0,,no,329.0,98.08917611626069,5.056140923992418,no
139218.0,51.0,blue-collar,married,primary,no,no,call,27.0,aug,Night ,6.0,6.0,0.0,,yes,-17.0,71.63081582792726,2.9111514095658,no
131299.0,31.0,admin.,single,secondary,yes,no,call,18.0,jul,Afternoon,1.0,1.0,0.0,,no,738.0,93.85983741012708,5.202951133632666,no
118573.0,29.0,admin.,single,secondary,yes,No,,13.0,may,eve,4.0,4.0,0.0,,no,-44.0,107.11430565239021,7.170009456523206,no
145712.0,32.0,unemployed,married,tertiary,no,no,call,4.0,,Night,1.0,1.0,0.0,,no,0.0,87.61193173046911,6.273922451610944,no
153400.0,48.0,technician,married,secondary,yes,no,call,13.0,may,Afternoon,3.0,3.0,0.0,,no,-38.0,94.75564669190632,8.283311539267022,no
132720.0,37.0,entrepreneur,married,tertiary,no,yes,call,24.0,jul,eve,3.0,3.0,0.0,,no,1514.0,87.58984696368267,3.9026481239015998,no
152421.0,54.0,admin.,married,primary,yes,yes,call,12.0,may,morning,1.0,1.0,0.0,,no,11686.0,93.69236931744784,4.054482038321505,no
149651.0,31.0,admin.,single,tertiary,yes,no,call,22.0,apr,Morning,2.0,2.0,2.0,other,no,676.0,102.37672238535308,4.232870806508848,yes
147737.0,24.0,student,single,secondary,yes,no,SMS,8.0,apr,Night ,2.0,2.0,0.0,,no,745.0,112.02942860289787,5.344236726376963,no
145499.0,36.0,unemployed,single,tertiary,no,no,call,3.0,feb,eve,4.0,4.0,0.0,,no,221.0,,5.054164067320275,no
147915.0,34.0,management,married,tertiary,yes,no,call,14.0,apr,Night ,1.0,1.0,0.0,,no,703.0,98.63496948295035,8.461970405236633,yes
134761.0,31.0,technician,single,secondary,no,no,call,4.0,aug,morning,1.0,1.0,0.0,,no,2305.0,90.13788025831144,5.378786912825838,no
160028.0,30.0,self-employed,single,tertiary,no,no,call,12.0,jul,morning,1.0,1.0,0.0,,no,251.0,112.59372808426228,4.201870059250603,yes
133315.0,39.0,unemployed,married,secondary,yes,no,call,28.0,jul,Night,6.0,6.0,0.0,,no,74.0,105.42236241935062,5.584477340304807,no
142157.0,35.0,technician,married,secondary,yes,yes,call,20.0,nov,Evening,1.0,1.0,0.0,,no,4323.0,103.00186298877196,4.255170560546367,no
127583.0,38.0,self-employed,married,secondary,no,no,,20.0,jun,Night ,3.0,3.0,0.0,,no,746.0,101.31334853302906,4.951897950756348,no
145636.0,38.0,entrepreneur,married,secondary,yes,no,call,4.0,feb,eve,1.0,1.0,3.0,failure,no,351.0,97.56959283580568,7.326695572626024,no
124221.0,49.0,blue-collar,married,primary,yes,no,,2.0,jun,Night,7.0,7.0,0.0,,no,355.0,86.82888477630183,6.106643993450526,no
152547.0,48.0,technician,divorced,secondary,yes,no,call,12.0,may,Night,2.0,2.0,0.0,,no,94.0,112.2375715546578,5.468677407993902,no
132254.0,32.0,entrepreneur,married,secondary,yes,yes,call,23.0,jul,Afternoon,2.0,2.0,0.0,,no,126.0,107.09266494154498,3.9760343436549332,no
136005.0,,admin.,married,secondary,no,no,call,11.0,aug,Afternoon,2.0,2.0,0.0,,no,347.0,104.9131920818923,2.321031431188218,no
137312.0,38.0,technician,divorced,secondary,yes,yes,call,18.0,aug,Afternoon,7.0,7.0,0.0,,no,1221.0,121.97870632292575,4.860242046706779,no
160418.0,35.0,technician,married,tertiary,no,no,call,11.0,aug,Evening,3.0,3.0,4.0,success,no,7050.0,96.96833856517428,6.80377109189807,yes
118401.0,41.0,blue-collar,married,secondary,yes,no,,13.0,may,Night,1.0,1.0,0.0,,no,196.0,97.88311140820512,3.5304903623217787,no
158544.0,28.0,unemployed,married,secondary,no,No,call,13.0,jan,Night,3.0,3.0,2.0,other,no,687.0,89.52163446697418,4.353691054921456,no
129560.0,51.0,services,divorced,secondary,no,no,call,9.0,jul,eve,3.0,3.0,0.0,,no,234.0,89.09310501193758,2.6869056690955384,no
160229.0,25.0,services,single,,no,no,call,29.0,jul,Afternoon,8.0,8.0,12.0,other,no,2022.0,86.26150487284735,4.286443140717427,yes
131293.0,30.0,services,married,secondary,yes,no,call,18.0,jul,eve,1.0,1.0,0.0,,no,-27.0,101.27937877318806,4.826349889540375,no
147116.0,25.0,admin.,single,secondary,no,no,call,2.0,mar,Night ,12.0,12.0,0.0,,no,1099.0,108.44428814258755,1.072668814504321,no
140879.0,39.0,management,divorced,tertiary,yes,no,call,18.0,nov,morning,1.0,1.0,2.0,failure,no,5009.0,105.71286050053335,4.69360353131971,no
125535.0,28.0,admin.,single,secondary,yes,no,,6.0,jun,eve,6.0,6.0,0.0,,no,596.0,104.70450059918375,4.173718220911306,no
155600.0,28.0,management,single,tertiary,no,no,email,27.0,may,Night,2.0,2.0,0.0,,no,0.0,90.60333786131831,2.0102138871380024,no
123003.0,37.0,blue-collar,married,secondary,yes,yes,,29.0,may,Morning,1.0,1.0,0.0,,no,,86.89701850239433,6.21287867788424,no
156822.0,,management,single,tertiary,no,no,call,12.0,aug,Evening,1.0,1.0,0.0,,no,1643.0,98.93892083551496,2.5055566148042097,no
151499.0,28.0,admin.,single,secondary,yes,no,call,7.0,may,eve,2.0,2.0,0.0,,no,26.0,108.90285224232925,6.741398455391959,no
117368.0,41.0,management,divorced,tertiary,yes,no,,8.0,may,eve,2.0,2.0,0.0,,no,292.0,113.42559143009062,5.716361645880718,no
123248.0,55.0,management,married,tertiary,yes,yes,,29.0,may,Night ,4.0,4.0,0.0,,no,856.0,84.55408074373904,6.859589102923602,no
132478.0,34.0,self-employed,single,tertiary,yes,no,call,24.0,jul,Night,1.0,1.0,0.0,,no,693.0,86.85664509424713,5.494066113383001,no
123209.0,35.0,admin.,divorced,secondary,yes,no,,,may,Morning,1.0,1.0,0.0,,no,356.0,73.74256720023325,5.551341637317819,no
144577.0,34.0,technician,married,secondary,no,no,call,30.0,jan,Morning,1.0,1.0,0.0,,no,508.0,96.96916073402117,3.686456112402394,no
132592.0,47.0,technician,married,,yes,no,call,24.0,jul,Evening,1.0,1.0,0.0,,no,751.0,93.65781729465888,3.427496877648477,no
145551.0,34.0,technician,single,tertiary,no,no,call,3.0,feb,morning,3.0,3.0,0.0,,no,,108.83324455347118,6.177035869622297,no
116794.0,32.0,services,married,secondary,yes,yes,,7.0,may,Night,2.0,2.0,0.0,,no,0.0,87.34727669476872,6.740975092414454,no
160287.0,42.0,management,married,tertiary,yes,no,call,3.0,aug,Morning,2.0,2.0,0.0,,no,372.0,116.81639649638763,6.119162532061335,yes
142767.0,31.0,entrepreneur,single,tertiary,no,No,call,20.0,nov,eve,2.0,2.0,0.0,,no,38.0,94.51735806305052,6.871776877889046,no
160282.0,34.0,technician,married,secondary,yes,no,call,3.0,aug,Night,1.0,1.0,2.0,failure,no,0.0,108.28786995029716,7.281684983944303,yes
155727.0,40.0,blue-collar,married,secondary,no,no,call,1.0,jun,Afternoon,1.0,1.0,0.0,,no,1451.0,113.7556193367145,2.4994602133855404,yes
155974.0,38.0,entrepreneur,divorced,secondary,yes,no,call,4.0,jun,morning,2.0,2.0,3.0,failure,no,1190.0,88.91833325395774,4.789908185174356,yes
150644.0,53.0,self-employed,married,secondary,yes,no,call,6.0,may,Evening,1.0,1.0,1.0,failure,no,-488.0,106.585166018686,5.408964411871891,no
160053.0,25.0,technician,single,tertiary,no,yes,,13.0,jul,morning,1.0,1.0,0.0,,yes,160.0,93.23519954411744,7.772773085058372,no
150435.0,30.0,management,single,tertiary,yes,no,call,5.0,may,Night,1.0,1.0,0.0,,no,6392.0,102.98275107362839,4.778019782444318,no
116429.0,45.0,blue-collar,married,primary,yes,no,,6.0,may,Night ,2.0,2.0,0.0,,no,-66.0,95.21219956362722,4.061762169660326,no
124488.0,34.0,management,married,tertiary,yes,No,,3.0,jun,Night,1.0,1.0,0.0,,no,912.0,96.75509624444912,7.245684869326956,no
121137.0,31.0,technician,single,secondary,yes,no,,23.0,may,Evening,1.0,1.0,0.0,,no,1186.0,92.73147553982912,4.414000562183691,no
116953.0,58.0,technician,married,secondary,yes,no,,7.0,may,morning,3.0,3.0,0.0,,no,786.0,99.2273116867956,4.534375213699274,no
123976.0,35.0,services,married,secondary,yes,no,,2.0,jun,morning,1.0,1.0,0.0,,no,152.0,108.6535045197701,5.220101421004356,yes
146426.0,39.0,blue-collar,single,secondary,no,yes,call,5.0,feb,Evening,3.0,3.0,0.0,,no,357.0,112.1730801962224,6.270807467807112,no
121586.0,46.0,blue-collar,married,secondary,yes,no,,26.0,may,Afternoon,2.0,2.0,0.0,,no,1728.0,91.67094221065318,2.7009720279897245,no
153528.0,41.0,blue-collar,married,secondary,yes,no,call,14.0,may,Evening,3.0,3.0,0.0,,no,14.0,91.17250824524443,4.820876635225362,no
146695.0,22.0,student,single,secondary,no,no,call,6.0,feb,morning,6.0,6.0,0.0,,no,0.0,105.10668441199157,5.324585497342686,yes
123928.0,45.0,services,married,secondary,yes,no,,2.0,jun,Evening,2.0,2.0,0.0,,no,759.0,84.14396564581274,4.675925410862266,no
149050.0,35.0,technician,married,secondary,yes,yes,call,20.0,apr,eve,6.0,6.0,0.0,,no,8.0,104.76809818660892,5.90112402687418,no
151304.0,45.0,admin.,single,secondary,yes,no,call,7.0,may,Afternoon,1.0,1.0,1.0,failure,no,-101.0,109.35938273471591,5.381300343339844,no
130424.0,32.0,services,married,secondary,no,no,call,15.0,jul,Morning,3.0,3.0,0.0,,no,1076.0,108.41566113933035,5.40604174522358,no
141808.0,30.0,entrepreneur,married,secondary,yes,no,call,19.0,nov,morning,1.0,1.0,1.0,other,no,946.0,95.91358668245435,3.882161137103344,no
121380.0,40.0,services,married,secondary,yes,yes,,23.0,may,Afternoon,1.0,1.0,0.0,,no,-212.0,103.33137944709812,5.992430275638373,no
123007.0,39.0,entrepreneur,married,tertiary,yes,yes,,29.0,may,Night ,1.0,1.0,0.0,,yes,1.0,93.64786209964642,4.968876841580069,no
134656.0,31.0,technician,married,tertiary,no,,email,31.0,jul,Morning,16.0,16.0,0.0,,no,1186.0,86.20242667633619,5.591078288342128,no
130106.0,31.0,services,married,secondary,no,no,call,11.0,jul,Morning,3.0,3.0,0.0,,no,505.0,96.49063297077416,5.848619687911063,no
116604.0,36.0,entrepreneur,married,tertiary,yes,No,,6.0,may,Evening,3.0,3.0,0.0,,no,125.0,114.14272925459963,6.2504634493414715,no
142202.0,45.0,management,married,tertiary,yes,no,call,20.0,nov,eve,1.0,1.0,1.0,failure,no,96.0,95.54676666825445,3.136685084938657,no
159644.0,58.0,retired,married,secondary,no,no,call,20.0,may,Night,1.0,1.0,1.0,failure,no,1230.0,123.54449073252826,2.508905224913304,yes
159201.0,60.0,retired,divorced,secondary,no,no,call,16.0,mar,Morning,1.0,1.0,9.0,other,no,514.0,88.81535272313252,3.1017355629600605,yes
128782.0,30.0,management,single,secondary,no,yes,call,7.0,,Morning,2.0,2.0,0.0,,no,269.0,105.3588700684001,6.9532424634876655,no
128385.0,55.0,retired,married,secondary,no,yes,,1.0,jul,morning,2.0,2.0,0.0,,no,-180.0,104.25196458873208,7.75098151027332,no
124196.0,33.0,admin.,divorced,primary,yes,no,,2.0,jun,Night,4.0,4.0,0.0,,no,1416.0,105.04341157513167,5.868446130375594,no
160820.0,49.0,management,married,tertiary,no,no,,5.0,oct,eve,1.0,1.0,0.0,,no,2037.0,98.57442208603416,3.3115776657650255,no
137309.0,52.0,blue-collar,married,primary,no,no,call,18.0,aug,morning,5.0,5.0,0.0,,no,2977.0,99.14734725499311,5.745389648584567,no
142338.0,34.0,services,single,secondary,yes,no,call,20.0,nov,Night ,1.0,1.0,0.0,,no,16.0,103.39913155536775,3.3770673126844586,no
157496.0,41.0,student,single,secondary,yes,no,,18.0,sep,eve,1.0,1.0,2.0,success,no,595.0,91.56691175240668,5.154150159720297,no
129915.0,35.0,management,married,tertiary,no,no,call,11.0,jul,Night,1.0,1.0,0.0,,no,0.0,103.75971449229876,6.367513702419141,no
158322.0,61.0,retired,divorced,secondary,no,no,call,7.0,dec,Morning,3.0,3.0,0.0,,no,1761.0,95.2030497958387,4.573586044858749,no
139485.0,44.0,self-employed,married,tertiary,no,no,call,28.0,aug,Morning,4.0,4.0,0.0,,no,134.0,91.2404656649378,6.150794769826707,no
118185.0,50.0,blue-collar,married,primary,yes,no,,12.0,may,morning,3.0,3.0,0.0,,no,-37.0,,5.087692928701472,no
120436.0,33.0,blue-collar,married,secondary,yes,no,,20.0,may,morning,1.0,1.0,0.0,,no,-53.0,98.7327348775939,3.6749557990662587,no
129418.0,34.0,technician,married,secondary,no,no,call,9.0,jul,eve,1.0,1.0,0.0,,no,0.0,80.28625200039464,7.420475842751202,no
136285.0,50.0,management,married,tertiary,no,no,call,11.0,aug,Night,5.0,5.0,0.0,,no,1859.0,102.98178385801809,5.50222188113463,no
128954.0,42.0,management,divorced,secondary,no,no,call,,jul,Afternoon,1.0,1.0,0.0,,no,-272.0,112.38185418285144,4.494075289996603,no
124241.0,60.0,technician,divorced,secondary,yes,no,,3.0,jun,Morning,10.0,10.0,0.0,,no,11615.0,99.40677140192093,6.646338091538316,no
136625.0,51.0,admin.,married,secondary,no,yes,call,13.0,aug,Afternoon,2.0,2.0,0.0,,no,21.0,90.07072919845719,3.6189437708635572,no
160016.0,53.0,admin.,single,secondary,no,no,,10.0,jul,Evening,1.0,1.0,0.0,,no,654.0,105.3142424440149,4.990396678426588,yes
150861.0,30.0,entrepreneur,married,primary,yes,yes,call,6.0,may,Morning,2.0,2.0,0.0,,no,501.0,83.84987798542241,5.558879387805471,no
159816.0,68.0,retired,divorced,primary,no,No,call,15.0,jun,morning,2.0,2.0,2.0,success,no,2027.0,103.00384701220396,7.846871186509275,yes
126158.0,40.0,technician,married,secondary,no,no,,12.0,jun,Afternoon,4.0,4.0,0.0,,no,240.0,97.34801058638323,4.713463613413255,no
122459.0,38.0,entrepreneur,married,secondary,yes,No,,28.0,may,eve,3.0,3.0,0.0,,no,2849.0,103.42573359905029,8.231211945593099,no
140537.0,43.0,management,married,tertiary,no,no,call,17.0,nov,morning,2.0,2.0,0.0,,no,1781.0,95.06327349609445,4.855365432713243,no
135212.0,32.0,management,divorced,secondary,no,yes,call,6.0,aug,Evening,5.0,5.0,0.0,,no,-352.0,78.61705440473568,4.677999150196123,no
136913.0,44.0,entrepreneur,married,tertiary,no,no,email,14.0,aug,Night ,2.0,2.0,0.0,,no,624.0,105.28313566693149,4.478371000735489,yes
136963.0,57.0,retired,married,secondary,no,no,call,14.0,aug,eve,4.0,4.0,0.0,,no,209.0,104.73998748052746,6.299228424933006,no
147988.0,41.0,blue-collar,married,primary,yes,No,call,14.0,apr,Night,2.0,2.0,0.0,,no,875.0,100.28640985266517,4.263575295206067,no
133617.0,29.0,blue-collar,married,primary,yes,yes,call,29.0,jul,Morning,4.0,4.0,0.0,,no,59.0,100.0605591756287,5.918465945958914,no
130582.0,36.0,blue-collar,divorced,secondary,no,yes,call,15.0,jul,eve,13.0,13.0,0.0,,no,7051.0,99.51356441517103,7.942239908956664,no
130581.0,32.0,admin.,married,secondary,yes,yes,call,15.0,jul,morning,4.0,4.0,0.0,,no,3.0,100.23624042973371,6.700470248570731,no
131395.0,29.0,admin.,married,secondary,no,no,call,18.0,jul,Morning,2.0,2.0,0.0,,no,-193.0,113.9495646078203,7.396453375649692,no
121621.0,30.0,admin.,married,secondary,yes,yes,,26.0,may,Night ,1.0,1.0,0.0,,no,-170.0,107.59548901563628,4.359089220657609,no
127489.0,47.0,entrepreneur,married,secondary,no,no,,19.0,jun,Morning,2.0,2.0,0.0,,no,0.0,94.64020682670407,5.0287419524398445,no
143952.0,34.0,services,single,tertiary,no,no,call,28.0,jan,morning,2.0,2.0,0.0,,no,239.0,116.19496702839305,6.346099753236862,no
116830.0,27.0,management,single,tertiary,yes,yes,,7.0,may,Evening,3.0,3.0,0.0,,no,134.0,96.76979951050419,6.218812878074449,no
149323.0,42.0,admin.,divorced,secondary,no,yes,call,20.0,apr,Evening,1.0,1.0,0.0,,no,527.0,96.01508932063328,5.655312024602873,yes
129267.0,34.0,blue-collar,married,secondary,yes,No,call,9.0,jul,Afternoon,1.0,1.0,0.0,,yes,1.0,106.25257643336417,4.869585613932772,no
126707.0,60.0,blue-collar,married,primary,yes,no,,17.0,jun,Evening,2.0,2.0,0.0,,no,686.0,106.26137029454307,4.6838464509746105,no
132577.0,32.0,blue-collar,married,secondary,yes,no,call,24.0,jul,Morning,1.0,1.0,0.0,,no,2502.0,103.61873049569927,5.901800033794951,no
122206.0,49.0,management,married,tertiary,yes,no,,27.0,may,Afternoon,1.0,1.0,0.0,,no,1304.0,96.72667354732049,5.370428502225286,no
135765.0,38.0,management,married,tertiary,no,no,,8.0,aug,morning,4.0,4.0,0.0,,no,179.0,85.29330226711726,4.749326304915453,yes
136263.0,39.0,technician,married,secondary,no,No,call,11.0,aug,Afternoon,3.0,3.0,0.0,,no,3663.0,104.34128155695971,1.3805038163587127,no
122507.0,42.0,services,married,secondary,no,no,,28.0,may,Morning,3.0,3.0,0.0,,no,-262.0,121.63731425735398,4.232367469213676,no
159474.0,56.0,technician,married,secondary,yes,yes,call,29.0,apr,Night,1.0,1.0,3.0,other,no,0.0,97.34284053161862,5.293528241867477,no
126719.0,45.0,management,single,tertiary,no,no,,17.0,jun,Afternoon,1.0,1.0,0.0,,no,451.0,107.05402857170645,6.894044635996572,no
154422.0,35.0,admin.,divorced,secondary,yes,no,call,15.0,may,Night ,2.0,2.0,0.0,,no,-133.0,102.50438949358634,5.962985933395833,no
146451.0,32.0,blue-collar,divorced,primary,yes,no,call,5.0,feb,Night,4.0,4.0,1.0,failure,no,158.0,96.70020601025324,2.114467425602795,no
157414.0,77.0,retired,single,primary,no,no,call,9.0,sep,Afternoon,1.0,1.0,0.0,,no,,102.28326935494255,5.678451516770355,no
146189.0,29.0,management,married,tertiary,yes,no,call,5.0,feb,Evening,2.0,2.0,0.0,,no,204.0,100.96725205606185,6.082677405485617,no
157642.0,56.0,unemployed,married,secondary,no,no,call,12.0,oct,Night,3.0,3.0,1.0,failure,no,12.0,87.25088616183791,6.2722445594557925,yes
144574.0,47.0,unemployed,married,primary,yes,no,email,30.0,jan,Evening,1.0,1.0,1.0,other,no,168.0,98.11344212597339,4.121712408695508,no
131170.0,40.0,technician,married,tertiary,yes,yes,call,18.0,jul,eve,2.0,2.0,0.0,,no,5152.0,105.37199387902896,5.994754769315754,no
132437.0,40.0,services,married,secondary,yes,no,call,24.0,jul,Morning,4.0,4.0,0.0,,no,471.0,91.46174408207469,6.4007383955950745,yes
119628.0,30.0,services,single,secondary,yes,no,,16.0,may,Evening,2.0,2.0,0.0,,no,484.0,109.8634049922117,4.681701012026423,no
126413.0,46.0,technician,divorced,secondary,no,no,,16.0,jun,Evening,2.0,2.0,0.0,,no,454.0,109.30129909233042,4.936563965624668,no
148841.0,53.0,services,divorced,primary,yes,no,call,17.0,apr,Morning,2.0,2.0,0.0,,no,778.0,84.29070987837704,6.392819783773076,no
150692.0,32.0,services,single,secondary,yes,No,call,6.0,may,eve,1.0,1.0,0.0,,no,182.0,106.79045007312594,4.1776894026962195,no
140085.0,35.0,technician,married,secondary,yes,yes,call,17.0,nov,Night,1.0,1.0,0.0,,no,1577.0,104.24759713358176,4.847590695283121,no
154182.0,48.0,blue-collar,divorced,secondary,yes,no,call,15.0,may,Morning,5.0,5.0,0.0,,no,501.0,106.29855833339502,6.584657203487046,no
129885.0,31.0,student,married,primary,yes,no,call,10.0,jul,Morning,1.0,1.0,0.0,,no,46.0,105.08956407251064,3.9522703418405603,yes
122128.0,32.0,management,married,tertiary,yes,no,,27.0,may,Afternoon,1.0,1.0,0.0,,no,-383.0,116.25517811238888,4.8030226246538765,no
139573.0,42.0,self-employed,married,tertiary,no,No,call,28.0,aug,morning,13.0,13.0,0.0,,no,0.0,96.47269981998129,4.664457025245223,no
130715.0,51.0,services,married,secondary,yes,no,call,,,Night,3.0,3.0,0.0,,no,1605.0,115.28464133064224,5.394018260129631,no
128917.0,42.0,management,married,secondary,no,no,call,7.0,jul,Afternoon,1.0,1.0,0.0,,no,4314.0,106.93163798614299,7.483578229365447,no
156872.0,33.0,admin.,married,secondary,no,no,call,13.0,aug,Morning,2.0,2.0,0.0,,no,1604.0,90.42408377212381,6.658878194535558,no
151248.0,40.0,technician,single,secondary,yes,yes,call,7.0,may,eve,1.0,1.0,0.0,,no,1001.0,98.46536464825166,3.9371667507461687,no
122724.0,28.0,admin.,single,secondary,yes,no,,28.0,may,Evening,2.0,2.0,0.0,,no,419.0,131.7524465001274,6.3438425298988586,no
134768.0,49.0,blue-collar,married,secondary,no,no,call,4.0,aug,Night,1.0,1.0,0.0,,no,3348.0,107.65671340862828,5.645223307637673,no
118992.0,41.0,blue-collar,married,primary,yes,no,,14.0,may,eve,2.0,2.0,0.0,,no,574.0,83.8973361114086,6.331014392794434,no
127672.0,50.0,admin.,divorced,secondary,yes,no,,20.0,jun,Night,1.0,1.0,0.0,,no,0.0,92.31142619495554,5.368493452393782,no
135164.0,50.0,technician,married,secondary,no,no,call,6.0,aug,eve,3.0,3.0,0.0,,no,1412.0,108.50124390425428,5.29603974845656,no
148581.0,74.0,management,,tertiary,no,no,SMS,17.0,apr,Night ,5.0,5.0,0.0,,no,4515.0,88.19072430255298,6.17085732330059,no
160737.0,40.0,entrepreneur,married,secondary,no,no,call,22.0,sep,Morning,2.0,2.0,0.0,,no,6403.0,81.75384790427003,6.1318590626669955,yes
155744.0,34.0,management,married,tertiary,no,no,call,2.0,,eve,1.0,1.0,0.0,,no,611.0,107.73673656863886,6.181117597635687,yes
137141.0,30.0,management,single,tertiary,no,no,call,18.0,aug,Afternoon,3.0,3.0,0.0,,no,13763.0,107.93805261023002,8.353818207633823,no
143119.0,58.0,technician,married,tertiary,no,no,email,21.0,nov,Night,2.0,2.0,0.0,,no,289.0,99.21687060138683,5.296890598882547,no
141181.0,36.0,management,married,secondary,yes,no,call,18.0,nov,Evening,2.0,2.0,0.0,,no,644.0,98.83776688578817,6.00564754708781,no
128394.0,31.0,admin.,divorced,secondary,yes,no,,2.0,jul,eve,3.0,3.0,0.0,,no,824.0,110.2650510994029,2.7066342058944373,no
142689.0,36.0,self-employed,married,tertiary,no,no,call,20.0,nov,eve,3.0,3.0,0.0,,no,943.0,76.32237601542506,5.164160253570283,no
132728.0,44.0,management,married,tertiary,,No,email,24.0,jul,Afternoon,2.0,2.0,0.0,,no,0.0,111.37711293915066,5.204556062637693,no
137008.0,42.0,management,married,tertiary,no,No,call,14.0,aug,Morning,2.0,2.0,0.0,,no,36.0,102.35385690419936,5.300430446053962,no
147194.0,27.0,admin.,single,secondary,no,No,call,10.0,mar,Night ,1.0,1.0,0.0,,,464.0,92.8369717994779,4.691228781921708,no
121672.0,37.0,services,married,secondary,yes,yes,,26.0,may,Morning,8.0,8.0,0.0,,no,3429.0,,5.842101086664914,no
151768.0,38.0,self-employed,married,primary,yes,no,call,8.0,may,Morning,2.0,2.0,1.0,other,no,215.0,106.57121628213709,5.347612078996483,no
154882.0,29.0,admin.,single,secondary,yes,no,call,18.0,may,Morning,2.0,2.0,6.0,success,no,460.0,107.87019239735069,5.9597997907425295,no
117965.0,29.0,technician,married,tertiary,yes,no,,,may,Night ,3.0,3.0,0.0,,no,409.0,100.3474853298423,3.683462259986958,no
157426.0,62.0,retired,married,primary,no,no,call,10.0,sep,Afternoon,1.0,1.0,0.0,,no,383.0,102.3087260709709,5.085954127606889,no
121837.0,57.0,services,divorced,secondary,yes,no,,26.0,may,Afternoon,6.0,6.0,0.0,,no,1024.0,81.89288541813282,5.860053427400657,no
131191.0,35.0,admin.,single,secondary,yes,no,call,18.0,jul,Morning,3.0,3.0,0.0,,no,111.0,100.47476057293125,5.895878268917747,no
145639.0,30.0,management,single,tertiary,no,no,call,4.0,feb,eve,2.0,2.0,0.0,,no,1028.0,90.06277753535643,7.172712604982319,yes
158222.0,62.0,management,married,tertiary,no,no,call,17.0,nov,Night ,3.0,3.0,3.0,failure,no,10373.0,91.23965199817349,4.329201675464459,no
144593.0,59.0,admin.,married,primary,yes,no,call,30.0,jan,Night ,5.0,5.0,7.0,failure,no,879.0,92.41389976805539,5.840684234297721,no
141060.0,45.0,self-employed,married,tertiary,no,no,SMS,18.0,nov,Night ,2.0,2.0,0.0,,no,35589.0,81.15057704135889,5.797174209289121,no
121703.0,28.0,technician,married,secondary,yes,yes,,26.0,may,Evening,1.0,1.0,0.0,,no,930.0,99.54727272096096,6.853089311318596,no
131181.0,46.0,housemaid,divorced,primary,yes,no,call,18.0,jul,Night,2.0,2.0,0.0,,no,2084.0,83.13877731435795,4.968038951654463,yes
148160.0,28.0,services,single,secondary,,no,call,16.0,apr,Afternoon,1.0,1.0,0.0,,no,94.0,87.97957003381168,5.076938709572479,no
133135.0,48.0,housemaid,married,secondary,no,No,call,28.0,jul,morning,5.0,5.0,0.0,,no,0.0,111.73826926151949,,no
137224.0,49.0,blue-collar,married,primary,yes,yes,email,18.0,aug,Evening,2.0,2.0,0.0,,no,1798.0,99.29149412302075,8.360091017574453,no
132154.0,38.0,management,married,tertiary,no,yes,call,23.0,jul,morning,1.0,1.0,0.0,,no,1952.0,100.86222377915375,4.115223295965444,no
118536.0,47.0,technician,married,secondary,yes,yes,,13.0,may,morning,4.0,4.0,0.0,,no,449.0,91.40291130369276,5.7509643589209904,no
156324.0,33.0,technician,married,secondary,yes,yes,call,2.0,jul,morning,1.0,1.0,0.0,,no,3000.0,77.94401032195275,2.3272785966240646,no
157788.0,61.0,admin.,married,secondary,no,no,call,20.0,oct,morning,1.0,1.0,3.0,failure,no,1541.0,108.50835603199738,4.321700742483648,no
116755.0,40.0,management,single,tertiary,yes,no,,7.0,may,Night,1.0,1.0,0.0,,no,1265.0,118.41470204565302,4.699680585222985,no
131876.0,53.0,housemaid,married,secondary,no,no,call,22.0,jul,Night,6.0,6.0,0.0,,no,1103.0,101.61955296044714,8.254365035498083,no
138863.0,57.0,technician,married,tertiary,no,yes,call,26.0,aug,eve,2.0,2.0,0.0,,no,31.0,93.26598076595975,3.570981781592039,no
157875.0,55.0,admin.,married,secondary,yes,no,call,27.0,oct,Afternoon,1.0,1.0,3.0,failure,no,865.0,94.66489416042381,5.17167423964472,no
156404.0,65.0,retired,married,,no,no,call,7.0,jul,Night,1.0,1.0,0.0,,no,820.0,90.78752616570287,1.277862164902679,no
150153.0,26.0,admin.,single,secondary,no,yes,call,4.0,may,Night ,2.0,2.0,0.0,,no,160.0,102.26879519595634,3.1364516730960026,no
144447.0,32.0,services,married,secondary,yes,no,call,29.0,jan,Evening,2.0,2.0,5.0,failure,no,356.0,97.1492410237298,,no
142026.0,53.0,admin.,married,secondary,no,no,call,19.0,nov,Night,6.0,6.0,0.0,,no,2924.0,125.49775860667064,5.186029181792266,no
132434.0,57.0,services,married,secondary,no,No,SMS,24.0,jul,Night,3.0,3.0,0.0,,no,204.0,84.77442387654419,4.863480952539054,no
117232.0,49.0,admin.,divorced,secondary,yes,yes,,8.0,may,morning,1.0,1.0,0.0,,no,168.0,110.19401091189647,1.4559205887514977,yes
153264.0,35.0,admin.,single,tertiary,yes,no,call,13.0,may,Night ,3.0,3.0,3.0,other,no,153.0,96.46067627682591,2.776483749661312,no
120705.0,31.0,blue-collar,single,primary,yes,no,,21.0,may,morning,1.0,1.0,0.0,,no,216.0,91.1403416892543,5.7337735121108375,yes
122747.0,33.0,blue-collar,married,secondary,yes,no,,28.0,may,Afternoon,3.0,3.0,0.0,,no,529.0,98.16015613847199,4.881720041762501,no
124233.0,42.0,blue-collar,married,secondary,no,no,,2.0,jun,eve,3.0,3.0,0.0,,no,130.0,97.65857674806993,7.097171698832261,no
144688.0,47.0,housemaid,married,tertiary,yes,no,call,30.0,jan,Night,1.0,1.0,0.0,,no,1692.0,123.34457624820777,7.437251013998111,no
140059.0,33.0,admin.,single,secondary,no,no,SMS,13.0,nov,eve,1.0,1.0,0.0,,no,206.0,108.71168237750771,4.5320350509171075,no
119099.0,53.0,entrepreneur,married,tertiary,yes,No,,15.0,may,Evening,1.0,1.0,0.0,,no,420.0,105.12784376213924,7.5795547901866005,no
157726.0,62.0,housemaid,married,tertiary,no,no,call,15.0,oct,morning,2.0,2.0,1.0,success,no,1528.0,109.79652678436386,5.864195166983471,yes
135332.0,30.0,management,single,tertiary,,no,call,6.0,aug,Morning,3.0,3.0,0.0,,no,223.0,100.54833507363031,,no
116788.0,44.0,blue-collar,married,primary,yes,no,,7.0,may,Afternoon,1.0,1.0,0.0,,no,143.0,93.3421829982006,4.434551085745378,no
136925.0,37.0,management,married,tertiary,no,no,call,14.0,aug,Afternoon,2.0,2.0,0.0,,no,4332.0,103.66680633800762,5.039357192236229,no
147448.0,50.0,management,married,tertiary,yes,no,call,3.0,apr,Night ,1.0,1.0,3.0,failure,no,414.0,108.3149544155296,3.2797721305723813,yes
131114.0,31.0,management,divorced,tertiary,yes,no,call,17.0,jul,eve,5.0,5.0,0.0,,no,294.0,104.19162907185822,4.191454425931494,yes
150173.0,19.0,student,single,,no,no,call,4.0,may,Night ,6.0,6.0,0.0,,no,5368.0,105.9336947189835,3.956052111331897,no
124811.0,42.0,services,married,secondary,yes,no,,,,Evening,6.0,6.0,0.0,,no,717.0,103.55302359600525,4.490028523959962,no
133464.0,40.0,admin.,married,secondary,no,no,call,29.0,jul,Evening,2.0,2.0,0.0,,yes,94.0,102.65018861403716,4.817766505392474,no
125418.0,40.0,management,married,primary,yes,no,,6.0,jun,eve,7.0,7.0,0.0,,no,733.0,95.06543686364837,6.655999078903337,no
150052.0,54.0,technician,married,secondary,no,no,SMS,30.0,apr,Night,3.0,3.0,3.0,success,no,0.0,106.03016318182607,3.5483866817915204,yes
127284.0,55.0,blue-collar,married,secondary,no,no,,19.0,jun,Evening,1.0,1.0,0.0,,no,5874.0,92.09198071337178,8.005396073929344,no
116864.0,47.0,blue-collar,married,primary,yes,no,,7.0,may,Evening,1.0,1.0,0.0,,no,550.0,105.95445353579636,4.408013114530563,no
124112.0,40.0,admin.,single,,yes,no,,2.0,jun,Afternoon,1.0,1.0,0.0,,no,358.0,92.37416208769065,6.476915183349122,no
125392.0,29.0,technician,married,tertiary,yes,no,,6.0,jun,Night ,3.0,3.0,0.0,,no,-246.0,105.7144668686704,4.727245499093662,no
125899.0,57.0,services,divorced,primary,no,no,,9.0,jun,Morning,3.0,3.0,0.0,,no,1367.0,100.2807008069912,5.593293649849214,no
157464.0,49.0,technician,divorced,tertiary,yes,no,email,15.0,sep,Night ,1.0,1.0,0.0,,no,596.0,109.14006060317081,3.6352144366378267,yes
127883.0,41.0,management,married,tertiary,no,no,,20.0,jun,morning,5.0,5.0,0.0,,no,15.0,96.00866741312316,5.5432729620956325,no
154541.0,54.0,management,married,tertiary,yes,yes,email,15.0,may,Night ,5.0,5.0,0.0,,no,284.0,98.29414725799208,5.689408548173398,no
116986.0,32.0,admin.,married,secondary,yes,No,,7.0,may,eve,2.0,2.0,0.0,,no,1293.0,92.17998979973683,4.930523979438357,no
146663.0,29.0,blue-collar,single,secondary,no,no,call,6.0,feb,eve,2.0,2.0,0.0,,no,0.0,,8.042902267161612,no
142574.0,32.0,blue-collar,single,primary,yes,no,call,20.0,nov,eve,1.0,1.0,0.0,,no,121.0,96.04847515606737,2.5714515623035292,yes
119476.0,37.0,blue-collar,married,secondary,yes,no,,15.0,may,Afternoon,7.0,7.0,0.0,,no,77.0,86.26585522395774,4.869902608322315,no
158254.0,28.0,student,single,secondary,no,no,call,25.0,nov,Evening,1.0,1.0,2.0,failure,no,1925.0,102.69893822275668,5.485862516626914,yes
134909.0,41.0,management,married,tertiary,no,no,call,5.0,aug,morning,1.0,1.0,0.0,,no,1391.0,105.85333459539052,5.8871136800880866,no
131153.0,37.0,management,married,tertiary,no,No,call,17.0,jul,Morning,2.0,2.0,0.0,,yes,0.0,100.20300869583129,5.64176468452577,no
145069.0,40.0,services,married,secondary,yes,no,call,2.0,feb,Evening,2.0,2.0,0.0,,no,683.0,94.28875846606772,0.9588430821836722,no
154822.0,38.0,blue-collar,single,primary,yes,no,call,18.0,may,Afternoon,1.0,1.0,0.0,,no,378.0,97.42371789224798,7.559562329299368,no
121707.0,28.0,management,married,tertiary,yes,No,,26.0,may,eve,2.0,2.0,0.0,,no,102.0,93.11986505753269,5.074964724044325,no
147138.0,28.0,technician,single,secondary,no,no,call,3.0,mar,Night ,1.0,1.0,0.0,,no,126.0,89.2165106875288,3.6315394572598354,no
144277.0,39.0,services,married,secondary,no,no,call,29.0,jan,Night ,2.0,2.0,6.0,failure,no,1099.0,92.56699428601162,2.772521824129921,no
130566.0,57.0,blue-collar,divorced,secondary,yes,no,call,15.0,jul,Evening,4.0,4.0,0.0,,no,1103.0,98.98820621771351,6.653887934261172,no
155083.0,43.0,services,single,secondary,yes,no,call,18.0,may,eve,3.0,3.0,1.0,other,no,-63.0,100.3291804117251,5.4977331736455906,no
155220.0,26.0,blue-collar,single,secondary,yes,no,call,18.0,may,Night,6.0,6.0,1.0,other,no,23.0,104.40013906729573,3.9053446292081135,no
152237.0,57.0,technician,married,secondary,yes,no,email,11.0,may,Afternoon,1.0,1.0,12.0,failure,no,124.0,84.40856326550958,8.145411706006618,no
141902.0,43.0,admin.,married,secondary,yes,no,call,19.0,nov,Night ,2.0,2.0,0.0,,no,388.0,91.71061646207625,4.108860108299653,no
134815.0,51.0,management,married,tertiary,no,no,call,4.0,aug,Evening,2.0,2.0,0.0,,no,2430.0,102.19819448167826,7.17591869488014,no
117695.0,55.0,services,married,secondary,yes,yes,,9.0,may,Afternoon,1.0,1.0,0.0,,no,186.0,119.8790338595364,5.15890610667851,no
125451.0,49.0,blue-collar,married,primary,yes,no,,6.0,jun,Morning,1.0,1.0,0.0,,no,4830.0,94.14514798071095,5.356118205924892,no
129781.0,32.0,technician,married,secondary,yes,yes,call,10.0,jul,morning,1.0,1.0,0.0,,no,0.0,109.99953636122407,5.332753635785577,no
135454.0,35.0,technician,married,tertiary,no,no,call,7.0,aug,Night,2.0,2.0,0.0,,no,1654.0,102.83630909811805,2.8857128454883982,no
123054.0,48.0,management,married,primary,yes,no,,29.0,may,Night ,2.0,2.0,0.0,,no,1910.0,82.26261491903736,5.759800298064875,no
158208.0,49.0,technician,divorced,secondary,no,no,call,16.0,nov,morning,3.0,3.0,2.0,failure,no,972.0,112.97334670528242,4.400228751070864,no
153999.0,40.0,admin.,single,secondary,yes,no,call,15.0,may,Morning,3.0,3.0,6.0,other,no,60.0,86.7505360299962,2.6961586067603127,no
139643.0,30.0,technician,single,secondary,no,no,SMS,28.0,aug,eve,12.0,12.0,0.0,,no,1286.0,95.32621388539164,5.502675533979786,no
121584.0,35.0,,divorced,primary,,no,,26.0,may,eve,5.0,5.0,0.0,,no,3888.0,89.05016174820217,7.978276253326093,no
123021.0,52.0,technician,single,tertiary,yes,no,,29.0,may,Night,1.0,1.0,0.0,,no,1308.0,90.85262485537606,4.283640841773774,no
134293.0,59.0,blue-collar,married,primary,no,no,email,31.0,jul,Afternoon,7.0,7.0,0.0,,no,595.0,97.20624870603349,6.373257870958653,no
120429.0,33.0,services,married,secondary,yes,No,,20.0,may,eve,1.0,1.0,0.0,,no,7.0,102.4065771442149,5.46528999352182,no
134724.0,41.0,management,married,tertiary,no,no,call,4.0,aug,morning,1.0,1.0,0.0,,no,1254.0,107.4710876407646,8.615731522007744,no
126301.0,49.0,management,married,secondary,no,no,,12.0,jun,Night,1.0,1.0,0.0,,no,4848.0,83.83282507762843,1.575061742284098,no
120935.0,39.0,technician,married,secondary,yes,no,,21.0,may,Morning,1.0,1.0,0.0,,no,4444.0,109.30796284652826,8.568014191166423,no
153708.0,52.0,management,divorced,tertiary,yes,no,call,,may,eve,4.0,4.0,1.0,failure,no,482.0,103.55632991837471,4.932262436011721,no
129650.0,39.0,housemaid,married,primary,yes,no,SMS,10.0,jul,Afternoon,1.0,1.0,0.0,,no,1146.0,102.98433573875433,4.183570069477609,no
146218.0,29.0,unemployed,single,tertiary,no,no,call,5.0,feb,Morning,1.0,1.0,0.0,,no,991.0,112.68232901488362,6.802805095898714,no
125848.0,39.0,management,divorced,tertiary,yes,no,,9.0,jun,Morning,17.0,17.0,0.0,,no,3261.0,95.42546360726523,7.635868944134914,no
123579.0,52.0,blue-collar,married,primary,yes,no,,30.0,may,Afternoon,1.0,1.0,0.0,,no,2144.0,92.00918062814188,5.216415336957697,no
147540.0,33.0,blue-collar,married,secondary,yes,no,call,6.0,apr,Night,2.0,2.0,0.0,,no,1101.0,124.91948368185729,5.045730103745579,no
138053.0,41.0,housemaid,married,primary,no,no,call,21.0,aug,Night,4.0,4.0,0.0,,no,39.0,111.01842932266862,2.9590777802745425,no
156239.0,59.0,retired,married,primary,no,no,SMS,19.0,jun,Night ,3.0,3.0,0.0,,no,3648.0,99.73909209231907,2.6825342827045464,yes
152793.0,36.0,self-employed,single,secondary,yes,yes,call,12.0,may,Night,2.0,2.0,0.0,,no,74.0,90.75645982952815,5.822592733213154,no
118303.0,37.0,services,single,secondary,yes,no,,13.0,may,Morning,1.0,1.0,0.0,,no,1950.0,105.6204611704658,4.111464456520544,no
160212.0,22.0,unemployed,single,tertiary,no,no,call,28.0,jul,Morning,3.0,3.0,1.0,other,no,993.0,92.21333426549973,3.4853473218474935,yes
142245.0,41.0,blue-collar,married,primary,yes,no,call,20.0,nov,Night ,1.0,1.0,1.0,failure,no,7735.0,96.28960434519746,4.874230761966242,no
146406.0,,student,single,,,no,call,5.0,feb,eve,3.0,3.0,0.0,,no,2183.0,92.20743107851284,3.9728650738586992,no
137594.0,35.0,management,married,tertiary,yes,no,call,19.0,aug,Night ,3.0,3.0,0.0,,no,86.0,87.72226488450035,7.648989234317317,no
129802.0,29.0,blue-collar,married,secondary,yes,yes,call,10.0,jul,Night,1.0,1.0,0.0,,no,8.0,106.57404167830244,1.0628918820352773,yes
149800.0,23.0,student,single,secondary,no,No,call,30.0,apr,eve,1.0,1.0,6.0,success,no,0.0,111.6934357171806,4.762581910395909,yes
147348.0,29.0,management,married,tertiary,yes,no,call,31.0,mar,Evening,2.0,2.0,1.0,other,no,250.0,104.17468130068713,5.689250388197048,no
119188.0,60.0,entrepreneur,divorced,secondary,yes,no,,15.0,may,Evening,1.0,1.0,0.0,,no,80.0,116.42845214333788,4.4347199353871884,no
119258.0,35.0,entrepreneur,single,tertiary,yes,yes,,15.0,may,morning,4.0,4.0,0.0,,no,-68.0,94.31144994541371,5.505338771282362,no
117188.0,30.0,blue-collar,married,primary,yes,no,,8.0,may,Night,1.0,1.0,0.0,,no,3.0,103.03371499856348,5.664538656321643,no
124590.0,51.0,blue-collar,married,primary,yes,no,,3.0,jun,eve,7.0,7.0,0.0,,no,303.0,91.59607033281586,3.3051650633653082,no
149029.0,57.0,admin.,married,primary,yes,no,call,20.0,apr,Night,1.0,1.0,2.0,failure,no,202.0,93.04425758681516,6.3337927433534515,no
138034.0,32.0,technician,single,tertiary,no,no,call,21.0,aug,morning,2.0,2.0,0.0,,no,0.0,87.72471663504851,7.940213975505692,no
152679.0,35.0,blue-collar,single,secondary,yes,no,call,12.0,may,Morning,1.0,1.0,6.0,failure,no,68.0,95.23964821574634,6.12371915153804,no
124520.0,45.0,services,single,primary,yes,no,,3.0,jun,Morning,6.0,6.0,0.0,,no,1893.0,93.27512517578899,4.309613951714801,yes
151269.0,47.0,services,married,secondary,yes,no,call,7.0,may,morning,1.0,1.0,1.0,other,no,278.0,90.82075734157306,3.370248202539206,no
146371.0,48.0,blue-collar,married,secondary,yes,yes,call,5.0,feb,Night ,2.0,2.0,2.0,failure,no,426.0,96.91607043161427,7.47047122552128,no
121651.0,34.0,blue-collar,married,secondary,yes,no,,26.0,may,Night,1.0,1.0,0.0,,no,-563.0,89.01653430541046,2.9211685988849245,no
149571.0,58.0,management,married,secondary,yes,no,email,20.0,apr,Night ,3.0,3.0,0.0,,no,1112.0,82.12913568405385,3.6964677829360557,no
159171.0,33.0,self-employed,married,tertiary,yes,no,call,12.0,mar,Morning,2.0,2.0,2.0,failure,no,1676.0,101.73135708021115,5.365842706013841,no
126776.0,38.0,blue-collar,married,secondary,no,no,,17.0,jun,Afternoon,2.0,2.0,0.0,,no,702.0,101.05186999568863,3.003109647184416,no
156410.0,61.0,retired,married,secondary,no,No,call,7.0,jul,Evening,2.0,2.0,0.0,,no,123.0,96.30720173809718,7.935241025340412,no
160425.0,32.0,student,single,,no,no,call,12.0,aug,Afternoon,1.0,1.0,5.0,failure,no,376.0,90.29460381000352,6.164952733441268,no
157690.0,33.0,management,married,tertiary,yes,No,call,14.0,oct,Evening,1.0,1.0,0.0,,no,1297.0,106.55276355061531,3.71059407828324,no
120295.0,39.0,admin.,married,secondary,no,yes,,20.0,may,Night ,1.0,1.0,0.0,,no,6421.0,93.65678420560364,6.0008675140367576,no
160641.0,24.0,student,single,secondary,no,no,call,9.0,sep,eve,4.0,4.0,0.0,,no,139.0,93.4666678827609,2.0791508740130364,yes
123570.0,39.0,technician,single,tertiary,no,no,,30.0,may,Afternoon,2.0,2.0,0.0,,no,4660.0,94.82446551036917,5.415008924074551,no
147527.0,34.0,admin.,single,secondary,yes,no,call,6.0,apr,Night,2.0,2.0,0.0,,no,266.0,96.53293317090717,5.604159468565428,no
149046.0,52.0,services,divorced,secondary,yes,no,SMS,20.0,apr,Night,4.0,4.0,0.0,,no,1430.0,114.84127816332075,4.512213084398541,no
131757.0,45.0,services,married,secondary,yes,yes,call,21.0,jul,Morning,2.0,2.0,0.0,,no,-406.0,102.6929187200321,6.638778788338604,no
138966.0,48.0,management,married,primary,no,no,call,26.0,aug,morning,6.0,6.0,0.0,,no,2537.0,90.06901951679176,5.679656891101763,no
143146.0,30.0,housemaid,single,secondary,yes,no,call,21.0,nov,Evening,2.0,2.0,0.0,,no,358.0,88.69026740413128,1.649152022577466,no
133489.0,47.0,services,single,secondary,no,no,call,29.0,jul,eve,2.0,2.0,0.0,,no,917.0,80.05083129970174,3.524936150395113,no
155089.0,33.0,admin.,single,secondary,yes,yes,call,18.0,may,Night ,2.0,2.0,4.0,other,no,-371.0,90.51339429759989,6.82628631573149,no
122576.0,34.0,blue-collar,single,secondary,yes,no,,28.0,may,Night ,1.0,1.0,0.0,,no,-108.0,105.09932463324218,6.484581832558034,no
152985.0,47.0,housemaid,single,primary,yes,No,call,13.0,may,Evening,1.0,1.0,0.0,,no,2785.0,82.04341146899324,2.1380945899368937,yes
137653.0,48.0,technician,married,secondary,yes,no,call,19.0,aug,eve,4.0,4.0,0.0,,no,606.0,102.2780233289062,4.15164484239953,no
116411.0,34.0,blue-collar,single,tertiary,yes,no,,6.0,may,Evening,1.0,1.0,0.0,,no,1011.0,101.71860732872173,5.487897596436535,no
144936.0,48.0,blue-collar,married,,yes,no,call,2.0,feb,Evening,1.0,1.0,2.0,other,no,439.0,102.29606231105875,5.949089309418084,no
116601.0,33.0,blue-collar,married,secondary,yes,no,,6.0,may,Night,2.0,2.0,0.0,,no,372.0,98.79758283386317,3.24690628895933,no
157528.0,23.0,technician,single,secondary,no,no,call,25.0,sep,eve,1.0,1.0,1.0,failure,no,4545.0,101.54411342839545,7.345286736658396,no
124916.0,53.0,management,married,tertiary,no,yes,,5.0,jun,Afternoon,1.0,1.0,0.0,,yes,0.0,96.06176702952256,4.460527491241413,no
137934.0,33.0,management,single,tertiary,no,no,SMS,20.0,aug,Afternoon,9.0,9.0,0.0,,no,215.0,98.75611732334848,3.865633581991052,no
116606.0,40.0,admin.,single,,yes,no,,6.0,may,Evening,3.0,3.0,0.0,,no,419.0,99.1005715853842,4.375095185526285,no
158270.0,58.0,technician,married,secondary,no,no,SMS,30.0,nov,eve,2.0,2.0,8.0,success,no,3399.0,96.37980573621059,4.570193878454754,yes
154706.0,40.0,admin.,single,secondary,yes,no,call,18.0,may,Night ,2.0,2.0,2.0,failure,no,2040.0,108.49368427065183,4.116249863721123,yes
123015.0,35.0,admin.,married,secondary,yes,no,,29.0,may,Night ,1.0,1.0,0.0,,no,404.0,103.30834742263796,7.3485402416311345,yes
154782.0,43.0,management,single,tertiary,no,no,email,18.0,may,Morning,9.0,9.0,0.0,,no,776.0,81.66580565531405,5.329088428381977,no
138946.0,60.0,retired,married,primary,no,no,call,26.0,aug,Evening,2.0,2.0,0.0,,no,5.0,98.1508672121046,8.845061315082646,no
155404.0,36.0,technician,married,tertiary,yes,yes,call,25.0,may,morning,2.0,2.0,3.0,failure,no,911.0,97.09780185141021,5.321439553508036,yes
116145.0,33.0,technician,divorced,secondary,yes,no,,5.0,may,morning,1.0,1.0,0.0,,no,140.0,116.19173840009543,6.33143207281991,no
118044.0,30.0,services,single,secondary,yes,no,,12.0,may,eve,2.0,2.0,0.0,,no,122.0,113.72416935835331,5.953533158079594,no
146693.0,52.0,blue-collar,married,primary,yes,No,call,6.0,feb,eve,3.0,3.0,4.0,other,no,320.0,116.94447493704725,6.777806561410192,no
136741.0,53.0,services,married,secondary,no,no,call,13.0,aug,Evening,4.0,4.0,0.0,,no,6170.0,103.60365523236197,2.4276583303863424,yes
158147.0,39.0,student,single,,no,no,call,12.0,nov,Night ,2.0,2.0,1.0,failure,no,64.0,105.24075094867173,4.518968315396244,no
157427.0,38.0,management,married,tertiary,no,No,call,10.0,sep,Night ,2.0,2.0,0.0,,no,1.0,101.18536183409861,4.183371194205092,no
156520.0,47.0,management,married,tertiary,no,no,call,5.0,aug,Afternoon,3.0,3.0,2.0,success,no,699.0,117.74900412030013,6.0275180671412425,no
144458.0,48.0,technician,married,secondary,yes,no,call,29.0,jan,Night ,2.0,2.0,3.0,failure,,101.0,109.10493279704964,3.0969542698668717,no
148040.0,32.0,services,single,secondary,no,No,call,15.0,apr,Evening,1.0,1.0,0.0,,no,133.0,113.7482016028687,5.068677107255198,yes
116552.0,32.0,admin.,married,tertiary,yes,no,,6.0,may,Night ,1.0,1.0,0.0,,no,281.0,109.95961718586078,6.784282115301178,no
145056.0,31.0,technician,single,secondary,no,No,call,2.0,feb,Night,1.0,1.0,0.0,,no,775.0,104.51855997119213,5.81239133429064,no
117481.0,35.0,management,married,tertiary,no,yes,,8.0,may,Evening,3.0,3.0,0.0,,yes,89.0,95.1689138501686,6.6605405472374235,no
146573.0,37.0,unemployed,divorced,secondary,yes,no,call,6.0,feb,Afternoon,1.0,1.0,1.0,failure,no,74.0,102.12509519656406,4.88823496791941,no
117181.0,35.0,technician,married,secondary,yes,no,,8.0,may,Morning,1.0,1.0,0.0,,no,319.0,87.9370741194731,5.077693182047193,no
141049.0,48.0,management,single,tertiary,yes,No,call,18.0,nov,Evening,1.0,1.0,2.0,failure,no,648.0,112.77103867288686,2.566506784549178,no
146387.0,46.0,technician,married,tertiary,no,no,call,5.0,feb,eve,2.0,2.0,1.0,failure,no,157.0,109.89050794270341,3.9126007678688213,no
125243.0,33.0,blue-collar,married,primary,yes,no,,6.0,jun,Afternoon,2.0,2.0,0.0,,no,3704.0,83.6217287741829,6.773442456261902,no
118782.0,50.0,management,married,secondary,yes,No,,14.0,may,morning,4.0,4.0,0.0,,no,0.0,112.16824006824217,5.39122290445876,no
122716.0,40.0,management,married,secondary,no,yes,,28.0,may,Night ,3.0,3.0,0.0,,no,-240.0,105.9698450762273,5.709913520022353,no
159261.0,70.0,management,married,tertiary,no,no,call,26.0,mar,Night ,1.0,1.0,0.0,,no,1295.0,126.57491386618231,6.8797430948873615,no
160324.0,34.0,technician,married,secondary,yes,no,call,5.0,aug,eve,2.0,2.0,3.0,success,no,0.0,92.63078415777066,6.694116519452658,yes
139569.0,45.0,self-employed,married,tertiary,no,no,call,28.0,aug,Night,4.0,4.0,0.0,,no,240.0,96.70319698993171,3.322255975305771,no
147284.0,46.0,management,divorced,tertiary,yes,no,call,24.0,mar,Night ,2.0,2.0,0.0,,no,-130.0,102.88551753822733,3.7204927291746017,yes
123553.0,53.0,technician,married,secondary,yes,no,,30.0,may,Evening,1.0,1.0,0.0,,no,2647.0,112.14624166277326,5.189171268822929,no
142655.0,45.0,unemployed,married,tertiary,,yes,call,20.0,nov,Morning,1.0,1.0,0.0,,no,3559.0,123.94507732761045,4.2252857775464925,no
132608.0,27.0,management,married,tertiary,yes,no,call,24.0,jul,Morning,2.0,2.0,0.0,,no,2729.0,95.81632529921626,3.7681189284310985,no
142944.0,49.0,entrepreneur,,tertiary,yes,no,call,21.0,nov,morning,1.0,1.0,0.0,,no,4976.0,97.5493973121315,5.416053591099537,no
129180.0,49.0,blue-collar,single,primary,no,no,call,8.0,jul,eve,2.0,2.0,0.0,,no,1040.0,97.45639991928034,4.422533434732833,no
159660.0,70.0,management,married,secondary,no,no,call,21.0,may,eve,1.0,1.0,9.0,failure,no,4.0,109.69558029669557,5.239029421993175,no
117578.0,25.0,admin.,single,secondary,yes,yes,,9.0,may,morning,1.0,1.0,0.0,,no,131.0,94.6863334480391,5.5215129828683205,no
116510.0,40.0,blue-collar,married,primary,yes,no,,6.0,may,Night ,2.0,2.0,0.0,,no,2880.0,103.60214483144993,3.8739163339562337,no
124584.0,27.0,student,single,secondary,yes,No,,3.0,jun,Evening,1.0,1.0,0.0,,no,,124.94156657311545,6.797852550524582,no
128398.0,45.0,technician,single,secondary,no,yes,,2.0,jul,Morning,3.0,3.0,0.0,,no,52.0,106.58074962057567,2.151248025265191,no
146757.0,28.0,technician,single,secondary,no,no,call,9.0,feb,eve,2.0,2.0,0.0,,no,313.0,103.5709971598068,5.47512863934429,yes
134380.0,41.0,services,married,secondary,yes,no,call,,jul,Morning,2.0,2.0,0.0,,no,-459.0,110.33071116994086,6.1303159178150555,no
129522.0,52.0,blue-collar,divorced,primary,no,yes,SMS,9.0,jul,Afternoon,1.0,1.0,0.0,,no,98.0,109.87241243393376,3.4075466000585095,no
140475.0,32.0,admin.,married,secondary,yes,yes,call,17.0,nov,Morning,2.0,2.0,2.0,failure,no,0.0,83.92983970584103,6.831237519553099,no
147749.0,29.0,technician,married,secondary,yes,no,call,8.0,apr,Night,2.0,2.0,0.0,,no,23.0,102.6376392103134,5.469676143603891,no
134804.0,47.0,management,married,tertiary,no,no,call,4.0,aug,Evening,2.0,2.0,0.0,,no,1057.0,115.03634977690291,7.1303243000773895,no
138377.0,31.0,management,divorced,tertiary,no,yes,call,22.0,aug,morning,6.0,6.0,0.0,,no,-6.0,113.19975275132076,6.989099267222281,no
124609.0,29.0,services,single,secondary,yes,yes,,4.0,jun,Evening,1.0,1.0,0.0,,no,-527.0,89.85984757390845,2.445109963084174,no
145423.0,32.0,housemaid,married,tertiary,yes,No,call,3.0,feb,Afternoon,3.0,3.0,2.0,failure,no,357.0,92.0776862751613,5.998586541768692,no
144687.0,36.0,blue-collar,married,secondary,yes,No,call,30.0,jan,Evening,2.0,2.0,0.0,,no,160.0,93.27396949173695,5.749541359228294,no
141162.0,39.0,unemployed,married,tertiary,yes,No,call,18.0,nov,Evening,2.0,2.0,0.0,,no,1108.0,125.80107686863761,4.980186403788797,no
117688.0,28.0,services,single,secondary,no,no,,9.0,may,Morning,3.0,3.0,0.0,,no,234.0,90.50256362387992,3.0367158102885297,no
121640.0,53.0,technician,divorced,secondary,yes,no,,26.0,may,Night,1.0,1.0,0.0,,no,1252.0,99.30952183668639,6.397883822152299,no
152576.0,55.0,management,married,tertiary,yes,no,call,12.0,may,morning,1.0,1.0,0.0,,no,5709.0,106.3096222443661,6.324124271017286,no
124297.0,29.0,blue-collar,married,secondary,yes,no,,3.0,jun,morning,2.0,2.0,0.0,,no,-475.0,106.63215789129194,6.380262119593334,no
119649.0,33.0,services,divorced,secondary,yes,no,,16.0,may,Evening,1.0,1.0,0.0,,no,2.0,124.10599407639711,5.030476475483756,no
123102.0,34.0,technician,married,tertiary,yes,yes,,29.0,may,Night,4.0,4.0,0.0,,no,285.0,106.45186471915058,5.5327729310659315,no
120244.0,25.0,blue-collar,married,secondary,yes,yes,,19.0,may,Evening,2.0,2.0,0.0,,no,316.0,94.50118224078876,6.213620456670684,no
117375.0,,management,married,tertiary,no,no,,8.0,may,morning,9.0,9.0,0.0,,no,76.0,86.40859394040726,3.3398388871037072,no
133586.0,39.0,housemaid,married,secondary,yes,no,call,29.0,jul,Morning,4.0,4.0,0.0,,no,0.0,103.40331259476943,6.383633176859443,no
144826.0,37.0,management,divorced,tertiary,no,no,call,2.0,feb,morning,1.0,1.0,0.0,,no,88.0,101.66550466002138,5.861288445198248,no
160509.0,31.0,technician,single,secondary,no,no,,31.0,aug,morning,1.0,1.0,0.0,,no,18.0,104.59280470908459,4.912201404895378,no
155980.0,44.0,technician,married,secondary,no,No,call,4.0,jun,morning,2.0,2.0,0.0,,no,1319.0,103.25477475590691,2.25376216438881,no
157725.0,26.0,admin.,single,secondary,no,no,call,15.0,oct,Afternoon,2.0,2.0,0.0,,no,766.0,,7.437519343329268,yes
158882.0,75.0,retired,divorced,primary,no,no,call,11.0,feb,Night,1.0,1.0,0.0,,no,37127.0,91.3566373451744,3.6386899842865,no
133909.0,31.0,technician,married,secondary,yes,no,call,30.0,jul,Afternoon,3.0,3.0,0.0,,no,0.0,98.99445216580187,4.44077295931962,no
130603.0,33.0,admin.,married,secondary,yes,no,call,15.0,jul,Night,6.0,6.0,0.0,,no,0.0,86.1643755746731,5.739638648010187,no
152827.0,34.0,blue-collar,married,secondary,yes,no,call,12.0,may,morning,3.0,3.0,0.0,,no,840.0,85.71670560105596,4.401566397779629,no
142010.0,32.0,management,single,tertiary,no,yes,call,19.0,nov,Night ,2.0,2.0,0.0,,no,509.0,88.07901637580906,4.161766038169093,no
115958.0,60.0,retired,married,tertiary,no,no,,5.0,may,morning,1.0,1.0,0.0,,no,100.0,109.59370473797314,5.067818843471082,no
142419.0,58.0,admin.,married,,no,no,call,20.0,nov,Night,1.0,1.0,0.0,,no,5763.0,103.20198995531331,4.705616431009796,no
151787.0,44.0,technician,single,secondary,yes,No,call,8.0,may,Night,2.0,2.0,1.0,failure,no,293.0,117.35034932872361,4.842999207397896,no
159715.0,59.0,retired,married,primary,no,no,call,28.0,may,Evening,3.0,3.0,6.0,failure,no,4007.0,102.27937325382157,5.212335219699179,no
143468.0,48.0,technician,married,secondary,no,no,call,21.0,nov,Evening,2.0,2.0,0.0,,no,1000.0,97.17355133202264,3.9975695376500333,no
129546.0,58.0,housemaid,married,primary,yes,no,SMS,9.0,jul,eve,1.0,1.0,0.0,,no,0.0,90.79059375438065,5.581848139105329,no
158291.0,48.0,management,married,tertiary,no,no,call,3.0,dec,Night,1.0,1.0,3.0,success,no,1147.0,111.23170998519612,8.658538921712982,yes
132442.0,47.0,technician,single,tertiary,no,yes,call,24.0,jul,eve,4.0,4.0,0.0,,no,31.0,100.09900899707817,7.088842324407977,no
125080.0,50.0,technician,divorced,tertiary,no,no,,5.0,jun,morning,2.0,2.0,0.0,,no,1044.0,108.48277188251554,7.510078739551378,no
137710.0,48.0,services,married,secondary,no,no,call,20.0,aug,eve,2.0,2.0,0.0,,,-20.0,95.22062504955656,4.641767128923563,no
153397.0,30.0,technician,single,tertiary,yes,no,call,13.0,may,eve,3.0,3.0,0.0,,no,106.0,104.651366726085,2.617082576066597,no
153837.0,38.0,services,married,secondary,yes,no,call,14.0,may,Night,4.0,4.0,3.0,other,no,7708.0,111.85026517373919,4.911822950787102,no
122959.0,35.0,blue-collar,married,secondary,yes,yes,,28.0,may,Night ,2.0,2.0,0.0,,no,-659.0,116.49518692941203,6.775855187759339,no
158216.0,31.0,student,single,,no,no,call,16.0,nov,Afternoon,1.0,1.0,2.0,other,no,376.0,90.575161488663,3.8593588995625256,no
155779.0,25.0,management,single,tertiary,no,no,call,2.0,jun,Afternoon,1.0,1.0,0.0,,no,4578.0,86.22753199371331,3.387801055539158,no
126217.0,48.0,technician,married,,no,no,,12.0,jun,Night,1.0,1.0,0.0,,no,74.0,104.82067002888,3.9525986301445095,no
133575.0,34.0,management,single,tertiary,yes,no,call,29.0,jul,Evening,5.0,5.0,0.0,,no,5284.0,92.41432658865261,6.927768538463793,no
145289.0,37.0,management,married,tertiary,yes,no,call,2.0,feb,Night,2.0,2.0,4.0,other,no,4089.0,107.80418202611695,5.830698614188513,yes
155896.0,32.0,services,single,tertiary,no,no,call,3.0,jun,morning,1.0,1.0,0.0,,no,785.0,103.46652639786409,7.593044232910209,no
125937.0,38.0,self-employed,single,secondary,no,no,,11.0,jun,Morning,2.0,2.0,0.0,,no,,95.08061720578596,5.26792877602355,no
144689.0,27.0,technician,single,tertiary,no,yes,call,30.0,jan,Night,1.0,1.0,0.0,,no,149.0,86.76646226705368,5.303322698188822,no
144298.0,28.0,technician,single,tertiary,yes,No,call,29.0,jan,morning,2.0,2.0,0.0,,no,959.0,95.28934097111588,4.499880240647012,no
131934.0,41.0,technician,single,tertiary,no,no,call,22.0,jul,morning,2.0,2.0,0.0,,no,145.0,105.67659128996237,4.864613527292519,yes
124859.0,59.0,housemaid,married,primary,no,no,,5.0,jun,Evening,1.0,1.0,0.0,,no,0.0,107.69452120715613,3.7815705629918095,no
159096.0,32.0,management,single,tertiary,no,no,call,4.0,mar,Morning,2.0,2.0,5.0,other,no,354.0,111.89638796125527,3.629168742092145,yes
139307.0,37.0,housemaid,single,tertiary,no,no,call,27.0,aug,eve,5.0,5.0,0.0,,no,206.0,84.77751137845782,5.192719682203475,no
139514.0,31.0,management,single,tertiary,no,no,call,28.0,aug,Evening,16.0,16.0,0.0,,no,35.0,95.669384119879,6.826973752148232,no
158452.0,33.0,admin.,single,tertiary,no,no,call,28.0,dec,morning,4.0,4.0,0.0,,no,102.0,108.00940156667833,5.1276679172704025,no
119326.0,25.0,technician,single,tertiary,yes,no,,15.0,may,eve,1.0,1.0,0.0,,no,468.0,92.31135418651976,8.115794215207297,no
132969.0,36.0,entrepreneur,single,secondary,no,No,call,25.0,jul,Morning,3.0,3.0,0.0,,no,475.0,93.86452693009313,6.225654480222608,no
146668.0,28.0,blue-collar,married,secondary,no,no,call,6.0,feb,Night ,4.0,4.0,3.0,other,no,1137.0,90.88775821308751,,no
122566.0,24.0,services,single,secondary,yes,no,,,may,Night,1.0,1.0,0.0,,no,1611.0,103.71000982253157,6.9208570209712885,no
117524.0,49.0,blue-collar,married,primary,yes,no,,9.0,may,Night ,1.0,1.0,0.0,,no,186.0,92.72797165246305,7.471756974001891,no
133217.0,51.0,management,married,tertiary,no,no,call,28.0,jul,Evening,19.0,19.0,0.0,,no,57.0,95.12997804314118,4.556738564970395,no
142935.0,50.0,technician,married,tertiary,yes,no,call,21.0,nov,Morning,1.0,1.0,0.0,,no,267.0,91.80535373167217,6.880784632863536,no
116813.0,41.0,technician,married,secondary,yes,no,,7.0,may,Afternoon,2.0,2.0,0.0,,no,169.0,86.67797213248605,3.60388610761892,no
122292.0,30.0,technician,single,tertiary,yes,no,,27.0,may,Morning,1.0,1.0,0.0,,no,445.0,84.19099149853534,4.857508322898707,no
141482.0,48.0,management,married,secondary,yes,No,call,19.0,nov,Afternoon,1.0,1.0,0.0,,no,3663.0,95.97811739397017,3.4773110331407637,no
135427.0,32.0,technician,single,secondary,no,no,call,7.0,,Night,2.0,2.0,0.0,,no,12.0,95.63396233137712,4.260495670173377,no
119818.0,55.0,management,single,tertiary,yes,No,,16.0,may,morning,1.0,1.0,0.0,,no,1464.0,79.13641369970767,4.522004505066126,no
146762.0,32.0,blue-collar,married,secondary,yes,yes,call,9.0,feb,Afternoon,3.0,3.0,0.0,,no,322.0,95.74742003379559,7.2665815845711075,no
116495.0,56.0,blue-collar,married,primary,yes,yes,,6.0,may,Night,2.0,2.0,0.0,,no,5.0,100.72755324963072,5.906296807106904,no
132750.0,27.0,blue-collar,single,secondary,no,yes,call,25.0,jul,Night,2.0,2.0,0.0,,no,2074.0,116.59986990073217,3.898030436270785,no
159214.0,22.0,self-employed,single,tertiary,no,no,call,17.0,mar,Evening,3.0,3.0,0.0,,no,780.0,93.87479574070099,3.624178096327424,yes
134382.0,40.0,blue-collar,married,secondary,no,no,call,31.0,jul,Evening,2.0,2.0,0.0,,no,1954.0,102.86545403068855,6.847416776284101,yes
127605.0,53.0,technician,married,secondary,yes,yes,,20.0,jun,morning,1.0,1.0,0.0,,no,472.0,109.90917987529896,4.888628611414994,no
130217.0,34.0,management,single,tertiary,no,no,call,14.0,jul,eve,3.0,3.0,0.0,,no,,86.22734067126532,5.519978353074622,no
151149.0,45.0,entrepreneur,married,tertiary,yes,no,call,7.0,may,eve,1.0,1.0,5.0,failure,no,3689.0,100.17717245713813,7.542239017293104,no
118661.0,28.0,blue-collar,single,primary,yes,yes,,14.0,may,Night ,3.0,3.0,0.0,,no,348.0,97.86051184354278,4.781290566608604,no
117797.0,57.0,management,married,secondary,yes,no,,9.0,may,Afternoon,7.0,7.0,0.0,,no,0.0,99.17899501670021,6.492958361078784,no
158784.0,61.0,management,married,tertiary,no,no,email,4.0,feb,Night,2.0,2.0,2.0,success,no,175.0,100.02749496735157,6.845517394307587,no
117299.0,43.0,blue-collar,divorced,secondary,yes,no,,8.0,may,Morning,1.0,1.0,0.0,,no,338.0,105.16282716177692,5.882887593903859,no
132663.0,57.0,entrepreneur,married,primary,yes,no,call,24.0,jul,Afternoon,6.0,6.0,0.0,,no,6.0,95.13455585137488,5.809314642366095,no
123622.0,45.0,blue-collar,married,secondary,yes,yes,,30.0,may,morning,2.0,2.0,0.0,,no,159.0,119.6894391199628,5.667198965036354,no
122346.0,44.0,technician,divorced,secondary,yes,no,,27.0,may,Evening,5.0,5.0,0.0,,no,-562.0,99.907348368417,4.686870089378951,no
135162.0,44.0,self-employed,married,secondary,no,no,call,6.0,aug,eve,4.0,4.0,0.0,,no,313.0,85.92911304931027,5.389075504140353,no
139563.0,31.0,management,single,tertiary,no,no,call,28.0,,Night ,1.0,1.0,0.0,,no,713.0,107.1222860622909,4.178285263963303,no
147967.0,33.0,admin.,single,tertiary,yes,no,call,14.0,apr,Afternoon,1.0,1.0,0.0,,no,867.0,103.4080443235324,2.1801326861912913,no
127246.0,60.0,entrepreneur,married,primary,no,No,,19.0,jun,Night ,13.0,13.0,0.0,,no,987.0,118.98536561296211,2.4291334390229657,no
138093.0,31.0,technician,single,tertiary,no,no,call,21.0,aug,Afternoon,4.0,4.0,0.0,,no,26.0,90.93389825782461,3.7502399473119277,no
121589.0,56.0,technician,married,secondary,no,no,,26.0,may,morning,2.0,2.0,0.0,,no,463.0,100.15529048517361,5.0039796797114215,no
132705.0,49.0,technician,divorced,secondary,no,No,call,24.0,jul,Afternoon,2.0,2.0,0.0,,no,305.0,99.30635558844754,5.517829387171776,yes
130012.0,42.0,housemaid,married,primary,no,yes,call,11.0,jul,Evening,2.0,2.0,0.0,,no,0.0,112.78061531652159,5.6879657576561184,no
154864.0,33.0,technician,single,tertiary,yes,no,call,18.0,may,Night ,11.0,11.0,0.0,,no,2164.0,97.41637370591538,4.259524859881213,no
138202.0,30.0,management,single,tertiary,no,no,call,21.0,aug,Afternoon,1.0,1.0,0.0,,no,254.0,101.53461146602025,8.028468884444582,no
152319.0,37.0,technician,single,tertiary,yes,no,call,11.0,may,eve,3.0,3.0,0.0,,no,555.0,84.80802062930185,5.6364477108146955,no
127780.0,42.0,blue-collar,married,primary,yes,no,,20.0,jun,Morning,3.0,3.0,0.0,,no,161.0,81.55613338971048,4.014019276568157,no
118698.0,59.0,retired,divorced,primary,yes,No,,14.0,may,Evening,1.0,1.0,0.0,,no,1534.0,104.26644100290953,4.6280148478287275,no
128052.0,56.0,unemployed,married,secondary,yes,no,,20.0,jun,Morning,3.0,3.0,0.0,,no,733.0,99.21258568515499,1.5376297778483297,no
133686.0,46.0,admin.,married,secondary,yes,no,SMS,29.0,jul,Night,11.0,11.0,0.0,,no,659.0,109.17233698720047,6.9111103752289225,yes
125857.0,40.0,blue-collar,married,secondary,yes,no,,9.0,jun,Night ,17.0,17.0,0.0,,no,2932.0,94.28432787775303,3.7913727897113763,no
129657.0,32.0,services,married,secondary,yes,no,SMS,10.0,jul,eve,1.0,1.0,0.0,,no,0.0,102.62928767143107,5.098105544836886,no
140833.0,34.0,admin.,single,secondary,no,yes,call,18.0,nov,Night,1.0,1.0,3.0,failure,no,10.0,104.13794472481214,4.371341429574947,no
132526.0,46.0,blue-collar,married,secondary,yes,no,call,24.0,jul,eve,2.0,2.0,0.0,,no,310.0,106.1448686221018,6.258873810296615,no
159628.0,79.0,retired,married,primary,no,no,SMS,17.0,may,Night ,5.0,5.0,0.0,,no,1058.0,85.80648207081298,4.245008105360344,no
135742.0,34.0,management,divorced,tertiary,no,no,call,8.0,aug,Afternoon,2.0,2.0,0.0,,no,221.0,88.13248390605307,3.9534576272977944,no
138299.0,30.0,management,married,secondary,no,no,call,22.0,aug,morning,2.0,2.0,0.0,,no,0.0,99.77428233442626,5.371448281985827,no
151448.0,30.0,technician,single,tertiary,yes,no,call,7.0,may,Evening,3.0,3.0,1.0,failure,no,3086.0,104.94822203417472,5.397590601583934,no
126238.0,36.0,technician,married,secondary,yes,no,,12.0,jun,Evening,1.0,1.0,0.0,,no,1319.0,88.65764325933122,3.9114324012474198,no
147099.0,36.0,technician,divorced,tertiary,no,no,call,2.0,mar,Afternoon,1.0,1.0,0.0,,no,1381.0,95.4592438517488,5.121731921037265,no
155233.0,29.0,blue-collar,married,primary,yes,no,call,18.0,may,eve,4.0,4.0,2.0,failure,no,79.0,102.12964506427835,6.350477045972117,no
134437.0,46.0,management,married,tertiary,yes,no,call,31.0,jul,Evening,9.0,9.0,0.0,,no,4039.0,87.77828453065968,5.24117871303473,no
126623.0,36.0,blue-collar,single,primary,yes,no,,16.0,jun,Night ,2.0,2.0,0.0,,no,736.0,91.98074188468303,6.335979406288497,no
133467.0,56.0,blue-collar,married,,no,no,call,29.0,jul,Evening,2.0,2.0,0.0,,no,6710.0,109.01302028342074,5.241165165731128,no
136009.0,42.0,management,married,tertiary,no,no,call,11.0,aug,Evening,2.0,2.0,0.0,,no,687.0,109.37273357065251,3.460198001961178,no
145568.0,48.0,management,single,tertiary,yes,no,call,3.0,feb,eve,3.0,3.0,2.0,other,no,460.0,104.13527582417966,7.747824352443335,no
148665.0,38.0,admin.,married,secondary,yes,no,call,17.0,apr,Night,1.0,1.0,0.0,,no,424.0,77.4811440477987,6.209699972082057,no
133565.0,49.0,management,married,secondary,no,,call,29.0,jul,Morning,5.0,5.0,0.0,,no,1601.0,101.56556235809396,4.933231737678557,no
153381.0,45.0,admin.,married,secondary,yes,no,call,13.0,may,eve,2.0,2.0,0.0,,no,358.0,109.96329503062944,4.4531502325239884,no
118984.0,55.0,blue-collar,married,primary,yes,no,,14.0,may,Afternoon,1.0,1.0,0.0,,no,680.0,98.81103822937852,6.410324593504688,no
123900.0,49.0,entrepreneur,married,tertiary,yes,no,,2.0,jun,morning,3.0,3.0,0.0,,no,18904.0,95.56519462301179,5.309611896501231,no
115946.0,24.0,technician,single,secondary,yes,yes,,5.0,may,eve,1.0,1.0,0.0,,no,-103.0,81.51671358713017,4.00097291388818,no
120288.0,54.0,management,,tertiary,yes,no,,20.0,may,eve,10.0,10.0,0.0,,no,2847.0,93.47044730874175,5.676519936132299,no
146417.0,30.0,technician,married,secondary,yes,,call,5.0,feb,Night ,3.0,3.0,8.0,other,no,436.0,97.4879529594934,4.845551255925291,no
136158.0,34.0,technician,married,tertiary,no,no,call,11.0,aug,eve,4.0,4.0,0.0,,no,0.0,95.30115600881976,5.438602935771243,no
139458.0,50.0,technician,married,secondary,no,yes,call,28.0,aug,eve,7.0,7.0,0.0,,no,-997.0,94.58121393468146,6.5155834015130925,no
156671.0,30.0,management,single,tertiary,no,no,call,10.0,aug,Night,3.0,3.0,2.0,success,no,697.0,86.78034181728023,6.2371052564614375,yes
147884.0,40.0,services,married,secondary,yes,no,call,13.0,apr,Evening,3.0,3.0,0.0,,no,1293.0,105.63584716280558,6.317291137230093,no
149091.0,37.0,admin.,single,secondary,yes,no,call,20.0,apr,Afternoon,1.0,1.0,0.0,,no,515.0,85.03441988830866,4.395147925982998,no
155858.0,29.0,management,single,tertiary,no,no,call,3.0,jun,eve,2.0,2.0,0.0,,no,3846.0,106.29865005309883,4.260634833927029,yes
128725.0,29.0,blue-collar,single,primary,no,yes,call,7.0,jul,Morning,1.0,1.0,0.0,,no,161.0,111.35259673418062,4.651340509597233,no
128696.0,40.0,technician,married,,no,yes,call,7.0,jul,eve,1.0,1.0,0.0,,no,0.0,89.61457727429942,4.7269800711881995,no
138825.0,33.0,technician,single,secondary,no,no,call,26.0,aug,Morning,4.0,4.0,0.0,,no,0.0,100.99843901370383,6.073813550651879,no
120313.0,30.0,management,single,tertiary,yes,No,,20.0,may,Night,4.0,4.0,0.0,,no,162.0,109.05506620625536,5.319297499208191,no
158278.0,22.0,student,single,tertiary,no,no,call,30.0,nov,eve,5.0,5.0,1.0,success,no,691.0,86.50714222438259,5.750616297448952,yes
160323.0,50.0,management,married,tertiary,no,no,call,5.0,,Night,2.0,2.0,5.0,other,no,2881.0,88.38817074983491,5.935248622038276,no
134277.0,57.0,admin.,married,secondary,no,yes,call,31.0,jul,eve,2.0,2.0,0.0,,no,340.0,113.2625920299119,5.601043697476107,no
121879.0,33.0,technician,married,secondary,,no,,26.0,may,morning,2.0,2.0,0.0,,no,168.0,105.89483080914084,3.955036213408543,no
125222.0,32.0,services,married,secondary,no,no,,6.0,jun,Evening,15.0,15.0,0.0,,no,21.0,98.12367695342122,8.75704034954411,no
139753.0,33.0,management,married,tertiary,no,No,call,29.0,aug,Evening,2.0,2.0,0.0,,no,310.0,103.118340551113,4.824629458932011,no
116122.0,47.0,blue-collar,married,primary,yes,no,,5.0,may,morning,1.0,1.0,0.0,,no,-12.0,86.96505314979129,4.266129647372058,no
124576.0,56.0,admin.,divorced,primary,yes,no,,3.0,jun,Afternoon,4.0,4.0,0.0,,no,207.0,93.05302875062904,1.374555007073214,no
123840.0,36.0,management,married,secondary,yes,no,,30.0,may,eve,3.0,3.0,0.0,,no,80.0,86.70147070777216,5.7732385314990236,no
117824.0,30.0,technician,single,tertiary,yes,no,,9.0,may,eve,2.0,2.0,0.0,,no,255.0,95.81687033992836,5.328359966519377,no
120834.0,36.0,admin.,married,secondary,yes,no,,21.0,may,Night,1.0,1.0,0.0,,no,957.0,108.71360520684696,3.625149025191022,no
143253.0,52.0,management,married,tertiary,yes,no,call,21.0,nov,Afternoon,1.0,1.0,3.0,failure,no,2428.0,88.13572131858209,3.9444087696958965,no
128684.0,28.0,housemaid,single,primary,no,no,call,7.0,jul,eve,1.0,1.0,0.0,,no,332.0,106.6910528399839,2.690051514679924,no
119503.0,52.0,admin.,married,secondary,yes,no,,15.0,may,eve,3.0,3.0,0.0,,no,395.0,94.67438899814145,7.181000560355979,no
142754.0,37.0,technician,divorced,secondary,yes,no,call,20.0,nov,eve,2.0,2.0,8.0,other,no,1559.0,85.65678539268488,4.110877099033948,no
126577.0,49.0,blue-collar,single,,no,no,,16.0,jun,Morning,2.0,2.0,0.0,,no,2222.0,111.03793337862815,3.8258825216312715,no
136836.0,50.0,blue-collar,divorced,primary,no,No,call,14.0,aug,Night,3.0,3.0,0.0,,no,171.0,104.88812608597891,6.5107256458600276,no
121953.0,24.0,management,single,tertiary,yes,no,,26.0,may,Afternoon,1.0,1.0,0.0,,no,553.0,104.96749434994858,5.17318349809341,no
140907.0,39.0,housemaid,married,primary,yes,yes,call,18.0,nov,eve,1.0,1.0,2.0,other,no,694.0,82.32470404694845,2.70038559589089,no
132181.0,26.0,management,single,tertiary,yes,no,call,23.0,jul,morning,1.0,1.0,0.0,,no,14004.0,107.79563207364254,4.362096179863176,no
120012.0,37.0,blue-collar,married,secondary,yes,No,,19.0,may,Morning,1.0,1.0,0.0,,no,398.0,100.13523800746002,7.71691291701727,no
116093.0,48.0,self-employed,married,tertiary,yes,no,,5.0,may,Night ,1.0,1.0,0.0,,no,7.0,107.12273621638008,4.8718902309255165,no
117876.0,28.0,admin.,single,secondary,yes,no,,9.0,may,Afternoon,3.0,3.0,0.0,,no,244.0,104.24955143019444,5.014242097984518,no
157422.0,67.0,self-employed,married,tertiary,no,no,call,10.0,sep,Night,2.0,2.0,0.0,,no,1979.0,76.42920558875913,7.278419743446724,no
142518.0,33.0,self-employed,married,tertiary,no,no,call,20.0,nov,Night,2.0,2.0,0.0,,no,631.0,91.51898077380858,6.020337063172625,no
141073.0,59.0,technician,divorced,secondary,yes,No,call,18.0,nov,morning,2.0,2.0,2.0,failure,no,797.0,105.89158560179858,2.6057273977912154,no
136418.0,52.0,management,married,tertiary,no,no,call,12.0,aug,Night,2.0,2.0,0.0,,no,3508.0,92.69254953898856,4.692140631093001,no
140192.0,42.0,technician,single,tertiary,yes,yes,call,17.0,nov,Night,1.0,1.0,5.0,other,no,35.0,106.01533733572901,4.614908362494097,no
135917.0,41.0,management,single,secondary,no,No,call,8.0,aug,eve,2.0,2.0,0.0,,no,800.0,93.07436119747857,4.516532376050308,no
154429.0,59.0,self-employed,married,primary,yes,No,call,15.0,may,eve,2.0,2.0,3.0,failure,no,671.0,103.38741078413551,3.243529101273678,no
131631.0,50.0,management,married,tertiary,yes,yes,call,21.0,jul,Night,2.0,2.0,0.0,,no,776.0,91.05849996243381,5.707724570465324,no
128105.0,47.0,blue-collar,divorced,secondary,yes,no,,20.0,jun,Morning,24.0,24.0,0.0,,no,18.0,91.60380973132617,5.562408813026264,no
149022.0,31.0,technician,single,secondary,yes,no,call,20.0,apr,Night ,3.0,3.0,0.0,,no,1222.0,101.69742369556974,4.773929733419404,no
146191.0,36.0,management,single,tertiary,no,no,call,5.0,feb,Afternoon,2.0,2.0,0.0,,no,467.0,74.39234574844416,6.253093287504934,no
123587.0,37.0,self-employed,divorced,tertiary,no,no,,,may,Morning,1.0,1.0,0.0,,no,1513.0,87.49395622575007,7.3329224007598,no
142307.0,44.0,management,married,secondary,no,No,call,,,Night ,1.0,1.0,0.0,,no,1103.0,102.56183096136154,6.598014548704427,no
142478.0,34.0,blue-collar,married,secondary,yes,no,call,20.0,nov,Afternoon,1.0,1.0,0.0,,no,1979.0,107.38883892385786,4.226693667713529,no
128888.0,58.0,retired,single,secondary,no,yes,call,7.0,jul,Night ,1.0,1.0,0.0,,no,282.0,88.59220353456163,4.584206719034215,no
157669.0,41.0,retired,single,primary,no,no,call,13.0,oct,Morning,1.0,1.0,0.0,,no,2579.0,97.28737762767632,6.064935863554091,no
152790.0,36.0,technician,married,secondary,yes,no,call,12.0,may,morning,3.0,3.0,0.0,,no,186.0,89.60678449209361,5.242476787919521,no
136788.0,30.0,technician,single,secondary,no,no,call,13.0,aug,Evening,1.0,1.0,0.0,,no,309.0,82.10680682208357,9.9300124336483,no
128749.0,40.0,blue-collar,,secondary,yes,yes,call,,jul,Morning,1.0,1.0,0.0,,no,326.0,107.06613422492802,2.6751187297889656,no
151590.0,32.0,unemployed,single,secondary,yes,no,call,8.0,may,Morning,2.0,2.0,0.0,,no,747.0,84.47655214268697,4.397340267138353,no
123495.0,55.0,blue-collar,married,primary,yes,no,,30.0,may,Night ,1.0,1.0,0.0,,no,828.0,106.94004068247224,5.425952060464418,no
153679.0,39.0,blue-collar,married,secondary,yes,no,call,14.0,may,Night ,1.0,1.0,2.0,failure,no,-220.0,70.50929118826139,6.792887867661699,no
125834.0,49.0,housemaid,married,secondary,no,yes,,9.0,jun,Morning,2.0,2.0,0.0,,no,81.0,88.18730039115712,4.708187529451092,no
134482.0,59.0,admin.,married,primary,no,no,SMS,31.0,jul,Morning,1.0,1.0,0.0,,no,1040.0,115.3359039662723,4.971492429003243,no
158307.0,33.0,technician,married,secondary,no,no,call,4.0,dec,Night,2.0,2.0,0.0,,no,,98.86101566515032,5.320384705490418,no
150625.0,49.0,blue-collar,married,secondary,yes,yes,call,6.0,may,morning,7.0,7.0,1.0,failure,no,8545.0,97.8967541206695,3.051501222072298,no
120446.0,34.0,admin.,single,secondary,yes,no,,20.0,may,Night,2.0,2.0,0.0,,no,126.0,105.22785014192615,2.543505167570174,no
121288.0,43.0,unemployed,married,primary,yes,no,,23.0,may,morning,2.0,2.0,0.0,,no,240.0,90.89149588663622,4.3088194512371585,no
139292.0,32.0,admin.,single,tertiary,,no,call,27.0,aug,Night,4.0,4.0,0.0,,,725.0,82.41326554696585,7.101408894958135,no
136201.0,48.0,technician,divorced,secondary,no,no,call,11.0,aug,Morning,1.0,1.0,0.0,,no,353.0,113.97412431155009,4.367601846179001,no
159061.0,67.0,retired,married,primary,no,no,call,26.0,feb,eve,1.0,1.0,0.0,,no,8465.0,98.60840950050363,4.020876553458735,no
122846.0,53.0,management,married,tertiary,yes,no,,28.0,may,morning,2.0,2.0,0.0,,no,3443.0,104.21938463051993,6.683175486258337,no
149162.0,34.0,blue-collar,single,secondary,yes,no,call,20.0,apr,morning,3.0,3.0,3.0,failure,no,13683.0,102.73276064803625,5.87817230346921,no
145866.0,43.0,admin.,single,secondary,no,no,call,4.0,feb,Night ,1.0,1.0,1.0,failure,no,6.0,90.57619332253374,6.372675567343044,no
154433.0,40.0,blue-collar,married,secondary,yes,no,call,15.0,may,morning,4.0,4.0,0.0,,no,,110.7918678066786,3.519954453516275,no
119077.0,42.0,management,married,primary,yes,no,,15.0,may,Morning,3.0,3.0,0.0,,no,860.0,90.96268877753614,5.968851190401192,no
140198.0,52.0,management,married,tertiary,yes,no,call,17.0,nov,eve,1.0,1.0,0.0,,no,2063.0,100.48058687548237,4.375307472299413,no
155817.0,28.0,technician,single,tertiary,no,no,call,2.0,jun,Afternoon,2.0,2.0,21.0,success,no,4987.0,102.42074242181258,6.8880548531800585,yes
151230.0,51.0,entrepreneur,married,secondary,yes,no,call,7.0,may,Night,1.0,1.0,2.0,failure,no,0.0,100.36093805423825,3.8258217610949172,no
152221.0,36.0,blue-collar,married,secondary,yes,no,call,11.0,may,Evening,1.0,1.0,0.0,,no,779.0,95.71679311335328,5.28617961174975,no
141931.0,54.0,entrepreneur,married,,no,no,call,19.0,nov,Night ,5.0,5.0,0.0,,no,1956.0,83.14759653695,2.816124258319916,no
125094.0,55.0,retired,married,tertiary,no,no,,5.0,jun,Night,1.0,1.0,0.0,,no,2996.0,79.60634289420568,4.604440071863408,no
156945.0,63.0,retired,divorced,secondary,no,no,call,14.0,aug,Night,1.0,1.0,0.0,,no,4833.0,107.54263405709352,10.097831313954451,no
160591.0,33.0,technician,married,tertiary,yes,no,,6.0,sep,eve,1.0,1.0,5.0,other,no,1126.0,103.28944584495248,4.634042285064727,no
125947.0,37.0,management,single,secondary,no,no,,11.0,jun,Morning,2.0,2.0,0.0,,no,235.0,111.57462003038171,5.188354267323138,no
132990.0,27.0,admin.,married,secondary,yes,no,call,25.0,jul,Night,2.0,2.0,0.0,,no,158.0,90.35715229965393,3.965893901895948,no
145597.0,53.0,blue-collar,married,primary,yes,yes,call,3.0,feb,Night ,6.0,6.0,2.0,failure,no,-211.0,114.12419770053987,2.5123308547910237,no
144206.0,30.0,technician,single,secondary,yes,No,call,29.0,jan,Night ,1.0,1.0,0.0,,no,146.0,105.57399603376113,5.824077251196357,no
145129.0,60.0,blue-collar,married,secondary,no,no,call,2.0,feb,Night,1.0,1.0,0.0,,no,272.0,107.94636411876589,6.142809836574498,no
159306.0,34.0,admin.,divorced,secondary,no,no,call,5.0,apr,Morning,2.0,2.0,2.0,failure,no,961.0,108.43880478953642,3.3504409504185353,no
131359.0,50.0,services,married,secondary,no,yes,SMS,18.0,jul,Morning,9.0,9.0,0.0,,no,378.0,102.03992317076319,4.738610815653147,no
118656.0,35.0,technician,married,secondary,,yes,,14.0,may,Night,2.0,2.0,0.0,,no,692.0,98.76790392182662,2.598185762097116,no
154307.0,51.0,management,divorced,tertiary,yes,no,call,15.0,may,eve,1.0,1.0,0.0,,no,-227.0,111.51174337657584,4.5336360036968335,no
121638.0,57.0,technician,married,secondary,yes,no,,26.0,may,morning,1.0,1.0,0.0,,no,3284.0,98.65882613844784,6.174750285588118,no
135766.0,51.0,entrepreneur,married,primary,yes,no,call,8.0,aug,eve,4.0,4.0,0.0,,no,805.0,109.35785851285196,3.8194651205653924,no
130971.0,34.0,services,divorced,secondary,yes,no,call,17.0,jul,morning,1.0,1.0,0.0,,no,797.0,107.13397158005898,5.437436619383938,no
132011.0,34.0,technician,single,tertiary,yes,No,call,22.0,jul,eve,4.0,4.0,0.0,,no,228.0,88.1254717244392,8.0527892998693,no
157763.0,33.0,,single,secondary,no,no,call,19.0,oct,Morning,1.0,1.0,0.0,,no,9.0,107.19479621306634,3.4408634547145436,no
138638.0,33.0,technician,married,tertiary,no,no,call,25.0,aug,morning,4.0,4.0,0.0,,no,74.0,97.07163215064402,5.1494560048658435,no
124097.0,30.0,technician,married,secondary,yes,no,,2.0,jun,Afternoon,3.0,3.0,0.0,,no,173.0,90.96294420052156,5.00308068016614,no
124214.0,37.0,blue-collar,married,,yes,no,,2.0,jun,Morning,2.0,2.0,0.0,,no,-1050.0,96.05407721438944,2.7224758281725743,no
118556.0,40.0,blue-collar,married,secondary,yes,no,,13.0,may,Night ,11.0,11.0,0.0,,no,598.0,116.84808342888151,6.094685308110881,no
160333.0,45.0,blue-collar,single,secondary,no,no,call,5.0,aug,Afternoon,2.0,2.0,1.0,success,no,0.0,103.15831259110578,4.128139167570523,yes
122138.0,38.0,blue-collar,married,primary,yes,no,,27.0,may,Night ,3.0,3.0,0.0,,no,315.0,84.80897338352497,4.12995219702537,no
150613.0,32.0,blue-collar,single,secondary,yes,No,call,5.0,may,Morning,1.0,1.0,0.0,,no,127.0,86.88789381671106,5.488710024828049,no
143411.0,42.0,unemployed,married,secondary,yes,no,call,21.0,nov,morning,4.0,4.0,1.0,failure,no,8131.0,97.28629827828681,6.137462236055828,no
143382.0,41.0,blue-collar,married,secondary,yes,no,call,21.0,nov,morning,1.0,1.0,0.0,,no,1394.0,95.92447900899647,8.322134443467794,no
119388.0,52.0,blue-collar,married,,yes,No,,15.0,may,Night ,2.0,2.0,0.0,,no,826.0,113.9599829980854,3.987225995646863,no
157734.0,77.0,retired,married,tertiary,no,no,call,16.0,oct,morning,1.0,1.0,1.0,success,no,0.0,114.2381928467457,5.443871326511438,yes
138635.0,54.0,housemaid,married,primary,no,no,call,25.0,aug,Evening,4.0,4.0,0.0,,no,182.0,112.63595186359532,7.40938388658514,no
116389.0,50.0,blue-collar,divorced,secondary,yes,no,,6.0,may,Night ,1.0,1.0,0.0,,no,41.0,111.1573725244136,5.531559934880429,no
142679.0,53.0,self-employed,divorced,tertiary,no,no,call,20.0,nov,Afternoon,3.0,3.0,0.0,,yes,10.0,111.77999988589606,5.335724687086063,no
128916.0,33.0,admin.,married,tertiary,no,no,call,7.0,jul,Night ,1.0,1.0,0.0,,no,568.0,107.95755529710898,3.184710358220448,no
121666.0,33.0,services,single,tertiary,yes,no,,26.0,,Afternoon,1.0,1.0,0.0,,no,1595.0,90.93602111386973,5.045943894044718,no
134077.0,53.0,management,,tertiary,yes,yes,call,30.0,jul,Night,5.0,5.0,0.0,,yes,,82.8988582138416,3.612116706611907,no
141180.0,36.0,technician,divorced,secondary,yes,no,call,18.0,nov,Night ,3.0,3.0,1.0,failure,no,556.0,98.41442961377936,7.154150933587998,no
153724.0,35.0,services,divorced,secondary,yes,No,call,14.0,may,Night ,1.0,1.0,1.0,failure,no,221.0,94.87138563656958,5.103040833547111,no
143980.0,29.0,services,married,secondary,no,no,call,28.0,jan,morning,2.0,2.0,0.0,,no,317.0,92.5685402038738,5.02279606168895,no
159255.0,39.0,technician,single,tertiary,no,No,call,26.0,mar,Evening,1.0,1.0,0.0,,no,393.0,104.42960692301713,3.9482488254877386,yes
127043.0,48.0,blue-collar,married,primary,yes,No,,18.0,jun,Night,6.0,6.0,0.0,,no,363.0,89.79808093376138,7.2002699680232585,no
118295.0,30.0,blue-collar,married,secondary,yes,no,,13.0,may,Morning,1.0,1.0,0.0,,no,173.0,103.53166539384921,3.1386217919377724,no
133699.0,35.0,management,married,tertiary,yes,no,SMS,29.0,jul,Afternoon,12.0,12.0,0.0,,no,,91.52566004768063,6.336124071026683,no
122374.0,30.0,management,married,tertiary,yes,no,,27.0,may,Night ,2.0,2.0,0.0,,no,-27.0,113.32106343463482,6.590100904203424,no
160776.0,40.0,management,single,tertiary,yes,no,call,24.0,sep,Night,2.0,2.0,2.0,success,no,3840.0,108.96932515484568,3.6330962788470726,yes
141651.0,39.0,management,married,secondary,no,no,SMS,19.0,nov,Night ,1.0,1.0,2.0,failure,no,6012.0,96.68403505422559,8.69751729645837,no
155150.0,28.0,services,single,secondary,yes,no,call,18.0,may,Afternoon,2.0,2.0,0.0,,no,129.0,107.70315056938907,6.106222303089603,no
131850.0,29.0,technician,single,secondary,yes,yes,call,22.0,jul,Afternoon,8.0,8.0,0.0,,no,-496.0,95.12253477809513,6.203066389786934,no
142928.0,30.0,management,married,tertiary,yes,yes,call,21.0,nov,Afternoon,2.0,2.0,3.0,other,no,1942.0,87.70016984998398,6.05340479098909,yes
129589.0,28.0,self-employed,married,tertiary,yes,no,,9.0,jul,morning,1.0,1.0,0.0,,no,0.0,98.30621241308762,6.252938074410857,no
122790.0,29.0,admin.,married,secondary,,No,,28.0,may,Morning,2.0,2.0,0.0,,no,445.0,116.81759918554076,5.784948801512646,no
156719.0,,admin.,divorced,secondary,yes,no,call,11.0,aug,Evening,1.0,1.0,7.0,failure,no,661.0,,3.4485619328473014,no
142383.0,32.0,management,single,tertiary,yes,no,call,20.0,nov,eve,3.0,3.0,0.0,,no,4582.0,97.24513499672032,4.757064569874989,no
156676.0,37.0,admin.,married,tertiary,yes,no,call,11.0,aug,Night,2.0,2.0,0.0,,no,1995.0,79.62911117980438,3.564356754474427,no
136642.0,57.0,blue-collar,married,,no,no,call,13.0,aug,eve,2.0,2.0,0.0,,no,2449.0,104.61378720670002,5.718343050382695,no
115929.0,53.0,technician,married,secondary,no,no,,5.0,may,Night ,1.0,1.0,0.0,,no,-3.0,89.78459298769667,3.7285486299768102,no
148779.0,31.0,admin.,single,secondary,no,no,call,17.0,apr,Night ,3.0,3.0,0.0,,no,0.0,89.05954766539199,4.7177865831330195,yes
139193.0,49.0,management,married,tertiary,yes,no,call,27.0,aug,Night,9.0,9.0,0.0,,no,2809.0,111.1215201843113,4.656032099601472,no
158505.0,35.0,management,married,tertiary,no,no,call,11.0,jan,morning,2.0,2.0,0.0,,no,323.0,85.1818056877117,5.119338557944304,yes
134567.0,25.0,admin.,single,secondary,no,yes,call,31.0,jul,morning,36.0,36.0,0.0,,no,-7.0,106.78562682875102,5.226528334413831,no
144313.0,60.0,retired,divorced,,yes,no,call,29.0,jan,Night ,1.0,1.0,2.0,failure,no,-49.0,84.40631381731421,4.433352082746167,no
134903.0,55.0,management,married,secondary,no,No,call,5.0,aug,Evening,1.0,1.0,0.0,,no,11655.0,111.1987623671447,4.8024206932707365,no
118920.0,29.0,entrepreneur,single,tertiary,yes,no,,14.0,may,Night ,4.0,4.0,0.0,,no,303.0,90.02327587992433,8.601905361054733,no
149696.0,27.0,management,single,tertiary,no,no,call,24.0,apr,Evening,2.0,2.0,0.0,,no,88.0,88.12793477400315,5.715188389222921,no
160605.0,27.0,management,single,tertiary,no,no,call,7.0,sep,Evening,1.0,1.0,3.0,failure,no,592.0,79.55661228949347,6.323105561584999,no
158632.0,28.0,technician,single,,yes,no,call,27.0,jan,morning,1.0,1.0,2.0,success,no,0.0,81.92233246781021,3.6486386781505606,no
122848.0,58.0,retired,married,secondary,no,no,,28.0,may,Night,3.0,3.0,0.0,,no,255.0,96.45915146313683,2.4929363995764464,no
143361.0,31.0,self-employed,single,tertiary,yes,no,call,21.0,nov,Morning,3.0,3.0,0.0,,no,17924.0,97.6271272631076,7.855107992992934,no
151998.0,38.0,blue-collar,divorced,secondary,yes,no,call,11.0,may,Night,1.0,1.0,0.0,,no,158.0,109.42232806489699,7.251323754398681,no
160169.0,25.0,student,married,secondary,no,no,,24.0,jul,eve,1.0,1.0,0.0,,no,37.0,102.0174330988606,3.2578393289615692,no
129440.0,49.0,technician,single,secondary,yes,yes,call,9.0,jul,Night ,5.0,5.0,0.0,,no,-120.0,100.94989636803237,0.6995948711656812,no
137068.0,50.0,management,single,tertiary,no,no,call,14.0,aug,Morning,3.0,3.0,0.0,,no,1200.0,94.93738911185442,2.827710289442364,yes
148699.0,34.0,entrepreneur,single,tertiary,,no,call,17.0,apr,Evening,1.0,1.0,0.0,,no,2945.0,93.04035078391267,6.1656643607532615,no
131356.0,33.0,technician,single,tertiary,yes,no,call,18.0,jul,Night,3.0,3.0,0.0,,no,1393.0,92.21732136656773,5.597906249285189,yes
154122.0,33.0,self-employed,married,secondary,yes,yes,call,15.0,may,morning,5.0,5.0,5.0,failure,no,,109.15441943080704,6.061796467444989,no
125596.0,39.0,technician,single,,no,no,,6.0,jun,Morning,1.0,1.0,0.0,,no,75.0,102.13593126396475,5.9866603790139825,no
154152.0,27.0,technician,single,tertiary,yes,no,call,15.0,may,morning,1.0,1.0,1.0,other,no,808.0,91.16708397179721,6.650254102942137,no
135424.0,43.0,management,married,secondary,no,no,call,7.0,aug,eve,2.0,2.0,0.0,,,10273.0,106.47471753917237,4.3558002368438045,no
131238.0,29.0,services,single,secondary,no,no,call,18.0,jul,Evening,1.0,1.0,0.0,,yes,-308.0,89.74379955662484,7.155183159502753,no
125103.0,39.0,blue-collar,divorced,primary,yes,no,,5.0,jun,Night ,2.0,2.0,0.0,,yes,-294.0,112.26992113457456,3.770794221426459,no
156681.0,71.0,management,married,tertiary,no,no,call,11.0,aug,Afternoon,1.0,1.0,2.0,failure,no,13297.0,102.11283634827272,4.398795674210382,no
160614.0,43.0,management,divorced,tertiary,no,no,call,7.0,sep,Afternoon,5.0,5.0,0.0,,no,2251.0,112.78123093649266,4.2817082152011094,no
127439.0,36.0,admin.,married,secondary,no,no,,19.0,jun,Night ,6.0,6.0,0.0,,no,4280.0,85.30993066135775,2.2906558285129064,no
152991.0,33.0,management,single,tertiary,yes,no,call,13.0,may,Night ,1.0,1.0,0.0,,no,0.0,84.74034789873366,3.3882975141041722,yes
131602.0,44.0,technician,,secondary,yes,no,call,21.0,jul,Evening,3.0,3.0,0.0,,no,316.0,105.66893003464236,5.9834481119112475,no
156868.0,66.0,retired,married,secondary,no,No,call,13.0,aug,Afternoon,3.0,3.0,0.0,,no,4785.0,104.70482793232651,7.926882155164815,no
159521.0,41.0,technician,single,tertiary,yes,no,call,5.0,may,Evening,1.0,1.0,7.0,success,no,1646.0,104.90331965567891,6.146183877632222,yes
151949.0,47.0,technician,married,secondary,yes,yes,call,11.0,may,Night,1.0,1.0,2.0,failure,no,-59.0,94.15017879353663,4.5469315881548225,no
124130.0,38.0,admin.,married,primary,yes,no,,2.0,jun,morning,32.0,32.0,0.0,,no,0.0,94.4019092296612,7.475514155606453,no
129466.0,48.0,blue-collar,married,secondary,yes,no,SMS,9.0,jul,Afternoon,2.0,2.0,0.0,,no,425.0,95.61774902984654,4.094193405508641,no
155964.0,33.0,technician,single,tertiary,yes,no,call,4.0,jun,morning,1.0,1.0,14.0,other,no,317.0,113.15506169345517,5.886670887259105,yes
144752.0,28.0,blue-collar,single,primary,no,no,call,30.0,jan,Morning,2.0,2.0,0.0,,no,442.0,95.94858260901981,7.008222911136173,no
126398.0,35.0,services,married,secondary,yes,,,16.0,jun,morning,5.0,5.0,0.0,,no,1279.0,92.49943021594214,5.029231470086333,no
157016.0,36.0,management,single,tertiary,no,no,call,18.0,aug,morning,2.0,2.0,0.0,,no,609.0,101.34079284643853,5.473385531357661,no
128172.0,35.0,admin.,married,secondary,yes,no,,24.0,jun,Morning,6.0,6.0,0.0,,no,8652.0,105.75398046934203,4.947365479253349,no
136058.0,37.0,management,single,tertiary,no,no,call,11.0,aug,Night ,4.0,4.0,0.0,,no,340.0,98.81559687186076,4.082138239681187,no
136109.0,45.0,blue-collar,married,primary,no,no,call,11.0,aug,Night ,2.0,2.0,0.0,,no,2388.0,98.76585160233851,4.176777301627007,no
133746.0,44.0,management,married,tertiary,yes,No,call,30.0,jul,morning,14.0,14.0,0.0,,no,4968.0,92.1646695562364,6.3674317315856985,no
145040.0,36.0,management,married,tertiary,yes,yes,call,2.0,feb,Night ,1.0,1.0,0.0,,no,853.0,94.48395863966434,,no
156543.0,36.0,management,married,tertiary,no,no,call,5.0,aug,Evening,3.0,3.0,2.0,success,no,495.0,99.14747617079921,4.642573492316148,yes
127454.0,36.0,self-employed,single,tertiary,no,no,,19.0,jun,Afternoon,1.0,1.0,0.0,,no,1923.0,99.63732729740438,6.838538292415604,no
147321.0,46.0,admin.,married,secondary,yes,no,call,27.0,mar,Night,3.0,3.0,13.0,other,no,-522.0,96.39905548656323,6.7548552412477045,yes
116334.0,36.0,blue-collar,married,secondary,yes,No,,6.0,may,Evening,2.0,2.0,0.0,,no,139.0,95.56553780038271,5.610415614950968,no
137712.0,30.0,technician,married,secondary,no,No,call,20.0,aug,Night,2.0,2.0,0.0,,no,26.0,94.83276072519533,4.073517965608204,no
147945.0,38.0,admin.,married,secondary,yes,no,call,14.0,apr,Night,2.0,2.0,1.0,failure,no,766.0,103.79012179211728,5.076428217027232,no
117297.0,28.0,services,married,secondary,yes,yes,,8.0,may,Morning,2.0,2.0,0.0,,no,20.0,91.80390461121665,4.719818542930044,no
152726.0,37.0,admin.,single,primary,yes,no,call,12.0,may,Afternoon,3.0,3.0,22.0,other,no,912.0,98.48402763461179,4.413657346268933,yes
141389.0,52.0,management,married,tertiary,yes,no,call,19.0,nov,Night ,3.0,3.0,0.0,,no,488.0,107.09995580754413,6.559553510701662,no
149233.0,29.0,blue-collar,married,secondary,yes,yes,call,20.0,apr,Afternoon,1.0,1.0,6.0,failure,no,2378.0,105.08758976033612,3.564185983786228,no
123797.0,37.0,self-employed,married,secondary,yes,no,,30.0,may,eve,3.0,3.0,0.0,,no,2260.0,97.05626249791545,7.132041390594997,no
151751.0,33.0,management,single,tertiary,yes,no,call,8.0,may,Night,1.0,1.0,0.0,,no,9449.0,103.13480747908866,3.369932015701547,no
124497.0,26.0,services,single,secondary,yes,yes,,3.0,jun,Morning,1.0,1.0,0.0,,no,-224.0,109.98736077847916,4.557154447383662,no
143702.0,29.0,blue-collar,single,secondary,no,yes,call,28.0,jan,Morning,1.0,1.0,0.0,,no,415.0,98.08056583508463,3.2509227821187623,no
138279.0,42.0,self-employed,married,secondary,no,no,call,22.0,aug,Morning,4.0,4.0,0.0,,no,357.0,89.16646996784345,3.6704189639418545,no
140315.0,48.0,technician,married,secondary,no,yes,call,17.0,nov,Evening,2.0,2.0,0.0,,yes,295.0,105.17453540769455,6.108962849636976,no
159783.0,31.0,management,married,tertiary,no,no,call,9.0,jun,Night,1.0,1.0,7.0,other,no,877.0,93.38443383073265,6.449730288060109,yes
138276.0,53.0,blue-collar,married,tertiary,no,no,call,22.0,,morning,2.0,2.0,0.0,,no,0.0,119.34853905092454,4.486396048593358,no
120733.0,36.0,admin.,married,secondary,no,no,,21.0,may,Night ,1.0,1.0,0.0,,no,0.0,107.83673789615146,4.415825890308538,no
154658.0,35.0,management,single,tertiary,yes,no,call,18.0,may,Night,8.0,8.0,5.0,other,no,13.0,96.94079987072418,6.380371089363436,no
148696.0,35.0,admin.,married,secondary,yes,no,call,17.0,apr,eve,1.0,1.0,4.0,failure,no,430.0,86.62821419151689,7.656031405986042,no
117086.0,43.0,management,married,tertiary,yes,yes,,8.0,may,eve,1.0,1.0,0.0,,no,870.0,93.07066237028029,3.9555619872200127,no
146432.0,57.0,unemployed,married,secondary,no,no,call,5.0,feb,Night ,3.0,3.0,0.0,,no,4588.0,105.15034097487487,7.529902114607101,no
138559.0,33.0,technician,single,tertiary,no,no,call,25.0,aug,Night,4.0,4.0,0.0,,no,137.0,96.58180628134541,5.335850593083501,no
133977.0,47.0,blue-collar,married,primary,yes,,call,30.0,jul,morning,5.0,5.0,0.0,,no,269.0,93.73344217224862,4.677774942507597,no
157060.0,59.0,retired,divorced,secondary,no,no,call,19.0,aug,Night ,1.0,1.0,0.0,,no,1.0,115.24783880381574,6.214238557358514,yes
155900.0,58.0,management,married,tertiary,yes,no,call,3.0,jun,Night ,1.0,1.0,1.0,failure,no,2261.0,90.53707468462756,4.135716718858901,no
148068.0,27.0,blue-collar,single,secondary,yes,no,call,15.0,apr,Night ,2.0,2.0,0.0,,no,484.0,123.25535012143592,2.117157112091371,no
123377.0,37.0,management,married,tertiary,yes,no,,29.0,may,Night,2.0,2.0,0.0,,no,1689.0,97.15018879509435,5.646149185102368,no
135163.0,45.0,blue-collar,married,primary,no,no,call,6.0,aug,morning,2.0,2.0,0.0,,no,2433.0,99.59510178555477,7.7068996227251265,no
138913.0,55.0,retired,married,secondary,no,no,call,26.0,aug,Evening,2.0,2.0,0.0,,no,273.0,88.20948812110083,6.163539145419215,no
140024.0,59.0,retired,divorced,secondary,no,no,,,nov,Evening,1.0,1.0,0.0,,no,1026.0,98.73572227840852,8.686256762480479,yes
131997.0,58.0,admin.,divorced,secondary,yes,no,email,22.0,jul,Night,11.0,11.0,0.0,,no,74.0,120.62449761108181,8.652185212493873,no
131742.0,55.0,management,married,primary,no,yes,call,21.0,jul,Morning,2.0,2.0,0.0,,no,57.0,99.15150853042967,4.315603650689161,no
116178.0,47.0,admin.,married,secondary,yes,no,,5.0,may,Night ,2.0,2.0,0.0,,no,368.0,90.64105515467266,6.586876367419312,no
157010.0,39.0,management,single,tertiary,no,no,call,17.0,aug,Night ,1.0,1.0,0.0,,no,763.0,86.40091299830023,5.596612496652515,no
129509.0,31.0,services,married,secondary,no,no,call,9.0,jul,Evening,1.0,1.0,0.0,,no,203.0,83.31126811092557,5.810646318536731,no
147428.0,58.0,,married,,no,no,call,2.0,apr,Night,1.0,1.0,0.0,,no,68.0,117.18579480075498,3.9832056039875288,yes
123741.0,30.0,services,married,secondary,yes,no,,30.0,may,Morning,2.0,2.0,0.0,,yes,-849.0,102.65444668591535,0.9278430165075591,no
143443.0,43.0,technician,married,secondary,yes,no,call,21.0,nov,Evening,3.0,3.0,0.0,,no,3288.0,102.56637705456954,3.07499714058188,yes
138130.0,34.0,technician,single,secondary,yes,no,call,21.0,aug,Evening,2.0,2.0,0.0,,no,202.0,83.82717413058894,3.194672889087913,no
129231.0,44.0,self-employed,married,secondary,no,no,call,8.0,jul,eve,2.0,2.0,0.0,,no,5068.0,109.13666839897446,4.961240372159226,no
134836.0,45.0,,married,,no,no,call,4.0,aug,Afternoon,1.0,1.0,0.0,,no,2834.0,120.64048595118203,4.451673336927164,no
119332.0,58.0,self-employed,married,secondary,yes,no,,,may,Night,9.0,9.0,0.0,,no,0.0,99.21116915816276,4.773012070040475,no
130189.0,35.0,entrepreneur,married,secondary,no,yes,call,14.0,jul,morning,3.0,3.0,0.0,,no,2436.0,105.28413551570377,7.819700638365251,yes
118220.0,35.0,blue-collar,married,primary,no,No,,13.0,may,eve,4.0,4.0,0.0,,no,414.0,87.92361040200522,1.6710197066273729,yes
147371.0,54.0,retired,married,secondary,yes,no,call,1.0,apr,eve,1.0,1.0,1.0,failure,no,1004.0,88.95595426868987,4.844943415968574,no
121343.0,29.0,blue-collar,married,,yes,no,,23.0,may,eve,6.0,6.0,0.0,,no,135.0,106.09489203637077,3.7951241712618766,no
152406.0,50.0,retired,married,secondary,no,no,call,12.0,may,Night,3.0,3.0,1.0,failure,no,8648.0,101.51209391783087,1.404312670791266,yes
150867.0,37.0,management,single,tertiary,no,yes,call,6.0,may,Afternoon,1.0,1.0,0.0,,no,1517.0,76.57929848032788,3.5865368438349763,no
144259.0,33.0,services,married,secondary,yes,no,call,29.0,jan,morning,1.0,1.0,0.0,,no,0.0,114.44645836422124,,no
127893.0,55.0,retired,married,secondary,yes,no,,20.0,jun,Night ,6.0,6.0,0.0,,no,241.0,89.45573797712304,4.968862318227395,no
135524.0,56.0,services,married,secondary,yes,yes,call,,aug,Morning,4.0,4.0,0.0,,no,4719.0,97.33973937870313,6.827274762159593,no
142568.0,45.0,self-employed,married,tertiary,yes,yes,call,20.0,nov,eve,1.0,1.0,0.0,,no,-497.0,93.48011776707264,6.152355856417514,no
147067.0,30.0,technician,single,secondary,no,no,call,27.0,feb,Night ,1.0,1.0,0.0,,no,601.0,90.65812915711216,2.1018659789636125,no
141014.0,30.0,management,married,tertiary,no,no,call,18.0,nov,Night ,1.0,1.0,2.0,failure,no,900.0,90.98886486788089,7.385934921459523,no
152069.0,35.0,services,married,secondary,yes,no,call,11.0,may,Afternoon,1.0,1.0,2.0,failure,no,2048.0,117.97384166236613,4.445701193034861,no
122457.0,39.0,management,married,secondary,yes,no,,27.0,may,Night,2.0,2.0,0.0,,no,1072.0,99.72826736460436,8.55313451088162,no
143584.0,45.0,blue-collar,single,primary,no,no,call,21.0,nov,eve,2.0,2.0,0.0,,no,2121.0,102.23159746931083,5.33918047519878,no
131064.0,30.0,management,single,tertiary,no,no,call,17.0,jul,Morning,2.0,2.0,0.0,,no,1289.0,85.65685219395702,4.464869301665539,no
122784.0,55.0,retired,married,secondary,yes,yes,,28.0,may,Night ,3.0,3.0,0.0,,no,2193.0,101.99763593864003,5.130068599694827,no
157771.0,26.0,technician,single,secondary,no,no,call,19.0,oct,morning,1.0,1.0,0.0,,no,334.0,108.21887726710368,5.328810538544364,no
135278.0,48.0,blue-collar,married,secondary,no,no,call,6.0,aug,Afternoon,5.0,5.0,0.0,,no,0.0,102.81174856151894,5.904254596934831,no
135764.0,39.0,management,married,tertiary,no,No,call,8.0,aug,Night ,2.0,2.0,0.0,,no,947.0,92.1550915565098,2.3898414881441523,no
119186.0,59.0,blue-collar,married,primary,yes,no,,15.0,may,morning,1.0,1.0,0.0,,no,320.0,96.2608781726067,4.934941302315109,yes
135533.0,57.0,admin.,married,tertiary,no,no,call,7.0,aug,eve,2.0,2.0,0.0,,no,46.0,102.10750340142488,4.099026312855979,no
116845.0,37.0,management,married,tertiary,no,no,,,may,Morning,1.0,1.0,0.0,,no,115.0,95.62787641087984,3.018360599592052,no
115924.0,60.0,admin.,married,secondary,yes,yes,,5.0,may,Night,1.0,1.0,0.0,,no,39.0,114.26381579780222,4.259380577637601,no
160740.0,45.0,admin.,single,secondary,no,yes,,22.0,sep,morning,1.0,1.0,6.0,failure,no,375.0,,2.8875801015636116,no
140244.0,52.0,admin.,divorced,secondary,no,yes,call,17.0,nov,Afternoon,1.0,1.0,0.0,,no,48.0,92.72423956208975,5.196364054860999,no
130545.0,33.0,student,single,tertiary,no,no,call,15.0,jul,eve,4.0,4.0,0.0,,no,71.0,93.50208985993837,2.185995480823313,no
140894.0,53.0,entrepreneur,married,,no,no,call,18.0,nov,eve,1.0,1.0,1.0,failure,no,19850.0,93.02278002654168,6.429485597227793,no
133936.0,44.0,admin.,married,secondary,no,no,call,30.0,jul,eve,4.0,4.0,0.0,,no,1305.0,98.76506001372563,6.692230571103169,no
120756.0,34.0,blue-collar,single,secondary,yes,no,,21.0,may,eve,1.0,1.0,0.0,,no,3773.0,112.01430656345367,4.654408945973567,no
150221.0,32.0,blue-collar,married,primary,yes,no,call,4.0,may,eve,3.0,3.0,15.0,other,yes,-148.0,91.12484086630482,5.7598641486670825,no
118261.0,25.0,admin.,single,secondary,yes,no,,13.0,may,Morning,1.0,1.0,0.0,,no,768.0,101.54734530792348,4.3755286823796595,no
130697.0,31.0,self-employed,married,tertiary,yes,no,call,16.0,jul,Afternoon,8.0,8.0,0.0,,,81.0,110.81770678074746,6.614114283878477,no
131908.0,29.0,admin.,single,tertiary,yes,no,call,22.0,jul,Night,1.0,1.0,0.0,,no,89.0,99.35892766680057,5.030404068451847,no
137615.0,47.0,technician,divorced,secondary,no,no,call,19.0,aug,eve,1.0,1.0,0.0,,no,266.0,103.8189101049204,5.8835252056462135,no
156953.0,64.0,retired,married,tertiary,no,No,call,14.0,aug,morning,3.0,3.0,0.0,,no,846.0,117.17830143333717,8.199085749000963,no
133311.0,43.0,housemaid,married,primary,no,yes,call,28.0,jul,eve,2.0,2.0,0.0,,no,59.0,82.5774977117,4.637022078037328,no
136400.0,33.0,technician,single,secondary,no,no,call,12.0,aug,morning,2.0,2.0,0.0,,no,2481.0,97.75824597116065,4.699398809441567,no
144451.0,37.0,blue-collar,single,secondary,no,no,call,29.0,jan,Morning,2.0,2.0,0.0,,no,6.0,101.96343816608345,5.808872924833197,no
154774.0,37.0,admin.,divorced,,yes,no,call,18.0,may,eve,1.0,1.0,0.0,,no,471.0,113.67234221917667,7.163319516167642,no
125408.0,58.0,blue-collar,married,secondary,no,no,,6.0,jun,morning,2.0,2.0,0.0,,no,4053.0,117.2476520784513,5.767958844151015,no
143217.0,35.0,services,divorced,secondary,yes,no,call,21.0,nov,Morning,1.0,1.0,0.0,,no,-718.0,102.57139217783019,5.404518432891551,no
157283.0,27.0,admin.,married,secondary,no,no,call,1.0,sep,Morning,1.0,1.0,0.0,,no,1596.0,70.06130431528746,5.806270870757333,yes
150018.0,47.0,blue-collar,married,secondary,yes,no,call,30.0,apr,Evening,3.0,3.0,5.0,failure,no,2173.0,118.99500853303299,4.878976297088985,no
155995.0,34.0,admin.,,secondary,no,no,call,4.0,jun,Afternoon,3.0,3.0,3.0,failure,no,303.0,90.52096593943436,4.6893763534731905,yes
123195.0,43.0,technician,single,secondary,yes,yes,,29.0,may,morning,3.0,3.0,0.0,,no,799.0,100.7197709657911,7.246791044275506,no
158056.0,78.0,retired,married,tertiary,no,no,email,6.0,nov,Afternoon,1.0,1.0,0.0,,no,226.0,104.27575270473147,6.208644832868382,no
159164.0,26.0,admin.,single,tertiary,yes,no,call,11.0,mar,Night ,1.0,1.0,4.0,other,no,3730.0,97.39798441491203,,no
147600.0,44.0,unemployed,divorced,secondary,no,no,call,7.0,apr,morning,1.0,1.0,0.0,,no,522.0,92.24612244593378,5.067119386118696,no
143956.0,37.0,technician,divorced,secondary,,yes,call,,jan,Morning,2.0,2.0,0.0,,no,51.0,106.16110370294017,5.197642529169773,no
144652.0,46.0,services,married,secondary,yes,no,call,30.0,jan,eve,1.0,1.0,1.0,other,no,417.0,108.6131696359362,4.857657452621102,no
140479.0,35.0,self-employed,married,tertiary,yes,no,call,17.0,nov,Afternoon,1.0,1.0,0.0,,no,560.0,114.65344832244544,6.374727192858234,no
117071.0,42.0,technician,married,secondary,yes,no,,8.0,may,Night ,1.0,1.0,0.0,,no,420.0,110.65175011309039,2.329658890597276,no
128292.0,41.0,admin.,divorced,secondary,no,yes,,27.0,jun,Afternoon,2.0,2.0,0.0,,no,2970.0,96.92623139710754,6.541519609542311,no
144549.0,29.0,management,single,tertiary,no,no,call,30.0,jan,Afternoon,2.0,2.0,0.0,,no,1218.0,82.88524463904784,3.566833866033992,no
128608.0,49.0,technician,married,primary,no,no,SMS,7.0,jul,Night,5.0,5.0,0.0,,no,486.0,92.53894915643241,4.25174111455517,no
136683.0,60.0,admin.,married,secondary,no,no,call,13.0,aug,eve,2.0,2.0,0.0,,no,1538.0,87.93124008903479,4.667505754968721,no
140548.0,48.0,admin.,married,secondary,no,no,call,17.0,nov,Morning,2.0,2.0,0.0,,no,,106.62593167871935,4.519255506517029,no
139013.0,44.0,management,married,tertiary,no,No,call,26.0,aug,Morning,4.0,4.0,0.0,,no,0.0,102.05793238086305,4.1302159376033165,no
148080.0,40.0,admin.,single,secondary,yes,no,call,15.0,apr,Night,3.0,3.0,5.0,other,no,985.0,116.13858630868457,4.8406820390957135,no
141905.0,57.0,management,married,tertiary,no,no,SMS,19.0,nov,Afternoon,3.0,3.0,0.0,,no,12048.0,93.50540195709242,5.139012358646562,no
156577.0,57.0,retired,married,secondary,no,No,call,7.0,aug,Evening,1.0,1.0,0.0,,no,168.0,95.16138696565037,6.179146524425994,yes
117477.0,52.0,management,divorced,secondary,no,no,,8.0,may,Morning,2.0,2.0,0.0,,no,123.0,87.37519357932834,3.7801834233386606,no
151508.0,28.0,services,single,secondary,yes,no,call,7.0,may,morning,5.0,5.0,7.0,other,no,805.0,100.38557641679968,5.843812251171335,no
116792.0,52.0,admin.,single,secondary,yes,no,,7.0,may,Afternoon,1.0,1.0,0.0,,no,545.0,101.82063123263784,6.146249844165904,no
154256.0,29.0,blue-collar,married,primary,yes,no,call,15.0,may,eve,2.0,2.0,0.0,,no,149.0,99.25080825318624,3.8483136710073618,no
145074.0,40.0,management,married,tertiary,yes,no,call,2.0,feb,eve,2.0,2.0,275.0,other,no,543.0,105.51490731292013,5.957397553776715,no
122589.0,42.0,admin.,married,secondary,yes,no,,28.0,may,morning,24.0,24.0,0.0,,no,214.0,88.12125496681783,4.762515678691045,no
150120.0,30.0,management,single,tertiary,yes,no,call,4.0,may,Morning,2.0,2.0,0.0,,no,220.0,105.30377979468895,5.867735396994628,no
140714.0,33.0,entrepreneur,married,tertiary,yes,no,call,18.0,nov,Morning,1.0,1.0,0.0,,no,196.0,100.98616886250149,2.3763401385185894,no
115911.0,33.0,services,married,secondary,yes,no,,5.0,may,Afternoon,1.0,1.0,0.0,,no,0.0,91.04837729375265,5.7563213534419955,no
137410.0,45.0,self-employed,married,secondary,yes,No,call,19.0,aug,morning,5.0,5.0,0.0,,no,571.0,90.39536507751728,3.445707405505505,no
157832.0,35.0,management,single,tertiary,yes,no,call,22.0,oct,Evening,1.0,1.0,4.0,success,no,1750.0,107.39056271811951,4.867418801242211,no
160191.0,33.0,management,single,tertiary,no,yes,call,27.0,jul,Afternoon,1.0,1.0,4.0,failure,no,373.0,109.4476978584481,6.172408045232617,yes
124318.0,48.0,technician,,secondary,no,no,,3.0,jun,morning,3.0,3.0,0.0,,no,-154.0,95.30042540038944,5.849531543161251,no
155629.0,45.0,admin.,married,,no,no,call,28.0,may,Afternoon,4.0,4.0,0.0,,no,2033.0,86.99943107576983,4.471463616763348,no
142501.0,49.0,admin.,divorced,secondary,yes,no,call,20.0,nov,Night,5.0,5.0,0.0,,no,502.0,95.0437671045039,7.374680924749583,no
149743.0,31.0,admin.,married,tertiary,yes,no,call,29.0,apr,Afternoon,2.0,2.0,0.0,,no,608.0,95.89752947424064,7.242510699100794,no
156691.0,42.0,unemployed,married,,no,no,call,11.0,aug,Night ,2.0,2.0,0.0,,no,190.0,92.67091391439824,6.601889649944654,yes
117230.0,27.0,student,single,secondary,yes,no,,8.0,may,morning,1.0,1.0,0.0,,no,217.0,97.54712527786425,5.03755141637812,no
126611.0,51.0,blue-collar,married,primary,no,yes,,16.0,jun,morning,7.0,7.0,0.0,,no,5050.0,122.65241565953787,6.750388024929606,no
132609.0,32.0,technician,divorced,secondary,no,yes,call,24.0,jul,eve,1.0,1.0,0.0,,no,3717.0,101.6016000727065,4.278160362136614,no
131804.0,34.0,services,married,secondary,no,yes,call,22.0,jul,morning,2.0,2.0,0.0,,no,145.0,92.62846487851772,6.674023015549206,no
125169.0,40.0,blue-collar,married,primary,yes,No,,5.0,jun,Night,3.0,3.0,0.0,,no,1613.0,97.309236205835,1.7912093622885168,no
125471.0,54.0,blue-collar,divorced,secondary,no,no,,,jun,eve,2.0,2.0,0.0,,no,218.0,80.22651583500414,5.702581120599352,no
152234.0,46.0,blue-collar,married,secondary,yes,no,call,11.0,may,Night ,1.0,1.0,0.0,,no,-27.0,113.70837015190277,6.6513508916130855,no
123664.0,45.0,management,married,tertiary,no,no,,30.0,may,morning,1.0,1.0,0.0,,no,2022.0,96.26282064880122,5.038976604209814,no
143595.0,32.0,technician,married,secondary,yes,no,call,21.0,nov,Night,3.0,3.0,0.0,,no,1308.0,111.07611198483883,4.057735578330132,no
145377.0,27.0,unemployed,single,primary,no,no,call,3.0,feb,eve,1.0,1.0,0.0,,no,1088.0,92.73020523853542,4.055261679398122,no
122856.0,33.0,blue-collar,married,secondary,yes,no,,28.0,may,Morning,1.0,1.0,0.0,,no,625.0,89.79751113691265,4.22668383922803,no
128511.0,24.0,admin.,single,secondary,yes,no,,4.0,jul,Morning,2.0,2.0,0.0,,no,-346.0,109.20687476718902,2.5137379703017606,no
141599.0,30.0,admin.,married,secondary,yes,no,call,19.0,nov,Night ,1.0,1.0,0.0,,no,2284.0,104.23424651302412,7.64274268189788,no
149032.0,43.0,technician,married,primary,yes,no,call,20.0,apr,eve,1.0,1.0,0.0,,no,2586.0,,4.763293759096261,no
118612.0,43.0,technician,married,secondary,yes,no,,13.0,may,morning,2.0,2.0,0.0,,no,3285.0,112.54502785001412,5.223975070332436,yes
149391.0,31.0,management,,tertiary,yes,no,call,20.0,apr,Night,2.0,2.0,0.0,,no,-235.0,112.33390407577399,3.7382155716486842,no
156900.0,36.0,admin.,single,tertiary,no,no,call,13.0,aug,Night,2.0,2.0,3.0,success,no,994.0,98.66098339576351,6.0739638835719285,no
137412.0,60.0,admin.,married,secondary,no,no,call,19.0,aug,Night ,3.0,3.0,0.0,,no,3043.0,110.95585954488858,3.0923573447524033,no
125682.0,30.0,management,single,tertiary,yes,no,,9.0,jun,Evening,9.0,9.0,0.0,,,156.0,,4.634192144750439,no
136011.0,48.0,blue-collar,married,,yes,no,call,11.0,aug,morning,2.0,2.0,0.0,,no,617.0,103.10326272756754,7.040927957587849,no
119152.0,45.0,blue-collar,married,primary,yes,no,,15.0,may,eve,1.0,1.0,0.0,,no,959.0,101.79340800594572,5.1676406717918635,no
134613.0,35.0,management,single,secondary,yes,no,call,31.0,jul,Evening,6.0,6.0,0.0,,no,2383.0,111.09734235739353,6.726756988818307,no
155601.0,42.0,management,married,tertiary,no,No,call,27.0,may,eve,5.0,5.0,0.0,,no,261.0,75.72710781747597,7.998373905507577,no
137290.0,32.0,technician,single,tertiary,,no,call,18.0,aug,Afternoon,7.0,7.0,0.0,,no,548.0,99.24349289525904,6.99279618416191,no
159396.0,55.0,unemployed,divorced,secondary,no,no,call,20.0,apr,Morning,1.0,1.0,3.0,success,no,309.0,87.99620029722905,2.950075218145117,yes
139945.0,47.0,admin.,married,secondary,no,no,email,20.0,oct,Night,1.0,1.0,0.0,,no,24556.0,108.71328885280958,6.5445522988609,no
154523.0,35.0,blue-collar,divorced,secondary,yes,No,call,15.0,may,eve,3.0,3.0,9.0,failure,no,1780.0,93.62933239075667,3.1134643957324046,no
151697.0,42.0,management,married,tertiary,yes,no,call,8.0,may,Night,2.0,2.0,1.0,success,,4.0,109.21585995712917,3.5893595013006205,yes
157839.0,82.0,retired,married,primary,no,no,call,22.0,oct,morning,3.0,3.0,1.0,success,no,8603.0,106.59662636319293,3.835086330278091,yes
119079.0,50.0,blue-collar,married,secondary,yes,no,,15.0,may,Evening,5.0,5.0,0.0,,no,95.0,111.81158079343743,5.790784027140605,no
137935.0,40.0,management,married,tertiary,no,No,call,20.0,aug,Evening,2.0,2.0,0.0,,no,324.0,96.18187597102694,6.7274167773265745,no
138522.0,35.0,technician,single,secondary,no,no,call,22.0,aug,eve,2.0,2.0,0.0,,no,126.0,99.06298837198992,7.1426712710837945,no
116976.0,34.0,blue-collar,married,secondary,yes,no,,7.0,may,Afternoon,2.0,2.0,0.0,,no,615.0,109.0936979168649,5.8042763977950305,no
148511.0,46.0,services,married,tertiary,yes,no,call,17.0,,eve,1.0,1.0,0.0,,no,523.0,106.63354552664224,5.843483208193478,no
118059.0,24.0,blue-collar,married,secondary,yes,no,,12.0,may,Morning,2.0,2.0,0.0,,no,951.0,95.21803561552584,4.986106637590211,no
121006.0,30.0,blue-collar,married,primary,yes,No,,21.0,may,Morning,2.0,2.0,0.0,,no,1317.0,98.47601862434702,3.4495999005573674,no
119082.0,41.0,blue-collar,married,secondary,yes,no,,15.0,may,Afternoon,4.0,4.0,0.0,,no,1384.0,114.65736698373024,3.1907845613628556,yes
150930.0,35.0,blue-collar,married,primary,yes,no,call,6.0,may,Afternoon,2.0,2.0,0.0,,,623.0,91.72467893915565,7.731115512838667,no
140194.0,37.0,technician,married,tertiary,yes,no,call,17.0,nov,Night ,1.0,1.0,0.0,,no,0.0,108.02367775318655,4.931475607505419,no
151798.0,30.0,services,single,secondary,yes,no,call,8.0,may,Night ,5.0,5.0,0.0,,no,268.0,94.7433760831698,3.7787193350282853,no
138787.0,34.0,technician,married,secondary,no,no,call,25.0,aug,Morning,3.0,3.0,0.0,,no,354.0,113.01638714578769,4.385830070475774,no
123181.0,49.0,technician,married,secondary,yes,no,,29.0,may,Evening,1.0,1.0,0.0,,no,2497.0,103.24156070032348,6.259915593817686,no
157810.0,74.0,retired,married,tertiary,no,No,email,21.0,oct,morning,3.0,3.0,0.0,,no,4912.0,93.27384145617643,7.63880312348657,no
156002.0,50.0,management,single,secondary,no,no,SMS,4.0,jun,Evening,2.0,2.0,0.0,,no,431.0,99.71307267243341,6.306140178804853,no
143081.0,39.0,admin.,divorced,secondary,no,No,call,21.0,nov,morning,2.0,2.0,0.0,,no,458.0,120.26786244784337,2.7219623378081157,no
148950.0,40.0,blue-collar,married,primary,yes,no,call,17.0,apr,eve,2.0,2.0,0.0,,no,106.0,114.263786945034,3.4331263241827283,no
154965.0,48.0,blue-collar,single,,yes,no,call,18.0,may,eve,1.0,1.0,0.0,,no,428.0,97.21252654218151,4.206578502079807,no
142942.0,47.0,unemployed,married,primary,no,no,call,21.0,nov,Night,2.0,2.0,0.0,,no,324.0,105.56432198660625,3.195253491864672,yes
155208.0,49.0,admin.,single,secondary,yes,no,call,18.0,may,eve,2.0,2.0,1.0,failure,no,1150.0,100.08223941895766,2.545024794299292,no
141670.0,57.0,admin.,divorced,secondary,yes,No,call,19.0,nov,Night ,1.0,1.0,0.0,,no,18268.0,109.69263175681002,5.5688983202288185,no
156920.0,33.0,management,married,tertiary,yes,yes,call,13.0,aug,Morning,1.0,1.0,0.0,,no,3363.0,79.55848584936108,3.3325844897003587,no
149552.0,37.0,management,divorced,secondary,yes,no,call,20.0,apr,Evening,2.0,2.0,2.0,failure,no,1448.0,83.36763949886304,5.89645894587495,no
129921.0,28.0,blue-collar,single,secondary,yes,no,call,11.0,jul,morning,1.0,1.0,0.0,,no,455.0,96.73518222482805,5.304188905261465,no
147814.0,39.0,admin.,married,secondary,no,no,call,9.0,apr,Night,2.0,2.0,0.0,,no,0.0,97.11612248738874,3.7738111305295794,no
135051.0,49.0,admin.,married,secondary,no,,call,5.0,aug,Night,2.0,2.0,0.0,,no,381.0,116.27916105024285,3.5449076602751797,no
118228.0,34.0,services,single,secondary,no,no,,13.0,may,eve,1.0,1.0,0.0,,no,23.0,92.49480993464707,5.9773033313170965,no
145916.0,37.0,services,single,secondary,no,no,call,4.0,feb,Evening,4.0,4.0,0.0,,no,1169.0,114.1046140235196,6.516955696377018,no
127474.0,25.0,student,single,secondary,yes,no,,19.0,jun,morning,1.0,1.0,0.0,,no,722.0,109.9699959306981,6.917659514804123,no
148562.0,28.0,technician,married,secondary,yes,no,call,17.0,apr,eve,2.0,2.0,0.0,,no,675.0,125.99693049763599,2.8393436876065508,no
137197.0,34.0,technician,single,tertiary,no,no,call,18.0,aug,Night ,7.0,7.0,0.0,,no,332.0,94.45982671169945,4.222657132965381,no
118285.0,28.0,admin.,single,secondary,yes,no,,13.0,may,Evening,1.0,1.0,0.0,,no,296.0,90.81168642559078,5.503048849874078,no
150551.0,31.0,admin.,married,secondary,yes,no,call,5.0,may,Morning,5.0,5.0,3.0,other,no,368.0,93.05873871987731,3.7259690223858954,no
120240.0,53.0,management,single,primary,yes,No,,19.0,may,eve,9.0,9.0,0.0,,no,208.0,103.97117803320339,6.160507918428895,no
129272.0,44.0,management,married,tertiary,no,yes,call,9.0,jul,morning,1.0,1.0,0.0,,no,773.0,105.7975937471789,3.8280952996826434,no
134851.0,31.0,management,married,tertiary,yes,yes,call,4.0,aug,Afternoon,3.0,3.0,0.0,,no,859.0,94.66021006159428,8.302159370377566,no
127186.0,57.0,blue-collar,married,,yes,no,,18.0,jun,Night,2.0,2.0,0.0,,no,4722.0,97.576752982876,2.808261844599925,no
125568.0,60.0,management,married,primary,no,no,,6.0,jun,morning,4.0,4.0,0.0,,no,295.0,113.38868346857286,5.287450228944902,no
158075.0,32.0,technician,single,tertiary,yes,no,call,9.0,nov,Night,1.0,1.0,2.0,failure,no,1527.0,75.94078500482587,6.023192990749877,no
124421.0,45.0,management,married,tertiary,yes,no,,,jun,Night ,4.0,4.0,0.0,,no,1373.0,116.82399091414324,4.21944053803441,no
156610.0,34.0,management,married,tertiary,yes,no,call,7.0,aug,eve,1.0,1.0,2.0,success,no,0.0,84.12583178206772,1.9312576209219126,yes
152573.0,33.0,blue-collar,married,secondary,yes,No,call,12.0,may,eve,1.0,1.0,0.0,,no,798.0,99.55421182260372,5.896881426347283,no
135224.0,48.0,admin.,married,secondary,no,no,call,6.0,aug,Night,2.0,2.0,0.0,,no,490.0,95.69482459566744,3.6569559491505754,no
132364.0,29.0,student,single,secondary,yes,No,call,23.0,jul,Afternoon,1.0,1.0,0.0,,no,181.0,103.00465678094449,4.221903441838441,no
125866.0,59.0,housemaid,married,primary,no,no,,9.0,jun,eve,4.0,4.0,0.0,,no,5501.0,114.11359848648235,7.825358472240492,no
154413.0,46.0,services,married,,yes,no,call,15.0,may,morning,3.0,3.0,0.0,,no,72.0,103.36391061219685,8.799574596735717,no
137371.0,35.0,self-employed,married,secondary,no,no,call,19.0,aug,Night,8.0,8.0,0.0,,no,2251.0,94.42511798264105,3.6883830723614808,no
138620.0,39.0,technician,single,tertiary,no,yes,call,25.0,aug,Afternoon,15.0,15.0,0.0,,no,-41.0,110.79406125274909,7.004019023985632,no
129308.0,46.0,blue-collar,married,,yes,no,call,9.0,jul,Morning,1.0,1.0,0.0,,no,990.0,116.34196400202154,6.954447949198493,no
160173.0,56.0,retired,married,secondary,no,yes,call,26.0,jul,morning,1.0,1.0,2.0,failure,no,393.0,107.26381581968671,7.0588335460657365,yes
148406.0,28.0,housemaid,single,secondary,yes,no,call,17.0,apr,eve,1.0,1.0,0.0,,no,781.0,111.66103352863973,6.032930004137545,no
148329.0,27.0,technician,,secondary,yes,no,call,16.0,apr,Afternoon,1.0,1.0,5.0,success,no,639.0,109.70299266244677,4.392950703271913,no
123537.0,54.0,technician,divorced,secondary,yes,no,,30.0,may,Morning,1.0,1.0,0.0,,no,814.0,85.59968166921448,5.6737536795408126,no
129045.0,31.0,blue-collar,married,primary,no,no,SMS,8.0,jul,morning,2.0,2.0,0.0,,no,229.0,80.68592227329634,2.7520253007378015,no
138264.0,31.0,management,single,tertiary,no,,call,22.0,aug,Evening,2.0,2.0,0.0,,no,1536.0,102.89485871276108,2.932951671404308,no
123949.0,28.0,admin.,single,secondary,yes,no,,2.0,jun,Night,5.0,5.0,0.0,,no,1076.0,90.71282754044681,5.640134838089101,no
139902.0,46.0,technician,married,secondary,no,no,email,29.0,aug,Evening,2.0,2.0,0.0,,no,591.0,101.22476467643567,2.103534266975966,no
132931.0,29.0,entrepreneur,single,secondary,yes,no,call,25.0,jul,Afternoon,2.0,2.0,0.0,,no,158.0,105.69769108231424,6.586944835893082,no
137947.0,35.0,management,married,tertiary,no,yes,call,20.0,aug,Night ,9.0,9.0,0.0,,no,47.0,103.45140931312545,4.2988430110270945,no
130911.0,26.0,entrepreneur,married,secondary,yes,no,call,17.0,jul,morning,1.0,1.0,0.0,,no,-142.0,76.3078351283815,5.971686794416046,no
137146.0,60.0,blue-collar,married,secondary,no,no,email,18.0,aug,morning,12.0,12.0,0.0,,no,3122.0,109.21666647486309,4.708847105706251,no
158510.0,53.0,admin.,divorced,tertiary,yes,yes,call,12.0,jan,Night,1.0,1.0,6.0,other,no,0.0,97.1590521026998,8.831732681272548,no
122276.0,22.0,technician,single,secondary,yes,no,,27.0,may,morning,1.0,1.0,0.0,,no,0.0,85.72187904340508,6.32331593822553,no
153910.0,26.0,admin.,single,secondary,yes,no,call,14.0,may,Night ,2.0,2.0,3.0,failure,no,681.0,95.50795159283703,6.75605025921835,no
143330.0,42.0,blue-collar,married,secondary,yes,no,call,21.0,nov,eve,6.0,6.0,0.0,,no,0.0,95.27525045614269,2.4939006907754733,no
141200.0,45.0,services,married,secondary,yes,no,call,18.0,nov,Evening,2.0,2.0,6.0,failure,no,1550.0,,3.598737178445066,no
144670.0,46.0,blue-collar,single,secondary,no,no,call,30.0,jan,Evening,4.0,4.0,0.0,,no,332.0,106.85818640708058,7.316805637957289,no
139525.0,30.0,management,single,tertiary,no,no,call,28.0,aug,morning,6.0,6.0,0.0,,no,17.0,74.20697213773721,4.207870611356117,no
154857.0,29.0,admin.,married,secondary,yes,no,call,18.0,may,Night,1.0,1.0,0.0,,no,-211.0,100.70449014236434,4.435057653802974,no
141799.0,47.0,admin.,married,secondary,yes,no,call,19.0,nov,Afternoon,1.0,1.0,0.0,,no,2524.0,92.0640473006471,4.510995785248837,no
137860.0,46.0,blue-collar,married,primary,yes,no,call,20.0,aug,eve,2.0,2.0,0.0,,no,620.0,100.51531839434475,4.6403703672693135,no
119515.0,49.0,retired,married,,no,No,,15.0,may,eve,2.0,2.0,0.0,,no,247.0,110.70718920315616,2.6477253539283003,no
127922.0,43.0,admin.,married,secondary,yes,no,,20.0,jun,Afternoon,4.0,4.0,0.0,,no,-879.0,94.63997925154223,4.282316529397688,no
155258.0,31.0,services,single,secondary,no,No,call,22.0,may,Night ,1.0,1.0,0.0,,no,2252.0,105.31258619467914,4.64996368326059,no
133837.0,41.0,management,married,tertiary,no,yes,call,30.0,jul,Night,2.0,2.0,0.0,,no,1715.0,84.95560222981831,2.9355612125034707,no
154938.0,29.0,blue-collar,single,secondary,yes,no,call,18.0,may,Night ,1.0,1.0,0.0,,no,391.0,103.44712540797342,3.8649886753203484,no
148077.0,30.0,unemployed,single,tertiary,no,no,call,15.0,apr,Morning,2.0,2.0,0.0,,no,1683.0,108.08265980882966,4.764095123573903,no
120642.0,38.0,,married,,yes,no,,20.0,may,eve,13.0,13.0,0.0,,no,124.0,96.9260848879261,5.960553213531528,no
146907.0,43.0,management,married,tertiary,no,No,call,10.0,feb,eve,1.0,1.0,0.0,,no,40.0,119.77100315899133,2.298739883812706,yes
128257.0,32.0,blue-collar,divorced,,yes,yes,,27.0,jun,Night ,6.0,6.0,0.0,,no,291.0,93.3419307717224,4.579365658939038,no
133743.0,58.0,services,married,secondary,yes,yes,call,30.0,jul,eve,5.0,5.0,0.0,,no,10.0,112.74378940030827,5.895609653566168,no
135385.0,38.0,admin.,married,secondary,no,no,call,7.0,aug,eve,2.0,2.0,0.0,,no,46.0,117.23017709033249,4.519801004648746,no
120487.0,32.0,admin.,divorced,secondary,yes,yes,,20.0,may,Afternoon,1.0,1.0,0.0,,no,138.0,93.11489812116838,6.087886738363216,no
141809.0,29.0,blue-collar,married,secondary,no,no,SMS,19.0,nov,Evening,1.0,1.0,0.0,,no,659.0,89.41324136731203,6.753242919845116,no
133178.0,27.0,technician,single,secondary,no,no,call,28.0,jul,Evening,3.0,3.0,0.0,,no,3933.0,129.5646998621555,6.2078173856953205,yes
127773.0,52.0,self-employed,married,primary,yes,yes,,20.0,jun,Night ,2.0,2.0,0.0,,no,-107.0,99.71926403985039,2.5183074929276694,no
143564.0,46.0,admin.,married,secondary,yes,no,call,21.0,nov,eve,7.0,7.0,0.0,,no,9319.0,99.97593128302462,5.533252495284427,no
146443.0,42.0,technician,married,,yes,no,call,5.0,feb,morning,2.0,2.0,0.0,,no,906.0,106.5657796649831,3.9859174347742097,no
146598.0,34.0,housemaid,divorced,secondary,yes,no,call,6.0,feb,Afternoon,2.0,2.0,0.0,,no,-28.0,110.334626348398,4.091838392702018,no
154741.0,36.0,management,single,tertiary,yes,no,call,18.0,may,Morning,1.0,1.0,0.0,,no,10773.0,94.92840858515746,3.5156327109661265,no
130040.0,45.0,management,married,tertiary,yes,no,call,11.0,jul,morning,2.0,2.0,0.0,,no,2220.0,100.89783885827846,5.573356733978045,no
130597.0,50.0,admin.,married,secondary,yes,no,call,15.0,jul,Morning,7.0,7.0,0.0,,no,219.0,98.37694725475208,3.7290940183063093,no
133587.0,41.0,unemployed,married,secondary,yes,no,call,29.0,jul,morning,4.0,4.0,0.0,,no,274.0,105.92849823071052,5.583046024312647,no
158389.0,29.0,student,single,secondary,no,no,call,15.0,dec,morning,3.0,3.0,19.0,other,no,459.0,98.9732746810479,4.782889329395219,yes
150709.0,32.0,blue-collar,single,primary,yes,yes,call,6.0,may,Afternoon,1.0,1.0,0.0,,no,1137.0,99.49558408356297,5.447351358824898,no
142505.0,32.0,admin.,single,secondary,no,no,call,20.0,nov,Night,1.0,1.0,0.0,,no,781.0,102.94308190601917,3.4810201855854577,no
132241.0,47.0,admin.,divorced,secondary,no,yes,call,23.0,jul,Night ,1.0,1.0,0.0,,no,136.0,111.6760691370504,5.110098811987838,no
145638.0,45.0,self-employed,divorced,tertiary,yes,yes,call,4.0,feb,eve,1.0,1.0,0.0,,yes,75.0,108.10998448030949,5.999976590830357,no
136641.0,38.0,technician,married,tertiary,no,no,call,13.0,aug,Night ,5.0,5.0,0.0,,no,128.0,107.46904512049879,4.0725181276660685,no
121699.0,33.0,technician,single,secondary,yes,no,,26.0,may,eve,2.0,2.0,0.0,,no,1746.0,92.11941738347825,2.351561764377918,no
148237.0,40.0,technician,married,primary,yes,no,call,16.0,apr,morning,2.0,2.0,1.0,failure,no,644.0,107.33821276370318,5.031151978657052,no
133015.0,37.0,management,married,tertiary,yes,no,call,25.0,jul,eve,2.0,2.0,0.0,,no,-70.0,102.40980716513849,4.952905755843811,no
153391.0,40.0,management,married,tertiary,yes,no,call,13.0,may,Night,4.0,4.0,0.0,,no,342.0,104.13828826194492,5.498759732273788,no
150723.0,28.0,student,single,tertiary,yes,no,call,6.0,may,Afternoon,1.0,1.0,0.0,,no,471.0,104.38901876855606,5.299475482856942,no
136674.0,58.0,technician,single,secondary,,no,call,13.0,aug,Evening,2.0,2.0,0.0,,,382.0,87.29488001989367,3.2645305784333747,no
124134.0,32.0,blue-collar,married,secondary,yes,no,,2.0,jun,morning,1.0,1.0,0.0,,no,35.0,98.61354989984974,4.945763031379865,no
149527.0,36.0,services,married,secondary,yes,yes,call,20.0,apr,Afternoon,4.0,4.0,0.0,,no,924.0,90.35529599648575,5.389666295139956,no
147039.0,48.0,management,married,tertiary,yes,No,call,26.0,feb,Night ,1.0,1.0,0.0,,no,1808.0,102.96605338510898,6.888561240244167,yes
159494.0,54.0,technician,married,tertiary,no,no,call,30.0,,Night,1.0,1.0,2.0,success,no,395.0,89.21338155432966,5.010054213033511,yes
150252.0,53.0,management,divorced,tertiary,no,no,call,4.0,may,Night,2.0,2.0,3.0,success,no,2152.0,116.77419952754956,4.8072185944188455,no
159756.0,,admin.,married,secondary,no,no,call,2.0,jun,Morning,1.0,1.0,0.0,,no,952.0,102.74993374111106,4.6103348700660085,yes
148915.0,50.0,blue-collar,married,primary,yes,no,call,17.0,apr,eve,3.0,3.0,2.0,other,no,104.0,95.16750124188275,4.251769976856188,no
116970.0,56.0,management,married,primary,yes,no,,7.0,may,Night ,3.0,3.0,0.0,,no,-24.0,91.98631129669397,5.521382306494395,no
135819.0,47.0,management,married,tertiary,no,yes,call,8.0,aug,Afternoon,2.0,2.0,0.0,,no,260.0,99.11427028922016,1.1354857864042036,no
130373.0,29.0,services,single,secondary,no,no,call,14.0,jul,morning,3.0,3.0,0.0,,no,184.0,100.17428222999555,4.627658318152632,no
144727.0,57.0,technician,married,primary,yes,No,call,30.0,jan,Afternoon,1.0,1.0,4.0,failure,no,1276.0,98.45674933365788,2.938901077032493,no
147122.0,28.0,management,single,tertiary,yes,No,call,3.0,mar,Morning,1.0,1.0,0.0,,no,730.0,97.90168450958421,6.434827693405854,yes
131195.0,34.0,management,married,tertiary,yes,,call,18.0,,Morning,2.0,2.0,0.0,,no,1602.0,90.77072650767872,3.631188463974822,no
120387.0,33.0,technician,single,secondary,yes,No,,20.0,may,morning,1.0,1.0,0.0,,no,1769.0,98.12752208216668,7.661324144193468,no
140303.0,59.0,management,married,primary,yes,yes,call,17.0,nov,Night ,1.0,1.0,2.0,failure,no,252.0,99.26662209422885,2.7474038561745333,no
144280.0,46.0,management,married,primary,no,no,call,29.0,jan,Night,2.0,2.0,0.0,,no,589.0,100.82737867091409,4.339057670936773,no
147072.0,25.0,technician,single,secondary,yes,no,call,27.0,feb,Night ,5.0,5.0,0.0,,no,1231.0,97.09388911126962,6.831564915699491,yes
152229.0,34.0,blue-collar,married,secondary,yes,No,call,11.0,may,morning,2.0,2.0,2.0,other,no,-29.0,111.43007125710129,3.849978425102355,no
161068.0,54.0,admin.,married,secondary,yes,no,call,11.0,nov,Morning,1.0,1.0,0.0,,no,66.0,98.9255127664815,4.249276147554485,yes
155921.0,53.0,technician,married,tertiary,no,no,call,3.0,jun,Morning,1.0,1.0,0.0,,no,2600.0,108.5386968998984,3.6495805934600622,no
143624.0,46.0,technician,married,tertiary,yes,no,call,28.0,jan,Afternoon,1.0,1.0,0.0,,no,0.0,119.25501445313111,2.664307314929668,no
132866.0,34.0,technician,divorced,secondary,no,no,call,25.0,jul,morning,2.0,2.0,0.0,,no,675.0,89.90626916157935,5.438059081267581,no
126741.0,38.0,services,married,secondary,no,no,,17.0,jun,Afternoon,1.0,1.0,0.0,,no,250.0,92.41673047611049,4.500811593876274,no
120591.0,33.0,management,married,tertiary,no,no,,20.0,may,Night ,2.0,2.0,0.0,,no,876.0,95.09139521046822,4.7235058336284235,no
157326.0,43.0,management,married,tertiary,yes,no,call,4.0,sep,Afternoon,1.0,1.0,0.0,,no,13450.0,103.21536433042148,4.562565619191791,no
158040.0,50.0,management,married,tertiary,yes,no,call,4.0,nov,Morning,5.0,5.0,5.0,other,no,112.0,101.10995225944777,4.586604228691942,no
156538.0,25.0,student,single,secondary,yes,no,email,5.0,aug,morning,2.0,2.0,2.0,failure,no,41.0,105.14056619119964,4.906438220784065,no
153642.0,55.0,retired,married,primary,no,yes,call,14.0,may,Afternoon,1.0,1.0,0.0,,no,-966.0,99.69480848188871,3.476836900990027,no
153375.0,36.0,blue-collar,married,primary,yes,no,call,13.0,may,Night ,2.0,2.0,0.0,,no,2040.0,110.83433896817704,6.170108432655834,no
153254.0,30.0,management,single,tertiary,yes,no,call,13.0,may,Night,3.0,3.0,0.0,,no,365.0,101.67094172057199,1.8925515238775947,no
122462.0,39.0,blue-collar,married,tertiary,yes,yes,,28.0,may,morning,3.0,3.0,0.0,,no,206.0,99.5238917285256,4.297820252516278,no
137108.0,51.0,technician,married,secondary,no,no,call,18.0,aug,morning,4.0,4.0,0.0,,no,47.0,96.15766050711962,4.500388891059391,no
132183.0,25.0,blue-collar,single,secondary,yes,no,call,23.0,jul,Night ,1.0,1.0,0.0,,no,-247.0,93.61793605452698,5.3092234970811845,yes
156130.0,26.0,self-employed,single,tertiary,no,no,call,12.0,jun,Morning,5.0,5.0,0.0,,no,1444.0,89.14896818830981,7.252732009586671,no
156664.0,32.0,technician,divorced,secondary,yes,no,call,10.0,aug,Night ,2.0,2.0,0.0,,no,0.0,90.91280174528627,6.078933543321362,no
159078.0,56.0,retired,married,primary,no,no,call,2.0,mar,Afternoon,2.0,2.0,5.0,failure,no,1947.0,90.58717551415278,2.5468755397628593,yes
122971.0,43.0,technician,single,secondary,no,no,,29.0,may,eve,1.0,1.0,0.0,,no,11269.0,107.97175335344068,4.278275815361215,no
131884.0,37.0,services,married,secondary,yes,no,email,22.0,jul,Evening,13.0,13.0,0.0,,no,145.0,95.27487913982523,6.152465195748361,no
128341.0,49.0,technician,married,tertiary,no,no,,1.0,jul,Afternoon,2.0,2.0,0.0,,no,503.0,107.68887337414432,3.410700076346619,no
121110.0,33.0,management,married,secondary,yes,no,,23.0,may,morning,5.0,5.0,0.0,,no,3132.0,97.15251530662377,6.973338157740696,no
143381.0,36.0,self-employed,divorced,tertiary,yes,no,call,21.0,nov,Night ,2.0,2.0,0.0,,no,6385.0,94.75201209406293,2.803480099425489,no
147740.0,37.0,technician,married,secondary,yes,No,call,8.0,apr,Night,2.0,2.0,4.0,failure,no,523.0,110.5995309179406,6.2550613484954285,no
148281.0,37.0,admin.,single,secondary,yes,no,call,16.0,apr,eve,2.0,2.0,0.0,,no,0.0,73.17701009940309,5.388372066214572,no
119863.0,35.0,blue-collar,married,primary,yes,no,,16.0,may,eve,2.0,2.0,0.0,,no,767.0,108.39073293972672,5.952650586583167,no
130856.0,34.0,blue-collar,married,primary,yes,no,call,16.0,jul,Evening,7.0,7.0,0.0,,no,425.0,113.540948980452,7.092125212898172,no
149915.0,56.0,management,divorced,,no,no,call,30.0,apr,morning,1.0,1.0,0.0,,no,2986.0,124.9877399527218,5.796689821492578,no
154117.0,31.0,blue-collar,married,primary,yes,no,call,15.0,may,Night ,1.0,1.0,3.0,failure,no,290.0,104.93154011197534,1.2252376576384596,no
140895.0,46.0,management,married,secondary,yes,no,call,18.0,nov,Morning,1.0,1.0,0.0,,no,430.0,106.33966496310441,4.5249370017456325,no
142663.0,32.0,blue-collar,single,secondary,yes,yes,call,20.0,nov,morning,4.0,4.0,0.0,,no,3658.0,105.95389869365745,5.9208333454139295,no
146610.0,56.0,management,married,tertiary,no,no,call,6.0,feb,eve,1.0,1.0,0.0,,no,616.0,103.59911447545679,4.933034350627384,yes
121250.0,41.0,management,single,tertiary,no,no,,23.0,may,Night ,1.0,1.0,0.0,,no,16.0,105.10246750465521,3.419538270473369,no
123649.0,47.0,blue-collar,married,secondary,yes,yes,,30.0,,Night ,2.0,2.0,0.0,,no,1794.0,101.41001572770588,5.465502801984589,no
128942.0,27.0,management,single,tertiary,no,yes,call,8.0,jul,eve,1.0,1.0,0.0,,no,136.0,75.35778407420915,7.563219074655098,no
149714.0,25.0,services,single,secondary,no,No,call,27.0,apr,Night ,1.0,1.0,0.0,,no,7604.0,96.15648648904453,7.995990537269049,no
157866.0,70.0,,married,tertiary,no,no,call,26.0,oct,Night ,2.0,2.0,0.0,,no,,97.11771244008416,7.469818723262208,no
122512.0,37.0,technician,divorced,secondary,yes,,,28.0,may,eve,2.0,2.0,0.0,,no,-230.0,107.10805845752112,,no
116377.0,54.0,management,divorced,primary,no,no,,6.0,may,morning,1.0,1.0,0.0,,no,0.0,106.20705485115664,4.449173149381597,no
157907.0,33.0,management,single,tertiary,no,no,call,28.0,oct,Afternoon,2.0,2.0,0.0,,no,3170.0,87.02729726826044,8.427784845994701,no
148098.0,36.0,blue-collar,married,primary,,no,call,16.0,apr,eve,1.0,1.0,2.0,failure,no,453.0,,4.548914705199077,no
126127.0,38.0,services,divorced,primary,no,no,,11.0,jun,morning,10.0,10.0,0.0,,no,188.0,98.65743851237855,5.2600672123833006,no
148182.0,34.0,management,single,,yes,no,call,16.0,apr,Night,1.0,1.0,7.0,other,no,1534.0,94.7293169969934,5.660562958726729,no
117347.0,27.0,blue-collar,married,tertiary,yes,yes,,8.0,may,eve,2.0,2.0,0.0,,no,417.0,98.07616925253996,6.780830716130703,no
142434.0,30.0,admin.,married,secondary,no,no,call,20.0,nov,eve,1.0,1.0,0.0,,no,1794.0,84.58006476011239,5.862079313361946,yes
122402.0,48.0,housemaid,married,primary,yes,no,,27.0,may,Night,5.0,5.0,0.0,,no,627.0,86.20419132682018,1.851317360417815,no
141204.0,33.0,admin.,married,tertiary,yes,yes,call,18.0,nov,eve,1.0,1.0,0.0,,no,88.0,101.45047415541369,6.316220443664585,no
119037.0,41.0,blue-collar,divorced,secondary,yes,no,,14.0,may,Night,3.0,3.0,0.0,,no,5291.0,96.18211001237809,5.465291595667233,yes
152604.0,39.0,blue-collar,married,primary,yes,no,call,12.0,may,eve,5.0,5.0,30.0,other,no,467.0,89.17317808304924,2.99994726611761,no
159916.0,41.0,admin.,married,secondary,yes,no,call,29.0,jun,morning,1.0,1.0,7.0,failure,no,3126.0,108.52620867031645,4.359356903088404,yes
152591.0,22.0,student,single,secondary,yes,no,SMS,12.0,may,eve,1.0,1.0,0.0,,no,246.0,106.47070954697524,2.346857732639115,no
137911.0,44.0,management,married,tertiary,yes,no,call,20.0,aug,morning,3.0,3.0,0.0,,no,0.0,95.01437565182356,4.5722831220353966,no
148798.0,31.0,technician,single,secondary,,no,SMS,17.0,apr,Morning,2.0,2.0,2.0,failure,no,102.0,102.17908698831603,6.947206437691937,no
154138.0,31.0,technician,single,tertiary,yes,no,call,15.0,may,morning,4.0,4.0,4.0,failure,no,699.0,113.41199193935182,7.413223451418128,no
124779.0,29.0,services,single,secondary,yes,yes,,4.0,,Morning,1.0,1.0,0.0,,no,447.0,104.15303520012665,4.655726053437235,no
117822.0,31.0,management,single,tertiary,yes,no,,9.0,may,eve,3.0,3.0,0.0,,no,0.0,104.80503373687627,3.774283114874861,no
159510.0,35.0,unemployed,single,tertiary,no,No,call,4.0,may,Morning,2.0,2.0,2.0,success,no,415.0,106.36262221498984,3.493416603204359,yes
155760.0,56.0,housemaid,divorced,primary,no,no,call,2.0,jun,morning,1.0,1.0,0.0,,no,61.0,107.34797752907345,7.455659550588671,no
143655.0,55.0,technician,divorced,secondary,no,no,call,28.0,jan,Night,1.0,1.0,0.0,,yes,4.0,104.62069818436747,4.012893556572248,yes
150525.0,44.0,blue-collar,married,secondary,no,no,call,5.0,may,eve,2.0,2.0,0.0,,no,0.0,99.35878831604661,6.578811541018611,no
121877.0,24.0,management,single,tertiary,yes,no,,26.0,may,Morning,2.0,2.0,0.0,,no,66.0,106.7135636007396,4.606138799801154,no
132018.0,33.0,blue-collar,divorced,secondary,no,No,call,22.0,jul,morning,2.0,2.0,0.0,,no,474.0,98.32392776318854,3.175163629769047,no
151511.0,47.0,services,married,secondary,yes,no,call,7.0,may,Night,1.0,1.0,6.0,other,no,1269.0,99.80835406469146,6.643145074896469,no
140635.0,32.0,services,single,secondary,yes,no,call,18.0,nov,Evening,1.0,1.0,0.0,,no,148.0,114.82302524209985,5.009945246734633,no
117033.0,34.0,services,divorced,secondary,yes,no,,7.0,may,Afternoon,3.0,3.0,0.0,,no,78.0,105.86234864594446,4.76084771613494,no
133709.0,51.0,housemaid,married,,no,no,email,29.0,jul,Morning,3.0,3.0,0.0,,no,174.0,100.4180704139476,7.364805854885059,no
160252.0,35.0,self-employed,married,tertiary,no,no,call,2.0,aug,Evening,2.0,2.0,6.0,failure,no,980.0,85.03011889941484,4.962436714183785,no
158397.0,46.0,management,married,tertiary,yes,no,call,17.0,dec,Night,1.0,1.0,2.0,failure,no,0.0,105.92466942591878,4.298452462338881,no
121661.0,54.0,blue-collar,married,secondary,yes,yes,,26.0,may,Night,1.0,1.0,0.0,,no,682.0,84.67510571422643,3.6044709188341995,no
121961.0,46.0,technician,divorced,secondary,yes,yes,,26.0,may,Afternoon,3.0,3.0,0.0,,no,1.0,86.47430424890985,2.1604108623191154,no
157927.0,31.0,management,married,tertiary,yes,no,call,29.0,oct,Night,2.0,2.0,0.0,,no,81.0,104.04175124357945,5.092808664261182,yes
133591.0,54.0,blue-collar,married,primary,yes,no,call,29.0,jul,eve,2.0,2.0,0.0,,no,244.0,90.87338268038032,4.623505238822031,no
141695.0,33.0,management,single,secondary,no,No,call,19.0,nov,Afternoon,3.0,3.0,0.0,,,8004.0,92.62224036747514,3.7078269141066733,no
128494.0,34.0,technician,married,secondary,no,no,,4.0,jul,eve,1.0,1.0,0.0,,no,173.0,107.006720904939,6.818257183141475,no
151711.0,37.0,management,single,tertiary,yes,no,call,8.0,may,eve,3.0,3.0,0.0,,no,331.0,111.2462241237464,6.712800701296708,no
153820.0,60.0,blue-collar,married,primary,no,no,email,14.0,may,eve,1.0,1.0,0.0,,no,2147.0,111.76010281007268,4.890187166596843,no
132906.0,57.0,management,married,secondary,no,no,call,25.0,jul,Afternoon,1.0,1.0,0.0,,no,262.0,77.22752814487,6.803678257522575,no
149483.0,37.0,blue-collar,married,secondary,yes,no,call,20.0,apr,Afternoon,2.0,2.0,2.0,failure,no,504.0,95.29030788921162,4.749512687176589,no
148212.0,38.0,blue-collar,married,primary,yes,no,call,16.0,apr,Evening,1.0,1.0,2.0,other,no,1576.0,118.91664623088403,7.244215661418507,no
119235.0,60.0,retired,married,secondary,yes,no,,15.0,may,eve,1.0,1.0,0.0,,no,-208.0,96.44333261580107,4.920995449141116,no
117873.0,45.0,management,single,tertiary,yes,No,,9.0,may,Morning,2.0,2.0,0.0,,no,5694.0,109.35862604813514,5.8026084437348455,no
123855.0,58.0,retired,married,secondary,yes,no,,2.0,jun,eve,2.0,2.0,0.0,,no,25.0,85.98601873487206,2.1510594010732693,no
115999.0,34.0,admin.,married,secondary,no,yes,,5.0,may,morning,1.0,1.0,0.0,,no,61.0,116.12594453379047,3.3379256292362065,no
142260.0,38.0,self-employed,married,secondary,yes,no,call,20.0,nov,Night,1.0,1.0,1.0,failure,no,215.0,109.02093879127708,3.59075986687776,no
132166.0,42.0,management,divorced,secondary,yes,no,call,23.0,jul,Morning,1.0,1.0,0.0,,no,283.0,102.18213973332085,5.786641566417482,yes
140153.0,48.0,technician,married,primary,no,no,call,,nov,Night,1.0,1.0,0.0,,no,4656.0,85.23805745114083,3.4634609716605196,no
131509.0,31.0,admin.,married,secondary,yes,yes,call,21.0,jul,Night,1.0,1.0,0.0,,no,774.0,102.39775892488343,3.2994872949781886,no
146334.0,30.0,technician,single,secondary,yes,no,call,5.0,feb,Night ,1.0,1.0,1.0,other,no,728.0,100.2610966233566,4.735690775764562,no
152054.0,47.0,blue-collar,married,secondary,yes,no,call,11.0,may,morning,1.0,1.0,1.0,failure,no,71.0,107.61469847689347,4.486974753787181,no
156276.0,61.0,retired,married,secondary,no,no,call,30.0,jun,Night,1.0,1.0,0.0,,no,3340.0,103.53164467623415,2.477761086035482,no
122152.0,52.0,services,married,primary,yes,yes,,27.0,may,Evening,2.0,2.0,0.0,,no,-585.0,97.65318448226259,2.931019795588133,no
121041.0,32.0,admin.,married,secondary,yes,no,,21.0,may,Night ,2.0,2.0,0.0,,no,76.0,81.37449278494492,5.194144317607701,no
149301.0,25.0,student,single,tertiary,yes,no,call,20.0,apr,morning,1.0,1.0,0.0,,no,538.0,112.62132666293458,6.27693592790723,no
141276.0,46.0,management,divorced,tertiary,yes,no,email,18.0,nov,Night ,3.0,3.0,2.0,failure,no,6269.0,99.22923511250033,5.437182619548533,no
139750.0,35.0,technician,married,secondary,yes,no,call,29.0,aug,eve,2.0,2.0,0.0,,no,-146.0,71.93569243723681,4.663547569119287,no
161021.0,46.0,technician,married,,no,no,call,27.0,oct,Morning,1.0,1.0,2.0,success,no,3308.0,108.99757306235236,8.282462261247304,yes
158169.0,44.0,technician,divorced,secondary,no,no,call,13.0,nov,Night,1.0,1.0,1.0,success,no,14.0,88.64478160114524,6.215224837442316,yes
120019.0,35.0,blue-collar,single,secondary,no,No,,19.0,may,Evening,3.0,3.0,0.0,,no,5.0,115.47752667334356,6.855328185333662,no
156337.0,26.0,self-employed,single,tertiary,no,no,call,3.0,jul,Morning,1.0,1.0,0.0,,no,1393.0,94.46865448240631,5.378789074956855,no
142437.0,57.0,services,single,secondary,yes,No,SMS,20.0,nov,Night,8.0,8.0,2.0,failure,no,2236.0,118.95727157618666,6.359710148439533,no
145941.0,30.0,management,married,tertiary,no,no,call,4.0,feb,Afternoon,2.0,2.0,0.0,,no,367.0,98.89201937901898,2.9241645858492715,no
150307.0,35.0,blue-collar,single,secondary,yes,no,call,5.0,may,Evening,4.0,4.0,3.0,failure,yes,-947.0,109.7565165608053,8.527971109733436,no
154489.0,28.0,blue-collar,single,secondary,yes,no,call,15.0,may,eve,4.0,4.0,0.0,,no,3412.0,102.28868938476043,5.771083035155718,no
160423.0,35.0,blue-collar,married,secondary,yes,no,call,12.0,aug,morning,1.0,1.0,4.0,success,no,1454.0,113.43587511043893,5.400901966827482,yes
141620.0,58.0,blue-collar,divorced,primary,yes,no,call,19.0,nov,Night ,2.0,2.0,10.0,failure,no,8218.0,82.3194324396735,4.150866331486028,no
116703.0,45.0,self-employed,divorced,secondary,yes,no,,7.0,may,Morning,3.0,3.0,0.0,,no,-139.0,108.17813078294664,3.5718990782943267,no
122949.0,45.0,admin.,married,secondary,yes,no,,28.0,may,morning,4.0,4.0,0.0,,no,,77.19268424579474,5.82756699750654,no
132901.0,39.0,management,divorced,tertiary,yes,no,call,25.0,jul,Afternoon,1.0,1.0,0.0,,no,1555.0,99.12860921632982,6.860053924142103,no
132512.0,45.0,services,married,,no,No,call,24.0,jul,eve,2.0,2.0,0.0,,no,293.0,98.96366291807804,5.325466596500638,no
132346.0,32.0,blue-collar,single,secondary,no,yes,call,23.0,jul,Night,6.0,6.0,0.0,,no,799.0,99.02740724775428,3.8553487529637245,yes
157632.0,58.0,retired,married,primary,no,no,SMS,8.0,oct,Night,1.0,1.0,1.0,success,no,565.0,103.28224892100495,5.094652931407638,yes
133438.0,48.0,management,divorced,tertiary,no,no,call,29.0,jul,Morning,2.0,2.0,0.0,,no,2263.0,104.58340119698356,,yes
157595.0,57.0,management,divorced,,no,no,call,6.0,oct,eve,1.0,1.0,5.0,success,no,854.0,106.20453326360008,4.816811248829852,yes
157070.0,47.0,housemaid,divorced,secondary,no,No,call,19.0,aug,eve,2.0,2.0,0.0,,no,80.0,94.02127598793763,5.471967870574497,no
123983.0,34.0,blue-collar,married,primary,yes,No,,2.0,jun,Evening,2.0,2.0,0.0,,no,-20.0,106.38311723229998,5.817828792274522,no
130192.0,31.0,services,married,secondary,yes,no,call,14.0,jul,Evening,2.0,2.0,0.0,,no,6.0,129.73125999515543,5.316884555629455,no
146136.0,34.0,management,single,tertiary,yes,no,call,5.0,feb,Afternoon,6.0,6.0,0.0,,no,404.0,82.96552740092356,5.782968679916258,no
136584.0,34.0,management,single,tertiary,yes,no,call,12.0,aug,Night,3.0,3.0,0.0,,no,966.0,88.65662756999974,4.873422741250645,no
142809.0,36.0,management,married,tertiary,yes,yes,call,21.0,nov,eve,4.0,4.0,0.0,,no,6138.0,102.2912021473415,4.733877696262531,no
133681.0,42.0,blue-collar,married,secondary,yes,no,call,29.0,jul,eve,5.0,5.0,0.0,,no,1386.0,105.83677097338565,5.010018776333361,no
149211.0,60.0,admin.,married,secondary,yes,no,call,20.0,apr,Afternoon,1.0,1.0,3.0,failure,no,1914.0,109.62149285564463,3.189646027003758,no
122314.0,46.0,blue-collar,married,primary,yes,No,,27.0,may,Afternoon,4.0,4.0,0.0,,no,-326.0,109.1847961532033,4.539662583997217,no
127096.0,60.0,retired,married,primary,no,no,,18.0,jun,Night ,1.0,1.0,0.0,,no,3.0,96.52902794439915,4.404461729961437,no
130497.0,53.0,blue-collar,married,primary,no,yes,call,15.0,jul,eve,5.0,5.0,0.0,,no,38.0,87.26732600250553,5.312344066834034,no
147904.0,32.0,admin.,divorced,secondary,yes,no,call,14.0,apr,Evening,1.0,1.0,0.0,,no,410.0,95.85343957699916,7.749320092751253,no
126395.0,52.0,retired,divorced,tertiary,yes,yes,,16.0,jun,Morning,4.0,4.0,0.0,,no,3687.0,90.22047244849945,5.398418933563025,yes
121461.0,31.0,management,single,tertiary,yes,no,,23.0,may,eve,3.0,3.0,0.0,,no,357.0,92.30869148617128,5.30954469268839,no
142919.0,34.0,management,married,tertiary,yes,no,call,21.0,,Night ,1.0,1.0,0.0,,no,6463.0,95.97437580786911,4.621179684674978,no
156850.0,32.0,management,single,tertiary,no,No,call,13.0,aug,eve,1.0,1.0,0.0,,no,2465.0,102.05746650816451,6.098117408958583,yes
133473.0,45.0,blue-collar,married,primary,yes,yes,call,29.0,jul,eve,2.0,2.0,0.0,,no,193.0,97.332852397174,4.934723520580064,no
138405.0,35.0,self-employed,married,secondary,,no,call,22.0,aug,morning,7.0,7.0,0.0,,no,1256.0,110.47450765765917,5.236222203728607,no
135715.0,47.0,services,married,secondary,no,yes,call,8.0,aug,Night,2.0,2.0,0.0,,no,405.0,93.12508549383666,5.678405991201997,yes
124405.0,44.0,admin.,married,tertiary,yes,no,,3.0,jun,Night,15.0,15.0,0.0,,no,1588.0,100.42438991895102,4.1248918114964574,no
119692.0,25.0,technician,single,secondary,yes,yes,,16.0,may,morning,1.0,1.0,0.0,,no,1400.0,95.8833465956113,4.735647172295425,no
144223.0,38.0,technician,single,tertiary,yes,yes,call,29.0,jan,morning,1.0,1.0,0.0,,no,1077.0,115.40766782825824,4.86320192557722,no
124900.0,52.0,,married,primary,no,no,,5.0,jun,Night ,1.0,1.0,0.0,,no,8251.0,108.6366255130945,5.363557752184686,no
157556.0,36.0,technician,married,tertiary,no,No,call,1.0,oct,Night ,1.0,1.0,2.0,failure,no,202.0,105.56662194262164,6.1983931735493565,no
122159.0,26.0,technician,divorced,secondary,yes,no,,27.0,may,Afternoon,1.0,1.0,0.0,,no,21.0,104.05429297338985,6.352206873334412,no
129938.0,37.0,blue-collar,single,secondary,yes,no,call,11.0,jul,Morning,1.0,1.0,0.0,,no,1672.0,94.82350763703188,4.546614039891585,no
141606.0,54.0,services,married,,no,yes,call,19.0,nov,Morning,1.0,1.0,1.0,success,no,386.0,110.9599096410598,6.240145357549292,no
134337.0,54.0,self-employed,married,secondary,yes,,email,31.0,jul,eve,6.0,6.0,0.0,,no,2191.0,89.29478927170902,6.437460649788924,no
159177.0,36.0,management,married,tertiary,no,no,call,12.0,mar,morning,3.0,3.0,6.0,success,no,495.0,108.71973708494832,6.59009814909447,yes
155060.0,28.0,blue-collar,married,secondary,yes,no,call,18.0,may,Night,2.0,2.0,4.0,other,no,1072.0,94.50385978530905,3.278657581716978,no
125616.0,57.0,technician,married,secondary,no,No,,9.0,jun,Evening,2.0,2.0,0.0,,no,93.0,85.7686395491103,5.214866128104736,no
118470.0,55.0,technician,married,secondary,yes,yes,,13.0,may,Night,2.0,2.0,0.0,,no,6958.0,94.7842860414895,,no
129874.0,60.0,housemaid,,primary,yes,no,email,10.0,jul,morning,3.0,3.0,0.0,,no,763.0,107.61015962918395,6.590193368339985,no
141945.0,46.0,management,married,tertiary,no,no,call,19.0,nov,morning,5.0,5.0,0.0,,no,1388.0,112.02383815653339,3.6776655299269176,no
141355.0,53.0,management,married,tertiary,,yes,call,19.0,nov,eve,3.0,3.0,0.0,,no,57.0,94.34668860392357,3.5212843308138244,no
154849.0,30.0,services,single,secondary,yes,no,call,18.0,may,Night,1.0,1.0,0.0,,no,631.0,105.88214473016872,5.050598350579406,no
122483.0,33.0,blue-collar,single,tertiary,yes,no,,28.0,may,Night ,2.0,2.0,0.0,,no,-303.0,109.7868950071883,4.016512090810901,no
143152.0,32.0,technician,single,tertiary,yes,no,call,21.0,nov,morning,4.0,4.0,0.0,,no,2204.0,91.27686301335984,5.295312476940196,no
124456.0,25.0,management,married,primary,yes,no,,3.0,jun,Night ,1.0,1.0,0.0,,no,168.0,99.20171524763948,5.517703616298477,yes
139653.0,35.0,technician,single,tertiary,no,no,call,28.0,aug,Afternoon,13.0,13.0,0.0,,no,576.0,88.90071034814001,6.316691934375396,no
159445.0,32.0,admin.,single,secondary,yes,no,call,26.0,apr,eve,1.0,1.0,2.0,failure,no,154.0,113.88219121629827,4.067190835585672,no
121439.0,38.0,blue-collar,married,secondary,yes,no,,23.0,may,eve,3.0,3.0,0.0,,no,1102.0,93.20622686374661,5.600545085096429,no
124360.0,37.0,blue-collar,married,primary,yes,no,,3.0,jun,Night ,1.0,1.0,0.0,,no,907.0,90.23274985612048,4.814876332359437,no
128346.0,35.0,services,married,secondary,yes,no,,1.0,jul,Night ,1.0,1.0,0.0,,no,871.0,116.61714046165699,4.673338968893944,no
160952.0,64.0,retired,divorced,secondary,no,no,call,20.0,oct,Morning,1.0,1.0,3.0,failure,no,4833.0,107.9240307992988,7.195885413653023,yes
115925.0,59.0,blue-collar,married,secondary,yes,no,,5.0,may,Afternoon,1.0,1.0,0.0,,no,0.0,98.34479120366072,3.4699385386597905,no
147132.0,62.0,management,married,secondary,yes,no,call,3.0,mar,Evening,1.0,1.0,0.0,,no,4562.0,103.35855450890885,7.294687607064162,yes
128420.0,58.0,retired,married,secondary,no,yes,,3.0,jul,morning,1.0,1.0,0.0,,no,166.0,104.65678686340854,2.695509889213605,no
134839.0,41.0,management,single,tertiary,no,no,call,4.0,aug,Evening,2.0,2.0,0.0,,no,4477.0,76.1825252062917,5.957846222464808,no
118404.0,45.0,blue-collar,married,secondary,yes,no,,13.0,may,Afternoon,1.0,1.0,0.0,,no,8680.0,85.54579306451458,3.629443798623648,no
130980.0,31.0,blue-collar,single,primary,yes,no,call,17.0,jul,Evening,1.0,1.0,0.0,,no,528.0,100.75468272307734,3.880995659052682,no
148215.0,34.0,management,married,tertiary,yes,no,call,16.0,apr,Evening,3.0,3.0,0.0,,no,,110.56643844741946,4.591452625501529,no
154568.0,37.0,blue-collar,divorced,secondary,yes,no,call,15.0,may,Evening,4.0,4.0,2.0,failure,no,625.0,106.1869844681124,5.413152551540938,no
158365.0,28.0,management,single,tertiary,no,no,call,10.0,dec,morning,1.0,1.0,0.0,,no,1351.0,87.39809019735232,5.97939194373134,no
147092.0,33.0,admin.,single,secondary,no,no,call,27.0,feb,Night ,2.0,2.0,0.0,,no,607.0,88.75204397457539,3.3867964188280704,yes
132116.0,31.0,blue-collar,single,primary,yes,no,call,23.0,jul,Morning,8.0,8.0,0.0,,no,302.0,107.86311671323354,3.5953052588624868,no
150549.0,33.0,management,married,tertiary,yes,no,call,5.0,may,Morning,2.0,2.0,5.0,other,no,8339.0,91.01791831352196,7.342498024299661,no
151019.0,45.0,management,married,tertiary,yes,No,call,6.0,may,eve,2.0,2.0,0.0,,no,-206.0,105.96226350245391,5.825197984137979,no
122870.0,32.0,technician,single,tertiary,yes,no,,28.0,may,eve,1.0,1.0,0.0,,no,92.0,102.70968216512686,6.134597694732514,no
156891.0,35.0,admin.,single,tertiary,yes,no,call,13.0,aug,morning,1.0,1.0,2.0,other,no,5007.0,101.0275682633468,4.394587592922614,no
152249.0,50.0,entrepreneur,married,secondary,yes,no,call,11.0,may,Morning,2.0,2.0,0.0,,no,533.0,88.03289721510708,5.558474216283859,no
139158.0,47.0,services,married,primary,no,no,call,,aug,eve,4.0,4.0,0.0,,no,6.0,106.99122503697969,5.876188805039943,no
155038.0,41.0,management,married,tertiary,yes,no,call,18.0,may,Morning,2.0,2.0,0.0,,no,1387.0,85.22321004090412,4.940922398496166,no
121004.0,33.0,blue-collar,married,primary,yes,no,,21.0,may,Night,3.0,3.0,0.0,,no,240.0,93.4697874320162,3.2774078717624695,no
150611.0,44.0,blue-collar,married,primary,yes,no,SMS,5.0,may,Morning,2.0,2.0,1.0,failure,no,0.0,103.48731862320639,5.755489793585922,no
131657.0,46.0,housemaid,married,primary,yes,no,email,21.0,jul,Night,1.0,1.0,0.0,,no,19.0,109.26778107845236,3.5215202147176496,no
131622.0,25.0,unemployed,single,tertiary,no,no,call,21.0,jul,eve,3.0,3.0,0.0,,no,2783.0,87.706188012028,5.395927695996065,no
146980.0,27.0,self-employed,single,tertiary,no,no,call,16.0,feb,eve,1.0,1.0,0.0,,no,516.0,103.13181096352963,4.052457766996612,no
118739.0,48.0,housemaid,married,tertiary,yes,no,,14.0,may,eve,1.0,1.0,0.0,,no,468.0,105.54835441702912,4.395228497578002,no
158563.0,64.0,housemaid,married,primary,no,no,call,14.0,jan,Evening,1.0,1.0,0.0,,no,768.0,108.33345952571469,4.763169711630584,yes
134320.0,49.0,technician,married,secondary,no,No,call,31.0,jul,eve,2.0,2.0,0.0,,no,3144.0,102.44659393999282,4.38502376840775,no
126290.0,47.0,housemaid,divorced,primary,no,no,,12.0,jun,morning,1.0,1.0,0.0,,no,1405.0,93.97473490315816,4.596000478376038,no
156731.0,42.0,admin.,married,secondary,yes,no,call,11.0,aug,eve,3.0,3.0,1.0,failure,no,437.0,118.51137633050357,5.432216866777906,no
121113.0,37.0,technician,single,secondary,yes,no,,23.0,may,Night ,3.0,3.0,0.0,,no,363.0,110.8449227077785,3.7824393950996567,no
131199.0,46.0,housemaid,married,primary,no,yes,call,18.0,jul,morning,2.0,2.0,0.0,,no,238.0,113.4374424520831,7.321718184312253,no
152545.0,40.0,blue-collar,married,primary,yes,no,call,12.0,may,morning,1.0,1.0,0.0,,no,-48.0,115.91005715836167,4.202426943944066,no
149212.0,37.0,services,married,secondary,yes,,call,20.0,apr,Night,1.0,1.0,3.0,failure,no,184.0,106.41696983489773,5.326708968523308,no
125626.0,36.0,blue-collar,married,,no,no,,9.0,jun,Morning,1.0,1.0,0.0,,no,3783.0,116.60038343325861,4.412247488301904,no
116803.0,32.0,admin.,single,secondary,yes,No,,7.0,may,Night,2.0,2.0,0.0,,no,64.0,101.37401392777257,4.9767209019648995,no
159208.0,64.0,retired,married,primary,no,no,call,16.0,mar,Afternoon,3.0,3.0,2.0,failure,no,2140.0,100.83656194750526,3.61048456047026,yes
155188.0,30.0,blue-collar,divorced,primary,yes,no,call,18.0,may,Night ,2.0,2.0,0.0,,no,-258.0,103.50205593790609,3.2849467789758724,no
131157.0,31.0,services,married,secondary,yes,no,call,17.0,jul,Afternoon,2.0,2.0,0.0,,no,71.0,100.01772262002424,0.5387042614869584,no
138885.0,60.0,retired,married,,no,yes,call,26.0,aug,Afternoon,2.0,2.0,0.0,,no,1396.0,111.67734186299847,4.994432881482467,no
148537.0,40.0,blue-collar,divorced,primary,yes,yes,call,17.0,apr,Night,1.0,1.0,2.0,failure,no,190.0,96.72833392428434,6.042504653902684,no
121582.0,44.0,technician,divorced,secondary,yes,no,,,may,Evening,1.0,1.0,0.0,,no,106.0,86.18985118889012,7.087706168229369,no
122965.0,33.0,services,single,secondary,no,yes,,28.0,may,Night ,3.0,3.0,0.0,,no,91.0,103.35886585498054,8.348024687205806,no
122720.0,56.0,retired,married,,yes,no,,28.0,may,Night,1.0,1.0,0.0,,no,228.0,95.66483171926981,4.685130807004374,no
145271.0,37.0,admin.,married,secondary,no,no,email,,feb,Afternoon,2.0,2.0,0.0,,no,2254.0,112.28070833336578,4.354079672808663,no
156924.0,49.0,management,married,tertiary,no,no,SMS,13.0,aug,Night,2.0,2.0,4.0,success,no,1.0,117.48808792892302,4.142792299096241,yes
133918.0,60.0,retired,divorced,secondary,no,no,call,30.0,jul,Evening,5.0,5.0,0.0,,no,1091.0,89.79947436111607,5.202505028007321,yes
137491.0,33.0,management,married,tertiary,no,no,call,19.0,aug,Afternoon,4.0,4.0,0.0,,no,801.0,76.8743351506177,4.916579928597539,no
133776.0,55.0,services,married,,yes,no,SMS,30.0,jul,Morning,2.0,2.0,0.0,,no,715.0,80.33202510584192,4.31661950124833,no
127544.0,36.0,student,married,tertiary,no,no,,20.0,jun,Morning,3.0,3.0,0.0,,no,408.0,99.75085904942632,7.7947439646047805,no
142125.0,38.0,management,single,tertiary,no,yes,call,20.0,nov,eve,1.0,1.0,0.0,,no,8953.0,86.3917281210053,3.1355081814102,no
121527.0,39.0,management,married,tertiary,yes,yes,,23.0,may,Night ,2.0,2.0,0.0,,no,540.0,83.62724933508588,2.5453678657679686,no
129900.0,53.0,entrepreneur,married,secondary,yes,no,email,10.0,jul,Night,27.0,27.0,0.0,,no,0.0,94.66052610963085,3.8237060429934964,no
122157.0,32.0,admin.,single,secondary,yes,no,,27.0,may,Morning,2.0,2.0,0.0,,no,13.0,117.22869279082678,4.486698785100771,no
152934.0,28.0,blue-collar,single,primary,yes,no,call,13.0,may,morning,2.0,2.0,2.0,failure,no,431.0,94.84535769698483,2.539413263627531,no
135475.0,42.0,self-employed,married,tertiary,yes,yes,call,7.0,aug,Afternoon,2.0,2.0,0.0,,no,-1781.0,91.49434192622039,5.001016024549097,no
150951.0,29.0,blue-collar,married,,yes,no,call,6.0,may,Night ,1.0,1.0,1.0,failure,no,486.0,82.19731572221993,6.956466730732933,no
118761.0,45.0,entrepreneur,married,primary,yes,no,,14.0,may,Evening,1.0,1.0,0.0,,no,2418.0,104.53075888395166,4.576025419307782,no
155445.0,36.0,management,married,tertiary,no,no,call,26.0,may,eve,5.0,5.0,4.0,failure,,753.0,107.56146671507199,6.450470387717978,no
118174.0,40.0,blue-collar,married,primary,yes,no,,12.0,may,morning,3.0,3.0,0.0,,no,570.0,79.42978438919998,6.073965693398994,no
154163.0,35.0,housemaid,married,tertiary,yes,no,call,15.0,may,Morning,5.0,5.0,4.0,failure,no,1265.0,97.20820370404597,6.639060074220685,yes
156521.0,29.0,technician,single,secondary,no,no,call,5.0,aug,Evening,4.0,4.0,0.0,,no,382.0,100.27632774270171,9.12249509329838,yes
146402.0,44.0,technician,married,tertiary,yes,yes,call,5.0,feb,Afternoon,3.0,3.0,2.0,other,no,184.0,112.49238061094707,3.390560151019099,no
139669.0,32.0,technician,married,secondary,no,no,call,28.0,aug,morning,13.0,13.0,0.0,,no,963.0,94.15964151478238,4.99629441047944,no
137423.0,45.0,management,married,tertiary,no,no,call,19.0,aug,Night ,2.0,2.0,0.0,,no,2805.0,101.41541172377177,4.89919962304968,no
137175.0,43.0,management,divorced,tertiary,no,yes,call,18.0,aug,Night ,7.0,7.0,0.0,,no,-173.0,111.31858165588692,1.6916557221434787,no
139597.0,43.0,housemaid,married,primary,no,no,call,28.0,aug,Afternoon,7.0,7.0,0.0,,no,685.0,106.47069845106122,3.8915105410385724,no
159302.0,49.0,management,married,tertiary,no,no,call,5.0,apr,morning,1.0,1.0,3.0,failure,no,3842.0,85.41217082623481,6.610840985957086,no
119976.0,44.0,entrepreneur,married,secondary,yes,no,,19.0,may,morning,1.0,1.0,0.0,,yes,-848.0,94.572823820498,6.728458180421904,no
135525.0,33.0,management,married,tertiary,no,no,call,7.0,aug,morning,4.0,4.0,0.0,,no,3915.0,96.34415099203231,5.269556511075919,no
144959.0,38.0,technician,married,tertiary,yes,no,call,2.0,feb,Evening,1.0,1.0,1.0,failure,no,447.0,88.24242500568914,5.127336477278389,no
140146.0,39.0,blue-collar,married,primary,no,no,call,17.0,nov,eve,1.0,1.0,1.0,failure,no,3324.0,100.10611948842812,5.29451425466578,no
121986.0,48.0,admin.,married,primary,yes,No,,27.0,may,Morning,4.0,4.0,0.0,,no,3.0,94.8655110581505,6.925651116561114,no
124735.0,32.0,technician,divorced,secondary,yes,no,,4.0,jun,Evening,1.0,1.0,0.0,,no,273.0,96.61617892579424,5.769578728465118,no
143923.0,41.0,technician,married,secondary,no,no,call,28.0,jan,eve,2.0,2.0,8.0,other,no,0.0,98.19483221289016,6.6872487935721505,no
143437.0,31.0,management,married,tertiary,yes,no,call,21.0,nov,Morning,5.0,5.0,0.0,,no,477.0,116.20832876673089,1.76291833811473,no
132895.0,34.0,technician,single,secondary,no,yes,call,25.0,jul,Evening,5.0,5.0,0.0,,no,318.0,106.35526912916579,5.3991717829291135,no
127379.0,49.0,entrepreneur,married,primary,no,no,,19.0,jun,Afternoon,1.0,1.0,0.0,,no,563.0,103.82963925479164,5.58743572914527,no
147706.0,60.0,unemployed,married,secondary,no,no,call,8.0,apr,morning,1.0,1.0,0.0,,no,2000.0,105.54654446857478,5.375704691253863,no
146908.0,61.0,retired,married,tertiary,no,no,call,10.0,feb,Night,1.0,1.0,0.0,,no,1257.0,115.0259401187958,2.8992885563391404,yes
138470.0,31.0,technician,married,secondary,no,no,call,22.0,aug,eve,5.0,5.0,0.0,,no,298.0,86.72271844860913,4.892017831803765,no
129405.0,35.0,management,single,,no,no,call,9.0,jul,morning,10.0,10.0,0.0,,no,2361.0,121.36656863053902,2.9487750492109743,no
144528.0,32.0,technician,married,secondary,no,no,call,29.0,jan,Afternoon,3.0,3.0,0.0,,no,0.0,97.8092091445051,3.781871489085184,no
126778.0,58.0,retired,divorced,secondary,no,no,,17.0,jun,Afternoon,5.0,5.0,0.0,,no,0.0,101.47557394026059,6.516821861761867,no
157704.0,58.0,technician,married,primary,no,no,call,15.0,oct,Afternoon,5.0,5.0,5.0,failure,no,4198.0,109.78020439138433,3.6725223835389613,yes
131697.0,45.0,blue-collar,divorced,primary,yes,no,call,21.0,jul,Morning,2.0,2.0,0.0,,no,0.0,122.20924378159364,5.363486984379113,no
146910.0,66.0,unemployed,single,primary,no,no,email,10.0,feb,eve,11.0,11.0,0.0,,no,1323.0,98.99951012831046,6.959414746755178,no
125564.0,41.0,self-employed,married,primary,no,no,,6.0,jun,Afternoon,3.0,3.0,0.0,,no,340.0,108.5141242282692,6.055795810396407,no
120764.0,33.0,blue-collar,married,primary,yes,no,,21.0,may,Evening,2.0,2.0,0.0,,no,256.0,113.64474102447373,6.0615954608491425,no
124949.0,41.0,admin.,single,secondary,yes,no,,5.0,jun,Night,1.0,1.0,0.0,,no,2790.0,81.71590043359798,4.261934486296102,no
131150.0,35.0,housemaid,married,tertiary,yes,yes,call,17.0,jul,Night,3.0,3.0,0.0,,no,20.0,109.01580822502811,5.681865506864466,no
144340.0,27.0,technician,married,secondary,yes,No,call,29.0,jan,Evening,1.0,1.0,0.0,,no,2735.0,114.70244596364208,5.729607877991132,no
119677.0,47.0,blue-collar,divorced,secondary,yes,no,,16.0,may,Night,6.0,6.0,0.0,,no,380.0,112.2165998894445,4.582201198443793,no
152007.0,46.0,blue-collar,married,primary,yes,yes,call,11.0,may,Afternoon,2.0,2.0,0.0,,no,-339.0,86.40535110615798,6.167267483625776,no
130091.0,45.0,blue-collar,married,,yes,yes,call,11.0,jul,Evening,2.0,2.0,0.0,,no,458.0,97.11230207981565,5.256700036322132,no
141127.0,46.0,management,married,tertiary,no,no,call,18.0,nov,Night ,2.0,2.0,3.0,other,no,0.0,104.94578902237649,4.749481715614519,yes
146046.0,29.0,technician,married,secondary,no,no,call,4.0,feb,Night ,2.0,2.0,0.0,,no,273.0,94.44007685341873,5.867976881251756,yes
123277.0,50.0,admin.,married,primary,no,no,,29.0,may,eve,2.0,2.0,0.0,,no,429.0,87.26204897670601,4.583028204713841,no
144810.0,48.0,admin.,single,secondary,no,no,call,2.0,feb,Afternoon,1.0,1.0,0.0,,no,2091.0,92.23212837910226,5.9390281345940705,no
131756.0,51.0,management,divorced,tertiary,yes,no,call,21.0,jul,Evening,2.0,2.0,0.0,,no,3926.0,89.78976199065185,5.2979393001105155,no
154379.0,47.0,blue-collar,married,primary,yes,No,call,15.0,may,eve,1.0,1.0,0.0,,,-290.0,103.50249339545371,3.5773406810775197,no
155854.0,30.0,management,married,tertiary,no,No,call,3.0,jun,Morning,1.0,1.0,0.0,,no,2694.0,107.36855897863643,5.061546538459953,no
149346.0,30.0,technician,married,,yes,,call,,apr,Evening,3.0,3.0,,failure,no,239.0,103.97899483613669,4.892533328672369,no
126503.0,41.0,admin.,married,tertiary,no,no,,16.0,jun,eve,1.0,1.0,0.0,,no,1287.0,85.1121592720921,6.537490909377302,no
148084.0,56.0,blue-collar,married,primary,no,no,call,15.0,apr,Evening,2.0,2.0,0.0,,no,3498.0,112.10854952750334,6.019969622213671,yes
117192.0,41.0,management,divorced,tertiary,yes,no,,8.0,may,Night,1.0,1.0,0.0,,no,47.0,97.08913347653198,4.621441406082775,no
141765.0,42.0,services,single,secondary,yes,no,call,19.0,nov,Night ,1.0,1.0,0.0,,no,2628.0,97.75749565659089,3.515968619845577,no
155805.0,49.0,services,married,secondary,yes,no,call,2.0,jun,Night ,1.0,1.0,3.0,failure,no,7019.0,96.14872757794565,5.755287667755462,yes
130503.0,58.0,technician,married,secondary,yes,no,call,15.0,jul,Evening,1.0,1.0,0.0,,no,0.0,97.352544410888,5.0664060932986095,no
152032.0,59.0,services,married,secondary,yes,no,call,11.0,may,Evening,1.0,1.0,0.0,,no,33.0,101.50612851038063,8.010254345016413,no
124469.0,37.0,services,married,secondary,no,no,,3.0,jun,eve,3.0,3.0,0.0,,no,1325.0,94.75506462074563,6.408219826266958,no
153731.0,29.0,technician,married,tertiary,yes,no,call,14.0,may,morning,4.0,4.0,0.0,,no,604.0,85.61696305526748,4.376538242824621,no
117624.0,31.0,admin.,married,secondary,no,no,,9.0,may,Morning,3.0,3.0,0.0,,no,535.0,93.82184401839321,4.881122705617651,no
152461.0,29.0,technician,married,secondary,yes,no,call,12.0,may,Night ,4.0,4.0,0.0,,no,1697.0,99.97914916261121,5.2912253303353785,no
118762.0,48.0,blue-collar,married,secondary,yes,no,,14.0,may,eve,2.0,2.0,0.0,,no,1405.0,96.84652481336464,5.396000232052021,yes
139529.0,53.0,management,married,tertiary,no,no,call,28.0,aug,Night ,9.0,9.0,0.0,,no,37.0,106.37010618033659,4.121132941240985,no
149702.0,75.0,retired,divorced,primary,no,no,call,24.0,apr,Afternoon,4.0,4.0,0.0,,no,18.0,86.75850822619205,5.654956975349944,no
116738.0,37.0,management,married,tertiary,yes,no,,7.0,may,Morning,1.0,1.0,0.0,,no,0.0,93.32472951906014,2.6323723097650573,no
127394.0,24.0,technician,married,secondary,yes,no,,19.0,jun,morning,2.0,2.0,0.0,,no,691.0,94.98890378731923,5.091661822140761,no
131410.0,33.0,management,single,tertiary,yes,yes,call,18.0,jul,morning,2.0,2.0,0.0,,no,2617.0,94.8351976859593,4.60661234190834,no
135912.0,34.0,management,married,tertiary,no,no,call,8.0,aug,Morning,4.0,4.0,0.0,,no,832.0,96.41781497375024,5.032362471242945,no
156859.0,29.0,student,single,secondary,no,no,call,13.0,aug,morning,3.0,3.0,1.0,success,no,314.0,102.40853000665562,6.691259102472069,no
123193.0,58.0,blue-collar,married,primary,yes,no,,29.0,may,Night ,2.0,2.0,0.0,,no,0.0,97.74300291328842,5.043866045854652,no
127267.0,52.0,unemployed,divorced,tertiary,no,no,,19.0,jun,morning,1.0,1.0,0.0,,no,0.0,117.1806166078462,5.940358457839714,no
134986.0,51.0,admin.,married,secondary,no,no,call,5.0,aug,Afternoon,1.0,1.0,0.0,,no,949.0,106.24612305146162,4.540890271192379,yes
125986.0,53.0,retired,divorced,secondary,no,no,,11.0,jun,Night,1.0,1.0,0.0,,no,-24.0,,4.898252709683438,no
159251.0,57.0,housemaid,married,primary,no,no,call,26.0,mar,morning,2.0,2.0,0.0,,no,780.0,92.26291637391313,6.961743417833979,no
135865.0,35.0,technician,married,secondary,no,no,call,8.0,aug,morning,7.0,7.0,0.0,,no,254.0,97.98328679989572,6.008073933361185,no
149015.0,39.0,technician,married,secondary,yes,yes,call,20.0,apr,morning,1.0,1.0,0.0,,no,834.0,86.30507206388958,6.132918586584929,no
127713.0,47.0,technician,married,secondary,yes,no,,20.0,jun,eve,3.0,3.0,0.0,,no,302.0,108.55087834540205,4.461808230944805,no
121394.0,,blue-collar,single,primary,yes,No,,23.0,may,Afternoon,3.0,3.0,0.0,,no,1375.0,106.14307592690926,5.550553832462336,no
143434.0,41.0,admin.,single,secondary,no,yes,call,21.0,nov,Night,6.0,6.0,0.0,,yes,0.0,83.46235284636222,5.128214711841279,no
147958.0,35.0,blue-collar,married,secondary,yes,No,call,14.0,apr,eve,5.0,5.0,0.0,,no,106.0,109.56735753097563,4.525954311174131,no
133037.0,45.0,technician,single,secondary,no,yes,call,28.0,jul,morning,3.0,3.0,0.0,,no,586.0,93.58997670415384,7.477934841510079,no
142675.0,38.0,technician,married,tertiary,no,no,call,20.0,nov,Afternoon,2.0,2.0,3.0,failure,no,-3.0,86.81824656710623,5.631491989786034,no
139194.0,36.0,management,married,tertiary,no,no,SMS,27.0,aug,Afternoon,9.0,9.0,0.0,,no,0.0,105.42073772509612,4.609771477968122,yes
159473.0,59.0,management,married,tertiary,yes,No,call,29.0,apr,eve,1.0,1.0,0.0,,no,1.0,104.94135708952327,4.6234180681589265,yes
127207.0,47.0,technician,divorced,secondary,no,no,,18.0,jun,Night ,3.0,3.0,0.0,,no,165.0,86.9873772063558,6.339010897073737,no
136327.0,30.0,management,divorced,tertiary,no,no,call,12.0,aug,Evening,2.0,2.0,0.0,,no,317.0,85.99330559991824,3.8885121391177884,no
146028.0,33.0,blue-collar,married,secondary,no,no,call,4.0,feb,Night,3.0,3.0,0.0,,no,315.0,109.72959663067317,5.924796737077283,yes
157205.0,29.0,technician,single,secondary,no,no,call,27.0,aug,Morning,2.0,2.0,1.0,other,no,323.0,110.14203244015933,8.822037447570544,no
135535.0,44.0,technician,married,secondary,no,no,call,7.0,aug,Evening,3.0,3.0,0.0,,no,1371.0,108.22991416906576,6.420670269797211,no
134631.0,43.0,management,single,primary,yes,no,call,31.0,jul,Night,23.0,23.0,0.0,,yes,-39.0,104.16636581125755,4.698897595879301,no
127143.0,41.0,entrepreneur,married,secondary,no,no,,18.0,jun,eve,1.0,1.0,0.0,,no,,102.05250360161563,5.865018229791131,yes
152673.0,33.0,technician,married,secondary,yes,yes,call,12.0,may,eve,8.0,8.0,0.0,,no,177.0,91.96739279688387,3.396718735570323,no
159950.0,19.0,student,single,secondary,no,no,call,,jul,Night ,1.0,1.0,3.0,failure,no,526.0,101.84352767310158,6.569083592745829,no
157926.0,57.0,housemaid,married,tertiary,no,,call,28.0,oct,Evening,1.0,1.0,1.0,success,no,2326.0,97.12217992328289,4.131763806886705,yes
134642.0,51.0,services,married,secondary,yes,no,call,31.0,jul,morning,30.0,30.0,0.0,,no,7.0,90.9883148936548,3.357887966866647,no
116155.0,42.0,management,divorced,tertiary,yes,no,,5.0,may,Morning,3.0,3.0,0.0,,no,742.0,105.16764591185597,5.747775254142935,no
131518.0,29.0,blue-collar,,primary,yes,yes,email,21.0,jul,eve,1.0,1.0,0.0,,no,5.0,93.58557850506027,2.661429258946788,no
133188.0,35.0,admin.,single,secondary,yes,no,call,28.0,jul,Evening,10.0,10.0,0.0,,no,289.0,106.62286574762835,5.779353278702509,no
118603.0,40.0,technician,married,primary,yes,no,,13.0,may,eve,3.0,3.0,0.0,,no,819.0,106.18389881922914,5.177299539934202,no
157220.0,34.0,technician,single,tertiary,no,no,call,28.0,aug,eve,1.0,1.0,1.0,failure,,612.0,120.11868742130652,7.503032770777535,no
152925.0,58.0,blue-collar,married,secondary,yes,no,call,13.0,may,Evening,1.0,1.0,0.0,,no,602.0,103.32410125469413,6.383342566094343,no
136588.0,49.0,technician,married,secondary,no,no,call,13.0,aug,Morning,8.0,8.0,0.0,,no,12531.0,122.38178528888926,3.368774271583314,no
126152.0,55.0,management,married,tertiary,no,no,,11.0,jun,Morning,4.0,4.0,0.0,,no,10957.0,98.35204989780455,4.271233892334945,no
123624.0,34.0,technician,divorced,secondary,yes,No,,30.0,may,Afternoon,15.0,15.0,0.0,,no,1451.0,90.78273579748459,3.5435565946037255,yes
117254.0,39.0,admin.,single,secondary,yes,No,,8.0,may,morning,1.0,1.0,0.0,,no,762.0,88.44647621855776,4.845383865956582,no
138313.0,55.0,self-employed,married,secondary,no,no,call,22.0,aug,Evening,4.0,4.0,0.0,,no,100.0,105.1561650176517,6.874023333261892,no
146829.0,27.0,unemployed,single,secondary,no,no,email,9.0,feb,Night ,5.0,5.0,0.0,,no,154.0,92.04143981676725,4.595810786122517,no
117330.0,39.0,unemployed,divorced,secondary,no,no,,8.0,may,eve,1.0,1.0,0.0,,no,6322.0,101.8516050333615,4.4481562632326055,no
137732.0,40.0,housemaid,divorced,secondary,no,no,call,20.0,aug,eve,2.0,2.0,0.0,,no,4328.0,100.96692038564052,3.4290089491525984,no
132584.0,33.0,management,divorced,tertiary,yes,no,call,24.0,jul,Morning,2.0,2.0,0.0,,no,990.0,92.60635697417003,4.491328453278691,yes
157055.0,26.0,management,single,tertiary,no,no,call,19.0,aug,eve,4.0,4.0,0.0,,no,3704.0,91.02705016185078,6.175279733640783,yes
128240.0,32.0,blue-collar,single,secondary,no,No,,26.0,jun,Night,2.0,2.0,0.0,,yes,130.0,124.95489781028454,3.1478656624498083,no
156628.0,18.0,student,single,primary,no,no,email,10.0,aug,Morning,3.0,3.0,0.0,,no,1944.0,105.37244611773282,5.6078251553075615,no
133519.0,59.0,retired,married,primary,yes,no,call,29.0,jul,morning,7.0,7.0,0.0,,no,0.0,88.18762262534962,3.610680702556202,no
127219.0,54.0,technician,single,tertiary,yes,yes,,18.0,jun,morning,20.0,20.0,0.0,,no,1433.0,94.13927478638055,4.336092223952399,no
133854.0,37.0,admin.,divorced,secondary,yes,yes,call,30.0,jul,morning,25.0,25.0,0.0,,no,241.0,104.42771256996434,2.4039595521711568,no
157208.0,28.0,admin.,single,secondary,no,no,call,27.0,aug,Evening,1.0,1.0,0.0,,no,27.0,110.42520421918353,5.86315470122373,no
141794.0,32.0,management,married,tertiary,no,no,email,19.0,nov,Night,1.0,1.0,0.0,,no,6449.0,105.32851602599114,3.3250848399919946,no
149505.0,39.0,student,single,tertiary,yes,no,SMS,20.0,apr,Morning,4.0,4.0,0.0,,no,1107.0,99.0207390527622,4.860660410148016,no
134488.0,42.0,blue-collar,married,primary,yes,no,email,31.0,jul,Morning,4.0,4.0,0.0,,no,0.0,91.34780916387636,4.124994229737832,no
141551.0,41.0,blue-collar,single,secondary,no,no,call,19.0,nov,eve,3.0,3.0,0.0,,yes,81.0,100.3386553669788,4.0042411573467245,no
131814.0,35.0,technician,married,secondary,yes,no,call,22.0,jul,Morning,1.0,1.0,0.0,,no,561.0,105.91853418054149,4.710399256235074,no
136931.0,52.0,blue-collar,,,no,no,call,14.0,aug,Night ,2.0,2.0,0.0,,no,51.0,84.54623514659875,5.528898289456295,no
120695.0,38.0,admin.,married,secondary,yes,no,,21.0,may,Morning,2.0,2.0,0.0,,no,1073.0,113.68402302432025,5.610891831038925,no
131772.0,33.0,technician,married,secondary,yes,no,call,21.0,jul,Evening,5.0,5.0,0.0,,,-160.0,100.43485549278543,5.308756767532916,no
155930.0,44.0,technician,married,tertiary,no,no,call,3.0,jun,morning,2.0,2.0,0.0,,no,717.0,101.75933233476215,1.727033133210048,no
124697.0,25.0,blue-collar,single,secondary,no,no,,4.0,jun,Night ,2.0,2.0,0.0,,no,2.0,113.83676163421649,3.146589231834028,no
130790.0,47.0,blue-collar,divorced,secondary,no,yes,call,16.0,jul,morning,6.0,6.0,0.0,,no,25.0,105.79199098282909,3.521477827267889,no
143697.0,27.0,technician,single,tertiary,no,no,call,28.0,jan,Night ,1.0,1.0,0.0,,no,28.0,85.64448453592726,4.946607169420846,no
156929.0,67.0,retired,married,primary,no,no,SMS,14.0,aug,morning,2.0,2.0,17.0,other,no,10776.0,101.028937093871,2.109470733425882,no
160015.0,27.0,technician,single,secondary,no,no,,9.0,jul,Night ,1.0,1.0,0.0,,no,337.0,97.99070616317616,6.7110668688052755,yes
131334.0,30.0,management,married,tertiary,no,no,call,18.0,jul,Morning,2.0,2.0,0.0,,no,1195.0,99.33683983729803,5.916925301534542,no
134901.0,42.0,technician,married,secondary,no,no,call,5.0,aug,Morning,1.0,1.0,0.0,,no,534.0,105.7839459890038,5.279630802101309,no
120406.0,31.0,admin.,single,secondary,yes,no,,20.0,may,eve,1.0,1.0,0.0,,no,2144.0,92.57643918965472,5.090680048940199,no
131857.0,27.0,services,divorced,secondary,yes,no,call,22.0,jul,eve,1.0,1.0,0.0,,no,10.0,116.38573193208202,6.430321287059975,no
149201.0,44.0,blue-collar,married,secondary,yes,no,call,20.0,apr,Afternoon,1.0,1.0,1.0,failure,no,508.0,102.35608526932518,4.1930049338475275,no
156645.0,59.0,retired,married,tertiary,no,no,call,10.0,aug,Evening,2.0,2.0,1.0,success,no,1425.0,99.77606222626342,6.018297553574208,no
160006.0,38.0,admin.,married,secondary,yes,no,call,9.0,jul,eve,4.0,4.0,7.0,success,no,1767.0,85.85091842266374,4.816333576235991,yes
153587.0,29.0,admin.,married,secondary,yes,yes,call,14.0,may,Morning,1.0,1.0,2.0,failure,no,6429.0,96.51939734698814,5.28866739477966,no
160567.0,35.0,admin.,married,secondary,no,no,call,3.0,sep,Morning,2.0,2.0,0.0,,no,1204.0,102.62238723070898,5.487171140746962,no
125253.0,51.0,self-employed,married,primary,no,no,,6.0,jun,morning,3.0,3.0,0.0,,no,10.0,94.54306339591254,5.21616460634046,no
156979.0,32.0,blue-collar,single,secondary,yes,no,call,14.0,aug,Afternoon,3.0,3.0,0.0,,no,551.0,102.17816345376397,4.6946554867692605,no
117548.0,37.0,management,married,tertiary,yes,no,,9.0,may,Night,1.0,1.0,0.0,,no,0.0,89.97951427027844,6.969579499019559,no
124818.0,29.0,student,single,secondary,yes,No,,4.0,jun,morning,2.0,2.0,0.0,,no,200.0,94.15740378782863,4.01638544060394,no
142930.0,59.0,retired,married,secondary,no,no,call,21.0,nov,Night,2.0,2.0,0.0,,no,2011.0,87.40846390946605,7.636433294475586,no
144404.0,44.0,entrepreneur,divorced,secondary,yes,yes,call,29.0,jan,Morning,3.0,3.0,0.0,,no,-600.0,108.96916052593593,6.752037116830783,no
139778.0,50.0,management,divorced,tertiary,no,no,call,29.0,aug,Afternoon,2.0,2.0,0.0,,no,0.0,101.7425106848954,7.1180408020657,no
148204.0,44.0,management,married,primary,no,no,call,16.0,apr,morning,3.0,3.0,0.0,,no,294.0,88.29022702437412,3.935928184888589,yes
156384.0,,retired,married,tertiary,no,no,call,7.0,jul,Evening,1.0,1.0,1.0,failure,no,473.0,98.2688387508854,5.096546134524225,no
140441.0,48.0,management,divorced,tertiary,yes,no,call,17.0,nov,morning,1.0,1.0,0.0,,no,1144.0,110.25782568563318,5.287456776547647,no
135637.0,34.0,unemployed,married,tertiary,no,no,call,8.0,aug,morning,6.0,6.0,0.0,,no,0.0,106.1335623333486,4.3931388318093045,no
119299.0,54.0,self-employed,divorced,secondary,yes,no,,15.0,may,Night,2.0,2.0,0.0,,no,1374.0,104.4876213022994,7.663644235017112,no
157101.0,21.0,student,single,secondary,no,no,call,21.0,aug,Afternoon,2.0,2.0,0.0,,no,1746.0,111.56333031530863,5.6404194633737195,no
124569.0,37.0,blue-collar,single,secondary,yes,no,,3.0,jun,Evening,6.0,6.0,0.0,,no,277.0,92.51201290368299,3.4056453823990855,no
137831.0,46.0,services,married,secondary,no,no,call,20.0,aug,morning,2.0,2.0,0.0,,no,417.0,90.5027961021052,5.7767925220327925,no
159995.0,29.0,management,single,tertiary,no,no,call,8.0,jul,Evening,1.0,1.0,5.0,failure,no,502.0,94.89635591995028,7.306163560249065,yes
122671.0,27.0,student,single,secondary,yes,no,,28.0,may,Night ,1.0,1.0,0.0,,no,16173.0,102.53015354241707,8.181846243682266,no
158900.0,49.0,technician,divorced,secondary,yes,no,call,11.0,feb,morning,3.0,3.0,0.0,,no,0.0,112.27423533117198,5.820957037180856,no
134610.0,37.0,blue-collar,married,secondary,yes,No,call,31.0,jul,morning,6.0,6.0,0.0,,no,298.0,84.20542200901194,7.364330326233128,no
158807.0,29.0,housemaid,single,tertiary,no,no,call,5.0,,Evening,2.0,2.0,2.0,success,,19.0,90.83771572055022,5.438154776527888,yes
124899.0,50.0,technician,married,primary,yes,no,,5.0,jun,Evening,1.0,1.0,0.0,,no,883.0,111.20081429251825,7.950340614837782,no
149244.0,35.0,management,married,tertiary,yes,no,call,20.0,apr,Evening,1.0,1.0,3.0,failure,no,2123.0,115.75642186741321,5.36915956832318,no
128053.0,41.0,management,married,tertiary,yes,no,,20.0,jun,Afternoon,3.0,3.0,0.0,,no,2031.0,113.05448075575192,4.1098035752589634,no
150374.0,53.0,self-employed,divorced,tertiary,yes,no,call,5.0,may,Evening,3.0,3.0,0.0,,no,513.0,118.37854306503534,3.675734943609011,no
134235.0,32.0,entrepreneur,single,primary,no,yes,call,31.0,jul,Afternoon,6.0,6.0,0.0,,no,1770.0,89.2979238374267,6.325954986633393,no
117023.0,48.0,admin.,married,secondary,yes,no,,7.0,may,morning,2.0,2.0,0.0,,no,5.0,96.90213365393072,6.649093322363573,no
148340.0,35.0,admin.,married,secondary,yes,yes,call,16.0,apr,Morning,1.0,1.0,0.0,,no,160.0,121.21332313534626,4.597859375945612,no
125477.0,57.0,housemaid,married,primary,no,no,,6.0,jun,Evening,3.0,3.0,0.0,,no,7082.0,93.48374597115728,6.084396351373886,no
116281.0,58.0,blue-collar,divorced,,yes,no,,6.0,may,eve,1.0,1.0,0.0,,no,29.0,102.10567676191027,4.883695258441873,no
143441.0,37.0,technician,single,secondary,yes,No,call,21.0,nov,eve,4.0,4.0,3.0,failure,no,,111.73280515129487,,no
142592.0,49.0,technician,married,tertiary,yes,no,call,20.0,nov,Night ,3.0,3.0,0.0,,no,8422.0,99.8959066289329,6.023052659037335,no
158265.0,52.0,blue-collar,married,secondary,yes,no,call,27.0,nov,morning,2.0,2.0,1.0,failure,no,1797.0,99.15639413662784,6.180325374105596,no
136417.0,34.0,management,,tertiary,yes,no,call,12.0,aug,Night,2.0,2.0,0.0,,no,2835.0,98.86459868660715,5.880831765424686,no
135734.0,52.0,housemaid,married,primary,no,no,call,8.0,aug,Night ,9.0,9.0,0.0,,no,135.0,95.46299682287973,3.5371057583452403,no
126729.0,35.0,technician,married,,yes,yes,,17.0,jun,morning,23.0,23.0,0.0,,no,3.0,97.39624194712967,5.803126263401534,no
138261.0,58.0,retired,married,tertiary,no,no,call,22.0,aug,Night,2.0,2.0,0.0,,no,183.0,91.61559768221268,3.397577461904352,no
120257.0,50.0,technician,married,,yes,no,,19.0,may,Evening,2.0,2.0,0.0,,no,413.0,105.82279868291181,3.2324617051769455,no
156751.0,25.0,technician,single,secondary,no,no,call,12.0,aug,Night,1.0,1.0,0.0,,no,886.0,102.58527054444924,7.483810061475852,no
135880.0,53.0,blue-collar,married,primary,no,no,call,8.0,aug,eve,4.0,4.0,0.0,,no,1868.0,105.9567845770165,5.348007193681224,no
146665.0,35.0,unemployed,married,secondary,yes,no,call,6.0,feb,Evening,2.0,2.0,0.0,,no,547.0,94.70162099325073,3.817689346493454,no
124593.0,29.0,admin.,single,tertiary,yes,no,,3.0,jun,Afternoon,1.0,1.0,0.0,,no,4737.0,101.62726122483737,5.404369598982546,no
125832.0,37.0,services,married,secondary,no,yes,,9.0,jun,Morning,3.0,3.0,0.0,,no,718.0,92.070270453788,5.509625093586119,no
133642.0,41.0,unemployed,married,primary,yes,no,call,29.0,jul,eve,1.0,1.0,0.0,,no,183.0,107.54939330451954,4.18022525332067,no
131863.0,32.0,technician,single,tertiary,no,no,call,22.0,jul,Night,4.0,4.0,0.0,,no,259.0,108.92017452600035,3.702803366588357,no
129857.0,41.0,blue-collar,married,primary,yes,yes,SMS,10.0,jul,eve,2.0,2.0,0.0,,no,407.0,84.87136394669128,3.5867330723900497,no
143795.0,48.0,management,single,tertiary,no,yes,call,28.0,jan,Night,1.0,1.0,2.0,failure,no,-295.0,104.59149603260363,7.171227109979183,no
123991.0,31.0,blue-collar,single,secondary,,yes,,2.0,jun,Morning,2.0,2.0,0.0,,no,334.0,103.72398833245491,3.978526456831492,no
137826.0,32.0,technician,single,tertiary,no,no,call,20.0,aug,morning,4.0,4.0,0.0,,no,0.0,105.19975801747545,5.091389544979325,no
134915.0,56.0,blue-collar,married,secondary,no,no,call,5.0,aug,eve,1.0,1.0,0.0,,no,276.0,95.23942682788618,4.932309396585067,no
159373.0,30.0,management,single,tertiary,no,no,call,15.0,apr,Morning,1.0,1.0,0.0,,no,232.0,101.12698676884135,6.692877675756446,yes
145785.0,59.0,self-employed,married,tertiary,no,no,call,4.0,feb,Night,1.0,1.0,0.0,,no,185.0,100.87472414129245,4.457278446199519,no
119425.0,34.0,blue-collar,married,,yes,no,,15.0,may,eve,7.0,7.0,0.0,,no,-17.0,119.75117129008144,5.609745652831764,no
144219.0,47.0,management,married,secondary,no,yes,call,29.0,jan,Afternoon,1.0,1.0,0.0,,no,1144.0,93.29066135423217,4.815971161490229,no
152392.0,59.0,services,married,secondary,yes,no,call,12.0,may,eve,3.0,3.0,0.0,,no,0.0,106.55373829112364,3.2097210888653045,no
148032.0,34.0,services,single,secondary,yes,yes,call,15.0,apr,morning,1.0,1.0,2.0,other,no,194.0,96.32844120306294,2.3863690138718683,no
137414.0,47.0,technician,married,secondary,no,no,call,19.0,aug,morning,2.0,2.0,0.0,,no,0.0,82.79377412357168,5.863403185797069,no
159090.0,38.0,admin.,married,secondary,no,no,call,,mar,Afternoon,2.0,2.0,1.0,failure,no,1559.0,96.71805317824494,5.026868282586712,yes
126713.0,36.0,self-employed,single,secondary,no,no,,17.0,jun,Night ,1.0,1.0,0.0,,no,652.0,102.18658993623885,5.511914926016134,no
121306.0,38.0,technician,single,secondary,yes,no,,23.0,may,Afternoon,1.0,1.0,0.0,,no,-591.0,103.26505016043102,5.181403267696821,no
156258.0,61.0,management,married,tertiary,no,no,call,22.0,jun,Night,1.0,1.0,1.0,success,no,997.0,96.18774153085049,6.10726442146958,yes
127005.0,54.0,housemaid,married,primary,no,no,,18.0,jun,morning,7.0,7.0,0.0,,no,3151.0,107.13032743796302,8.209719310586479,no
125688.0,39.0,unemployed,married,primary,no,no,,9.0,jun,Night,1.0,1.0,0.0,,no,7372.0,120.12936903465577,1.9932093800917015,no
122392.0,36.0,management,single,tertiary,yes,no,,27.0,may,Night ,2.0,2.0,0.0,,no,0.0,82.45878863615346,5.56068422740678,no
133548.0,39.0,services,married,secondary,no,no,call,29.0,jul,Night ,3.0,3.0,0.0,,no,64.0,105.84414684695636,2.8888191338099194,no
118838.0,44.0,self-employed,divorced,secondary,yes,yes,,14.0,may,Afternoon,2.0,2.0,0.0,,no,80.0,88.0434993678935,4.642530902036574,no
148880.0,54.0,management,married,primary,yes,no,call,17.0,apr,Evening,2.0,2.0,0.0,,no,630.0,118.61945251552379,6.480621569362681,no
126969.0,57.0,entrepreneur,divorced,tertiary,no,no,,17.0,jun,morning,3.0,3.0,0.0,,no,873.0,99.18471548076457,3.618523700139222,no
130653.0,36.0,management,married,tertiary,yes,no,email,16.0,jul,Morning,5.0,5.0,0.0,,no,446.0,91.5866332025858,6.535370064885033,no
141027.0,46.0,blue-collar,single,primary,yes,yes,call,18.0,nov,Evening,1.0,1.0,1.0,other,no,3046.0,83.41287591405514,6.281398530991776,no
138871.0,42.0,,,,no,no,call,26.0,aug,Evening,16.0,16.0,0.0,,no,222.0,110.01032030425705,2.7583392814744903,no
133457.0,49.0,self-employed,married,secondary,no,no,call,29.0,jul,morning,4.0,4.0,0.0,,no,357.0,105.83355913922301,4.426251772479283,no
150724.0,34.0,technician,divorced,secondary,yes,no,call,6.0,may,Night,2.0,2.0,0.0,,no,8.0,92.47011550066084,5.223133969110245,no
140454.0,46.0,blue-collar,married,primary,yes,no,call,17.0,nov,Afternoon,1.0,1.0,0.0,,no,2749.0,90.5708519571489,3.8132343084258595,no
135272.0,32.0,technician,single,tertiary,no,no,call,6.0,aug,Morning,4.0,4.0,0.0,,no,1068.0,101.49106815813114,5.32693973368064,no
119560.0,40.0,blue-collar,,secondary,yes,no,,16.0,may,Afternoon,1.0,1.0,0.0,,no,1101.0,107.67600425030221,4.860403228060604,no
155702.0,30.0,management,single,tertiary,no,no,call,1.0,jun,eve,1.0,1.0,0.0,,no,147.0,94.33401596212542,3.6291889949939713,no
153770.0,52.0,blue-collar,married,secondary,yes,no,call,14.0,may,Night,1.0,1.0,0.0,,no,633.0,100.04181642342174,3.7598963862881556,no
145284.0,37.0,management,married,tertiary,yes,no,call,2.0,feb,Night,4.0,4.0,0.0,,no,751.0,101.3013890297373,7.2085728328422105,no
155311.0,32.0,services,single,secondary,no,no,call,22.0,may,Night ,2.0,2.0,0.0,,no,3993.0,97.30288982631295,3.9777084724449168,yes
126627.0,48.0,blue-collar,single,primary,,no,,16.0,jun,Night,3.0,3.0,0.0,,no,1080.0,103.40032999230863,7.820926736467758,no
139518.0,38.0,management,married,tertiary,no,no,call,28.0,aug,Afternoon,8.0,8.0,0.0,,no,173.0,93.81558065962489,5.584910832099405,no
153585.0,39.0,management,single,tertiary,yes,no,call,14.0,may,Morning,8.0,8.0,0.0,,no,3202.0,84.08992537265775,5.275169476594605,no
126508.0,47.0,technician,married,tertiary,yes,yes,,16.0,jun,morning,25.0,25.0,0.0,,yes,-813.0,95.57105532281508,6.304672980686702,no
145729.0,32.0,management,single,tertiary,no,no,call,4.0,feb,eve,2.0,2.0,0.0,,no,1431.0,87.24672606941097,2.944730217975121,no
120220.0,34.0,blue-collar,divorced,secondary,yes,no,,19.0,may,Afternoon,13.0,13.0,0.0,,no,164.0,104.75460049749437,1.3511615080631314,no
138337.0,32.0,management,single,tertiary,no,no,call,22.0,aug,Night ,2.0,2.0,0.0,,no,0.0,85.61566791219775,3.8421220904557982,no
116752.0,33.0,retired,married,secondary,no,no,,7.0,may,Evening,1.0,1.0,0.0,,no,165.0,111.51404551905259,4.868244860904168,no
159118.0,39.0,services,married,secondary,no,no,,5.0,mar,morning,1.0,1.0,1.0,failure,no,53.0,102.56198694101163,5.523273043243741,yes
141705.0,37.0,management,married,tertiary,yes,no,call,19.0,nov,morning,1.0,1.0,0.0,,no,,120.61428351008871,5.646669008653445,no
116070.0,54.0,services,married,secondary,yes,no,,5.0,may,morning,2.0,2.0,0.0,,no,214.0,99.96406080412261,3.8489790915102056,no
130268.0,52.0,self-employed,married,secondary,no,yes,call,14.0,jul,Night ,3.0,3.0,0.0,,no,248.0,92.71496043550096,5.429125209359206,no
151067.0,24.0,services,single,secondary,yes,no,call,7.0,may,Night ,1.0,1.0,0.0,,no,14.0,92.76488917126215,3.5485916937732336,no
133014.0,33.0,technician,married,secondary,yes,No,call,25.0,jul,Evening,4.0,4.0,0.0,,no,-74.0,94.91167370249067,4.813948009390475,no
140595.0,,blue-collar,divorced,secondary,no,yes,call,17.0,nov,Morning,4.0,4.0,4.0,failure,no,644.0,92.63427721291278,4.051990026137415,no
140872.0,43.0,management,married,secondary,yes,no,call,18.0,nov,morning,1.0,1.0,0.0,,no,2115.0,102.49962953693651,5.16118213469954,no
124854.0,52.0,admin.,married,secondary,no,no,,5.0,jun,morning,1.0,1.0,0.0,,no,531.0,101.4752856388027,5.419307400808929,no
139344.0,59.0,management,married,tertiary,no,no,email,28.0,aug,Evening,5.0,5.0,0.0,,no,1585.0,101.2478784391571,4.602665287506637,no
118445.0,35.0,admin.,married,secondary,yes,No,,13.0,may,Night ,6.0,6.0,0.0,,no,56.0,98.56862019972111,6.312880320280801,no
117108.0,30.0,admin.,single,secondary,yes,no,,8.0,may,eve,1.0,1.0,0.0,,no,387.0,76.85700687437405,2.78815930113015,no
134794.0,38.0,management,married,tertiary,yes,yes,call,4.0,aug,morning,1.0,1.0,0.0,,no,691.0,104.04663388181655,3.6715605712525052,no
159818.0,27.0,management,single,tertiary,no,no,call,15.0,jun,eve,1.0,1.0,3.0,success,no,1720.0,93.21800638232786,4.478431590678071,yes
138820.0,61.0,management,married,tertiary,no,no,call,26.0,aug,Night ,17.0,17.0,0.0,,no,7935.0,112.4695392362374,3.873314540394117,no
155969.0,30.0,management,married,tertiary,yes,no,call,4.0,jun,eve,1.0,1.0,0.0,,no,419.0,87.77041102858706,5.741568012780071,yes
150468.0,33.0,management,single,tertiary,yes,no,call,5.0,may,Evening,2.0,2.0,2.0,failure,no,12686.0,93.09583999305453,4.1533925573073,no
158639.0,71.0,,married,tertiary,no,no,call,27.0,jan,Morning,1.0,1.0,2.0,failure,no,353.0,104.32854418338674,5.073200055136817,no
135710.0,37.0,technician,married,secondary,no,no,call,8.0,aug,eve,6.0,6.0,0.0,,no,630.0,101.87389745098451,5.697920848058885,no
130259.0,42.0,services,married,secondary,no,no,call,14.0,jul,Night ,3.0,3.0,0.0,,no,-369.0,93.18177385001154,4.2276014583889125,no
121333.0,35.0,admin.,divorced,secondary,no,no,,23.0,may,Morning,1.0,1.0,0.0,,no,30.0,99.31594944946163,6.900381430395215,no
136786.0,35.0,technician,single,tertiary,yes,no,call,13.0,aug,morning,1.0,1.0,0.0,,no,354.0,97.37521284432295,5.5869669422481865,no
160407.0,65.0,entrepreneur,married,tertiary,no,no,email,,aug,Night ,1.0,1.0,2.0,success,no,2331.0,93.86821178285474,4.948830220136914,yes
123004.0,26.0,technician,single,tertiary,yes,no,,29.0,may,Morning,3.0,3.0,0.0,,no,813.0,104.43512013733854,4.5953340814221235,no
126819.0,43.0,self-employed,married,secondary,no,No,,17.0,jun,Night,1.0,1.0,0.0,,no,104.0,88.95947118505947,6.312067368337396,no
146745.0,33.0,technician,married,tertiary,yes,yes,call,9.0,feb,Morning,8.0,8.0,0.0,,no,79.0,108.16052860743287,7.797425191295688,no
159191.0,71.0,retired,married,tertiary,no,no,email,15.0,mar,Evening,7.0,7.0,0.0,,no,3561.0,105.36654189670828,5.5155532802686125,yes
125606.0,50.0,management,married,tertiary,yes,No,,6.0,jun,Night,7.0,7.0,0.0,,no,0.0,92.54878828935497,3.7595499138232724,no
143999.0,55.0,unemployed,married,secondary,yes,no,call,28.0,jan,Night ,2.0,2.0,0.0,,no,1161.0,108.37150790560435,3.80460778986357,no
141782.0,39.0,entrepreneur,married,tertiary,yes,no,call,19.0,nov,morning,1.0,1.0,0.0,,no,5848.0,90.17984477180319,5.268522256854009,no
120072.0,30.0,management,married,tertiary,yes,no,,19.0,may,Night ,1.0,1.0,0.0,,no,134.0,72.45081713915415,4.471375780242543,no
138520.0,40.0,management,married,secondary,no,no,call,22.0,aug,eve,6.0,6.0,0.0,,no,830.0,102.04976200749503,6.255441571954725,no
132925.0,57.0,management,divorced,secondary,no,yes,email,25.0,jul,eve,1.0,1.0,0.0,,no,23.0,120.75112476970907,6.481877164375189,no
132005.0,50.0,housemaid,divorced,primary,yes,no,call,22.0,jul,eve,2.0,2.0,0.0,,no,34.0,96.94415870932241,4.2513051396405706,no
135399.0,45.0,self-employed,married,secondary,yes,No,call,7.0,aug,Evening,2.0,2.0,0.0,,no,3098.0,105.9954347267533,3.376300203123899,no
149596.0,,management,single,tertiary,no,no,call,21.0,apr,morning,1.0,1.0,0.0,,no,704.0,102.97801390222044,4.73387228495708,yes
156220.0,21.0,management,single,tertiary,no,,call,17.0,,morning,2.0,2.0,0.0,,no,243.0,92.41086094160758,3.211215789602924,no
144285.0,32.0,blue-collar,single,secondary,yes,no,call,29.0,jan,Evening,1.0,1.0,1.0,failure,no,1139.0,89.24433460277966,4.486107363007415,no
146775.0,57.0,unemployed,married,,no,no,call,9.0,feb,Evening,3.0,3.0,0.0,,no,288.0,87.4749278493416,4.036966841746648,no
146615.0,45.0,blue-collar,married,secondary,yes,no,call,6.0,feb,Night,4.0,4.0,1.0,failure,no,776.0,107.82410009708649,5.1723133278275855,no
155641.0,35.0,technician,single,tertiary,no,no,email,28.0,may,eve,2.0,2.0,0.0,,no,2288.0,101.5160095389036,2.5903713030399484,no
157758.0,74.0,retired,divorced,secondary,no,no,call,19.0,oct,Afternoon,3.0,3.0,0.0,,no,4079.0,99.97704364124206,3.731762343034421,yes
159220.0,46.0,management,divorced,tertiary,no,no,call,18.0,mar,Morning,1.0,1.0,1.0,other,no,624.0,,1.7798040011554495,yes
149345.0,35.0,technician,married,tertiary,no,,call,20.0,apr,Night ,1.0,1.0,0.0,,no,703.0,116.88841526202678,4.285791675815357,no
134896.0,57.0,retired,married,secondary,no,no,call,5.0,aug,Afternoon,2.0,2.0,0.0,,no,466.0,113.98350908081368,5.332471524768502,yes
129387.0,34.0,technician,married,secondary,no,yes,call,9.0,jul,Afternoon,1.0,1.0,0.0,,no,0.0,92.52295904771658,7.671114174435788,no
151003.0,,technician,married,secondary,yes,no,call,6.0,may,Evening,8.0,8.0,0.0,,no,2468.0,78.47979267716423,4.610644767319225,no
117658.0,47.0,blue-collar,divorced,secondary,yes,no,,9.0,may,morning,1.0,1.0,0.0,,no,65.0,80.7668219620739,5.778819324659835,no
132894.0,36.0,management,married,tertiary,no,no,call,25.0,jul,Night,2.0,2.0,0.0,,no,612.0,104.60951640664847,4.436841231570675,no
140754.0,31.0,blue-collar,married,secondary,yes,no,call,18.0,nov,morning,1.0,1.0,0.0,,no,225.0,92.0969028962664,5.758924724819902,no
143054.0,39.0,technician,married,secondary,yes,yes,call,21.0,nov,Night,1.0,1.0,0.0,,no,0.0,112.40922030250289,4.813252402087765,no
143265.0,56.0,management,married,secondary,no,no,call,21.0,nov,eve,2.0,2.0,0.0,,no,2811.0,85.1302567475388,4.873834057286999,no
143879.0,60.0,management,married,primary,no,no,call,28.0,jan,Evening,2.0,2.0,0.0,,no,130.0,98.98097503817111,4.102160503026949,no
,30.0,blue-collar,single,secondary,yes,no,,14.0,may,Afternoon,1.0,,0.0,,no,609.0,115.27180613662439,,no
154926.0,33.0,management,single,tertiary,yes,no,call,18.0,may,Night ,1.0,1.0,1.0,other,no,2294.0,90.96575483212531,5.554242141604044,no
140081.0,44.0,management,married,tertiary,yes,yes,call,17.0,,eve,1.0,1.0,1.0,failure,no,6203.0,118.64567205516984,6.201359951988815,no
142733.0,47.0,management,married,tertiary,yes,no,call,20.0,nov,Evening,3.0,3.0,0.0,,no,7741.0,108.61164987292503,5.866723497755772,no
152867.0,36.0,admin.,,secondary,yes,no,SMS,13.0,may,Morning,5.0,5.0,4.0,other,no,1089.0,90.73241760986586,5.9526746221565485,no
158146.0,27.0,student,single,tertiary,no,no,call,12.0,nov,Morning,2.0,2.0,2.0,failure,no,5291.0,117.49567747490386,2.643904046832069,yes
128186.0,51.0,services,married,secondary,no,yes,,25.0,,eve,1.0,1.0,0.0,,no,-1136.0,103.2096695189551,2.8702152414614686,no
142773.0,32.0,technician,single,tertiary,yes,no,email,20.0,nov,Morning,4.0,4.0,0.0,,,502.0,105.3478695000959,6.7038191908820615,no
137593.0,33.0,technician,married,secondary,no,yes,call,19.0,aug,Evening,18.0,18.0,0.0,,yes,18.0,103.56625892415268,8.320757824793679,no
134872.0,35.0,technician,single,tertiary,yes,no,call,4.0,aug,morning,3.0,3.0,0.0,,no,354.0,90.77488268870331,1.682971279346979,no
147784.0,34.0,unemployed,married,secondary,yes,yes,call,9.0,apr,Afternoon,1.0,1.0,1.0,failure,no,438.0,99.25012186736045,6.207143566865181,no
155113.0,37.0,admin.,single,secondary,no,no,call,18.0,may,Night,5.0,5.0,2.0,failure,no,16.0,95.60315149525287,4.56663347276247,no
126351.0,39.0,services,married,secondary,no,no,,16.0,jun,Night ,4.0,4.0,0.0,,no,733.0,102.29201044737022,8.752740584054795,no
141170.0,42.0,management,single,tertiary,yes,yes,call,18.0,nov,Afternoon,2.0,2.0,12.0,failure,no,1113.0,106.19651242341762,5.967326745367846,no
158330.0,29.0,student,single,secondary,,no,call,7.0,dec,morning,2.0,2.0,4.0,failure,no,314.0,107.3747632282756,3.6040771632889026,yes
155420.0,40.0,blue-collar,married,primary,yes,yes,call,26.0,may,Night,2.0,2.0,5.0,failure,no,-310.0,105.10679087528034,4.026020024792965,no
154362.0,46.0,management,married,tertiary,yes,yes,call,15.0,may,eve,4.0,4.0,0.0,,no,2851.0,115.23958999184173,6.660292146044384,no
157046.0,49.0,management,married,tertiary,no,no,call,19.0,aug,Evening,4.0,4.0,0.0,,no,629.0,99.09738253009583,4.513845510658317,no
139852.0,41.0,technician,,secondary,no,No,call,29.0,aug,Afternoon,6.0,6.0,0.0,,no,593.0,88.59671207146252,4.336699372840066,no
117200.0,44.0,blue-collar,married,secondary,yes,,,8.0,may,Night ,1.0,1.0,0.0,,no,-95.0,92.90694079521577,8.644473125083593,no
153813.0,42.0,services,single,secondary,yes,no,call,14.0,may,Morning,7.0,7.0,1.0,other,no,0.0,91.99911346535777,4.640606584436694,no
141927.0,39.0,management,single,tertiary,no,no,call,19.0,nov,Night ,2.0,2.0,3.0,failure,,633.0,89.42430165163383,5.167163169823138,no
152427.0,46.0,admin.,married,secondary,yes,no,call,12.0,may,Morning,1.0,1.0,0.0,,no,1437.0,109.52193853228387,4.8683069464574835,no
136552.0,32.0,technician,single,tertiary,no,no,call,12.0,aug,Night ,4.0,4.0,0.0,,no,1732.0,108.56388507026236,6.8222228972575305,no
155853.0,55.0,entrepreneur,married,secondary,no,no,email,3.0,jun,Night ,1.0,1.0,0.0,,no,27624.0,78.8081018706218,6.095063084286258,yes
142195.0,34.0,admin.,single,secondary,yes,yes,call,20.0,nov,Night ,2.0,2.0,0.0,,no,3626.0,110.08860293642923,5.412647335789454,no
138428.0,40.0,management,married,tertiary,no,no,call,22.0,aug,morning,4.0,4.0,0.0,,no,0.0,103.41669930693287,3.9283002594374854,no
160156.0,42.0,technician,single,secondary,no,no,email,22.0,jul,Evening,2.0,2.0,3.0,failure,no,631.0,99.36338533472001,3.470408647335543,no
117720.0,27.0,blue-collar,single,secondary,yes,no,,9.0,may,eve,1.0,1.0,0.0,,no,45.0,109.99909642216866,4.898124143376069,no
152138.0,39.0,self-employed,married,secondary,no,no,call,11.0,may,Evening,2.0,2.0,0.0,,no,266.0,95.7591903089159,2.3002201565776996,no
120939.0,34.0,management,single,tertiary,yes,No,,21.0,may,Morning,2.0,2.0,0.0,,no,1717.0,97.24931101467992,4.278291665478343,no
137468.0,45.0,admin.,married,secondary,no,no,call,19.0,aug,Night,10.0,10.0,0.0,,no,0.0,98.66224448444584,6.778793535744187,no
155385.0,34.0,management,single,tertiary,no,no,call,25.0,may,eve,4.0,4.0,0.0,,no,5086.0,106.6216769669534,5.675316927932527,yes
117989.0,27.0,management,single,tertiary,yes,no,,12.0,may,morning,1.0,1.0,0.0,,no,541.0,102.93474394981448,4.786392852583618,no
116841.0,35.0,technician,single,secondary,yes,no,,7.0,may,Morning,1.0,1.0,0.0,,no,1855.0,96.61092212726915,6.8579612169377775,no
123014.0,29.0,blue-collar,married,,yes,No,,29.0,may,eve,2.0,2.0,0.0,,no,559.0,96.4067521398686,5.186254172478504,no
136316.0,54.0,management,married,tertiary,no,no,call,12.0,aug,Night,2.0,2.0,0.0,,no,3020.0,86.31900332549726,4.478520375123043,no
124133.0,35.0,services,single,secondary,yes,no,,2.0,jun,Morning,1.0,1.0,0.0,,no,257.0,96.61108356467085,5.149201066027092,no
129587.0,36.0,admin.,divorced,primary,no,no,call,9.0,jul,Evening,1.0,1.0,0.0,,no,227.0,96.85540248114694,4.613045014155247,no
128016.0,53.0,management,married,tertiary,no,no,,20.0,jun,morning,6.0,6.0,0.0,,no,4.0,80.03860969178551,5.693323370219194,no
145169.0,26.0,services,single,secondary,no,yes,call,2.0,feb,morning,5.0,5.0,0.0,,no,37.0,93.81448548719722,5.355390458606055,no
144242.0,32.0,services,single,secondary,no,no,call,29.0,jan,eve,1.0,1.0,0.0,,no,0.0,118.91412737357842,4.938238920129032,no
144375.0,30.0,entrepreneur,divorced,tertiary,no,no,call,29.0,jan,Afternoon,2.0,2.0,0.0,,,1192.0,89.90190848799465,5.4719490288950485,no
154274.0,47.0,self-employed,married,,yes,no,call,15.0,may,Morning,1.0,1.0,0.0,,no,14.0,96.17105086712539,5.677104010280276,no
124167.0,30.0,blue-collar,married,secondary,yes,no,,2.0,jun,Morning,1.0,1.0,0.0,,no,194.0,108.85431182214505,2.9115364698806614,no
138784.0,48.0,services,married,secondary,,yes,call,25.0,aug,Night,6.0,6.0,0.0,,no,4300.0,110.67803513379596,2.5776554569326775,no
159087.0,29.0,student,single,,no,no,call,3.0,mar,Night,2.0,2.0,1.0,failure,no,7585.0,106.49603835035788,6.736089190841849,yes
151430.0,45.0,technician,married,secondary,no,no,call,7.0,may,Night ,2.0,2.0,0.0,,no,1240.0,90.02815697922507,7.3474562776095595,no
129869.0,37.0,services,single,secondary,yes,no,call,10.0,jul,eve,1.0,1.0,0.0,,no,54.0,97.0057839426101,1.1054459103317815,no
120812.0,34.0,services,single,secondary,yes,No,,21.0,may,Night,2.0,2.0,0.0,,no,1157.0,112.99391096477736,4.314996075122955,no
137023.0,34.0,housemaid,married,tertiary,no,no,call,14.0,aug,Evening,4.0,4.0,0.0,,no,401.0,92.89176514881923,3.8164020290652587,no
131802.0,33.0,management,single,tertiary,yes,no,call,22.0,jul,eve,3.0,3.0,0.0,,no,-149.0,94.52963447715683,6.608251525331841,no
153435.0,38.0,management,divorced,tertiary,yes,no,call,14.0,may,Night ,4.0,4.0,0.0,,no,1149.0,104.39470042381676,6.563426868884395,no
160446.0,50.0,technician,,secondary,yes,no,call,13.0,aug,Evening,2.0,2.0,6.0,failure,no,0.0,87.65923107341868,4.1479427454014735,no
135946.0,51.0,technician,divorced,tertiary,no,no,call,8.0,aug,Night,5.0,5.0,0.0,,no,4596.0,95.87654777830015,2.3212122702499487,no
118408.0,37.0,blue-collar,divorced,secondary,yes,no,,13.0,may,Morning,2.0,2.0,0.0,,no,368.0,102.1156790789352,5.105155006685244,no
155994.0,30.0,management,single,tertiary,no,no,call,4.0,jun,Evening,2.0,2.0,0.0,,no,3384.0,106.99399479027453,3.8185455206436365,yes
132919.0,34.0,management,married,tertiary,yes,no,call,,jul,morning,5.0,5.0,0.0,,no,1116.0,97.56526900531269,6.716157631718159,no
153975.0,32.0,blue-collar,single,primary,yes,no,call,14.0,may,Afternoon,2.0,2.0,0.0,,no,78.0,96.65026788823207,3.687102005841199,no
124944.0,26.0,services,married,secondary,yes,yes,,5.0,jun,Afternoon,2.0,2.0,0.0,,no,682.0,98.11055742827958,2.6749932610128533,no
127785.0,37.0,technician,married,secondary,no,no,,20.0,jun,Night ,4.0,4.0,0.0,,no,3728.0,95.23097622034277,5.058023586415734,no
147432.0,40.0,management,married,primary,yes,yes,call,2.0,apr,Afternoon,2.0,2.0,3.0,failure,no,738.0,95.40544024696172,6.067760878311503,no
144876.0,40.0,admin.,married,secondary,no,no,call,2.0,feb,Morning,1.0,1.0,0.0,,no,5.0,116.13857581662967,7.234614093389538,no
126476.0,48.0,blue-collar,married,primary,no,no,,16.0,jun,Afternoon,8.0,8.0,0.0,,no,554.0,106.0177133678565,6.207796533686826,no
132839.0,33.0,management,married,primary,no,yes,call,25.0,jul,Afternoon,3.0,3.0,0.0,,no,91.0,108.49863613550303,6.877351630310339,no
156347.0,31.0,services,married,secondary,no,No,call,3.0,jul,Night ,1.0,1.0,0.0,,no,1167.0,88.94530039383453,3.460738076461473,no
116458.0,38.0,management,married,,yes,no,,6.0,may,Night,1.0,1.0,0.0,,no,1759.0,107.8188784623307,4.747801086054601,no
132578.0,52.0,blue-collar,married,secondary,yes,no,email,24.0,jul,morning,7.0,7.0,0.0,,no,3510.0,108.0045074124996,5.385853651419146,no
142645.0,41.0,blue-collar,married,primary,no,no,email,20.0,nov,Morning,2.0,2.0,0.0,,no,2585.0,99.13142034659343,7.663879615356505,no
147145.0,27.0,student,single,tertiary,no,no,call,5.0,mar,morning,3.0,3.0,0.0,,no,0.0,94.33015995534807,5.013129414966492,yes
140321.0,39.0,blue-collar,single,primary,yes,no,call,17.0,,Morning,1.0,1.0,1.0,failure,no,419.0,94.62826906787474,4.87605775026931,no
142095.0,39.0,services,married,secondary,no,yes,call,20.0,nov,Night,1.0,1.0,0.0,,no,3294.0,94.67162066867378,5.358260573547673,no
155686.0,55.0,technician,married,secondary,yes,yes,call,1.0,jun,morning,1.0,1.0,1.0,success,no,0.0,104.34095409254763,4.717790882842525,no
147759.0,36.0,blue-collar,married,primary,yes,no,call,9.0,apr,Morning,1.0,1.0,1.0,failure,no,2730.0,94.17425118424794,6.316043577651605,no
158185.0,61.0,retired,married,,no,no,call,16.0,nov,eve,1.0,1.0,4.0,success,no,209.0,102.74522457725875,6.1491736847108935,no
128260.0,30.0,blue-collar,married,primary,no,no,,27.0,jun,Night,1.0,1.0,0.0,,,62.0,102.97037824208202,5.915427415198905,no
130767.0,39.0,blue-collar,married,primary,,no,call,16.0,jul,Afternoon,2.0,2.0,0.0,,no,50.0,111.54856441947817,4.407666430959874,no
124734.0,57.0,management,married,primary,yes,no,,4.0,jun,Afternoon,1.0,1.0,0.0,,no,-226.0,93.66088916225064,4.660724024596724,no
128202.0,45.0,admin.,married,secondary,yes,,,25.0,jun,Morning,5.0,5.0,0.0,,no,400.0,98.75906373254837,5.071039573005286,no
125138.0,30.0,services,married,secondary,yes,yes,,5.0,jun,Evening,4.0,4.0,0.0,,no,311.0,99.5117970449267,6.413284766014781,no
116211.0,42.0,blue-collar,married,secondary,yes,no,,5.0,may,Evening,2.0,2.0,0.0,,no,490.0,90.28652201898048,4.242221544662584,no
141850.0,37.0,technician,married,secondary,yes,no,call,19.0,nov,Night,1.0,1.0,4.0,failure,no,5902.0,90.02324389500858,6.937494650800599,no
147971.0,34.0,admin.,married,secondary,yes,no,call,14.0,apr,Morning,8.0,8.0,0.0,,no,395.0,102.49894253993406,4.4385900372350315,no
147632.0,39.0,technician,divorced,secondary,yes,yes,call,7.0,apr,eve,1.0,1.0,0.0,,no,17441.0,90.76304288078826,8.193792867954574,no
135615.0,41.0,management,married,tertiary,no,no,call,7.0,aug,Afternoon,3.0,3.0,0.0,,no,768.0,93.9342487643674,2.8905401342308643,no
155949.0,36.0,unemployed,married,secondary,yes,no,call,4.0,jun,morning,2.0,2.0,0.0,,no,352.0,89.53331487501035,6.336916289627186,no
148307.0,36.0,technician,married,primary,yes,No,call,16.0,apr,Night ,1.0,1.0,3.0,other,no,3350.0,88.53268859728585,3.263782937504826,no
142629.0,32.0,blue-collar,single,secondary,yes,no,call,20.0,,Afternoon,2.0,2.0,1.0,failure,no,6982.0,95.15738305920964,5.096016638968418,no
126983.0,40.0,admin.,single,secondary,,no,,18.0,jun,Evening,8.0,8.0,0.0,,no,,90.2034137626217,5.494966438759205,no
160627.0,36.0,management,married,tertiary,no,no,call,8.0,sep,eve,2.0,2.0,5.0,success,no,2161.0,90.1651791766131,,yes
146897.0,24.0,self-employed,single,,no,No,call,10.0,feb,morning,1.0,1.0,0.0,,no,1179.0,84.84528370560132,4.3291841165425815,no
154760.0,56.0,management,divorced,tertiary,yes,no,SMS,18.0,may,eve,1.0,1.0,0.0,,no,2959.0,88.48181656152101,6.4691689183471,no
119547.0,53.0,retired,married,secondary,yes,no,,16.0,may,Evening,6.0,6.0,0.0,,no,1139.0,88.34961301512635,5.161328429909969,no
150607.0,37.0,admin.,single,secondary,yes,No,call,5.0,may,morning,1.0,1.0,0.0,,no,597.0,82.05962831406707,5.629979765751597,no
146158.0,44.0,management,married,tertiary,no,no,call,5.0,feb,Night,1.0,1.0,0.0,,no,673.0,101.89246314951495,3.9022200855093834,no
132930.0,30.0,technician,single,secondary,yes,no,call,25.0,jul,Night ,3.0,3.0,0.0,,no,1625.0,97.2135761564571,2.5721935678938124,no
126674.0,39.0,blue-collar,married,secondary,no,no,,17.0,jun,morning,1.0,1.0,0.0,,no,123.0,74.48026992742295,2.4466031563650588,no
152672.0,33.0,admin.,divorced,secondary,no,no,call,12.0,may,Afternoon,1.0,1.0,5.0,failure,no,-417.0,101.00633243957095,7.11364420151175,no
135194.0,48.0,services,married,primary,no,no,call,6.0,aug,morning,2.0,2.0,0.0,,no,483.0,87.77889450358185,5.7233917544970545,no
138110.0,53.0,admin.,married,secondary,no,yes,call,21.0,aug,Afternoon,2.0,2.0,0.0,,no,105.0,113.55286908592336,5.470400073567346,no
140271.0,52.0,technician,single,secondary,no,yes,call,17.0,nov,Night ,1.0,1.0,0.0,,no,1262.0,115.66566442377541,4.078641373463832,no
127341.0,45.0,blue-collar,married,primary,yes,no,,19.0,jun,Morning,1.0,1.0,0.0,,no,351.0,83.54275957464618,4.0163638278786,no
125146.0,39.0,blue-collar,single,primary,no,yes,,5.0,jun,Evening,2.0,2.0,0.0,,no,1537.0,97.99493178116536,6.616681163816141,no
145920.0,31.0,technician,single,secondary,no,No,call,4.0,feb,Night,5.0,5.0,0.0,,no,622.0,93.840115826471,3.5274928283171167,no
158367.0,22.0,student,single,tertiary,no,,call,10.0,dec,Afternoon,1.0,1.0,1.0,failure,no,1258.0,103.01495979749723,3.3669881356034055,no
154598.0,44.0,management,single,secondary,yes,no,call,15.0,may,Night,5.0,5.0,3.0,failure,no,3684.0,98.14756447624492,4.55183094918615,no
129414.0,57.0,technician,married,secondary,yes,no,SMS,9.0,jul,morning,1.0,1.0,0.0,,no,323.0,97.8527209696872,5.970448044431967,no
131588.0,29.0,management,single,tertiary,,no,call,21.0,jul,Night ,1.0,1.0,0.0,,no,107.0,102.40386080573299,3.3382221322696344,no
132339.0,48.0,management,married,secondary,yes,no,email,23.0,jul,Afternoon,2.0,2.0,0.0,,no,0.0,118.64734747636044,4.164414055385123,no
139848.0,36.0,technician,single,tertiary,no,no,call,29.0,aug,Morning,12.0,12.0,0.0,,no,268.0,101.26856874706307,6.915749351811024,no
155753.0,26.0,management,single,tertiary,no,no,call,2.0,jun,morning,1.0,1.0,0.0,,no,3178.0,83.61166434062277,5.6747356566015945,no
144568.0,26.0,admin.,single,secondary,no,no,call,30.0,jan,Night ,1.0,1.0,0.0,,no,1348.0,102.08637916266719,3.1561098188834507,no
152535.0,38.0,blue-collar,married,primary,yes,no,call,12.0,may,morning,1.0,1.0,0.0,,no,4592.0,115.22158998828334,6.628800392524379,no
151069.0,34.0,management,single,tertiary,yes,no,call,7.0,may,Afternoon,1.0,1.0,1.0,failure,no,171.0,98.06146695243555,4.119111214100883,no
149730.0,35.0,technician,married,tertiary,yes,yes,call,27.0,apr,Afternoon,1.0,1.0,0.0,,no,629.0,108.08063776297692,6.256243277613226,no
138515.0,,management,single,secondary,no,no,call,22.0,aug,Evening,1.0,1.0,0.0,,no,15.0,92.00138381996042,4.180393904129902,no
146021.0,36.0,entrepreneur,married,tertiary,no,no,call,4.0,feb,eve,3.0,3.0,0.0,,no,2700.0,93.80508665314385,4.101522665741449,no
131619.0,48.0,management,single,tertiary,no,no,call,21.0,jul,Evening,2.0,2.0,0.0,,no,414.0,104.87097504759123,2.6023499040918696,no
153825.0,26.0,student,single,primary,yes,no,call,14.0,may,morning,2.0,2.0,0.0,,no,114.0,85.00117068330084,7.574265236756135,no
155096.0,56.0,admin.,married,secondary,yes,no,call,18.0,may,Night,2.0,2.0,0.0,,no,95.0,108.27271221227355,5.342083582283114,no
158419.0,60.0,technician,married,secondary,,no,email,18.0,,morning,5.0,5.0,4.0,success,no,294.0,86.88266097776186,2.2415719717574563,no
146393.0,25.0,student,single,secondary,no,no,call,5.0,feb,Evening,7.0,7.0,0.0,,no,2354.0,106.86311926086088,5.269728360349066,yes
135739.0,33.0,technician,single,secondary,no,no,call,8.0,aug,Morning,2.0,2.0,0.0,,no,671.0,105.28417913411751,5.051388991377523,no
149913.0,24.0,admin.,single,secondary,no,no,call,30.0,apr,morning,1.0,1.0,0.0,,no,1052.0,104.05308748101945,5.453680312120738,yes
145054.0,59.0,blue-collar,married,secondary,yes,no,call,2.0,feb,eve,1.0,1.0,0.0,,no,410.0,86.01485548038633,6.206104465013388,no
159415.0,62.0,technician,married,,no,no,call,22.0,apr,eve,4.0,4.0,1.0,other,no,635.0,,3.319860610391217,no
122992.0,43.0,blue-collar,married,secondary,yes,no,,29.0,may,Afternoon,3.0,3.0,0.0,,no,-111.0,106.65375024877999,5.268415011230452,no
142527.0,33.0,self-employed,single,tertiary,no,no,call,20.0,nov,Evening,1.0,1.0,0.0,,no,4996.0,117.93561657435605,4.8542321914543285,no
146190.0,37.0,technician,single,secondary,no,yes,call,5.0,feb,Night,1.0,1.0,0.0,,no,123.0,96.25037543816168,7.403758745122103,no
137548.0,30.0,technician,married,secondary,no,no,call,19.0,aug,morning,2.0,2.0,0.0,,no,-189.0,105.33118248147008,3.287342492070822,no
150971.0,48.0,entrepreneur,divorced,secondary,yes,yes,call,6.0,may,Evening,2.0,2.0,4.0,failure,no,2.0,103.37375169398533,4.109285472511504,no
137057.0,30.0,services,,secondary,no,no,call,14.0,aug,Morning,2.0,2.0,0.0,,no,188.0,106.8151312361857,6.467121183355374,no
146295.0,35.0,management,single,tertiary,no,no,call,5.0,feb,eve,1.0,1.0,0.0,,no,995.0,97.50629606898039,6.225070065933953,no
127634.0,54.0,blue-collar,married,primary,yes,no,,20.0,jun,Morning,1.0,1.0,0.0,,no,2281.0,103.2711333809433,3.108751660160422,no
134847.0,,management,married,tertiary,no,no,call,4.0,aug,Night,1.0,1.0,0.0,,no,11391.0,114.38248476333095,6.233680137973202,no
119189.0,45.0,entrepreneur,married,primary,yes,no,,15.0,may,Night ,3.0,3.0,0.0,,no,1953.0,115.96132045723667,4.428482179622616,no
152273.0,34.0,services,divorced,secondary,yes,No,call,11.0,may,Evening,6.0,6.0,0.0,,no,-240.0,86.9709662554877,8.694597565539443,no
144535.0,56.0,housemaid,married,primary,yes,yes,call,29.0,jan,eve,2.0,2.0,0.0,,no,2666.0,95.18335314617158,4.808869095830829,no
134129.0,29.0,admin.,single,secondary,yes,yes,call,30.0,jul,eve,13.0,13.0,0.0,,no,345.0,104.45892654194795,3.1522274897881357,no
118204.0,37.0,blue-collar,single,secondary,yes,no,,12.0,may,morning,5.0,5.0,0.0,,no,336.0,106.85701534732361,6.030555999900897,no
143068.0,35.0,management,married,tertiary,yes,yes,call,21.0,nov,Night ,1.0,1.0,0.0,,yes,0.0,94.04645806513315,4.5250986123970325,no
141189.0,52.0,self-employed,married,tertiary,yes,yes,call,18.0,nov,Night ,2.0,2.0,4.0,success,no,5350.0,108.23015864899916,4.079662581976692,no
127851.0,36.0,admin.,divorced,secondary,yes,no,,20.0,jun,Night ,10.0,10.0,0.0,,no,1573.0,97.34140847714701,6.637337609362597,no
153038.0,50.0,blue-collar,married,primary,yes,no,call,13.0,may,Afternoon,1.0,1.0,2.0,failure,no,953.0,120.34908177490706,3.2723055233929492,no
157748.0,34.0,services,single,tertiary,no,no,call,16.0,oct,Evening,1.0,1.0,0.0,,no,3119.0,87.8949224066752,6.334998382884713,yes
144616.0,40.0,management,single,tertiary,yes,no,call,30.0,jan,Afternoon,3.0,3.0,0.0,,no,80.0,,2.369322830645248,no
122520.0,44.0,retired,divorced,primary,,no,,28.0,may,Afternoon,1.0,1.0,0.0,,no,2083.0,94.75127649888829,4.322731162140259,no
125590.0,28.0,blue-collar,married,secondary,yes,no,,6.0,jun,morning,18.0,18.0,0.0,,no,822.0,109.9185314200018,8.129201424412365,no
116554.0,33.0,admin.,single,secondary,yes,no,,6.0,may,Night,1.0,1.0,0.0,,no,101.0,111.75941917828096,7.54089268063028,no
154083.0,34.0,blue-collar,married,secondary,yes,no,call,15.0,may,Morning,1.0,1.0,0.0,,no,2139.0,99.44732953259283,6.7781135273148045,no
151871.0,40.0,self-employed,married,secondary,yes,no,call,8.0,may,morning,2.0,2.0,0.0,,no,1270.0,108.47290065445073,4.000982424052613,no
153272.0,44.0,management,divorced,tertiary,yes,no,SMS,13.0,may,Evening,2.0,2.0,2.0,success,no,388.0,96.03589848475801,5.368541534568541,no
142236.0,54.0,blue-collar,divorced,secondary,no,yes,call,20.0,nov,Night,1.0,1.0,0.0,,no,615.0,92.32244597096417,8.921128240530397,no
117898.0,29.0,services,single,secondary,yes,yes,,9.0,may,Night,2.0,2.0,0.0,,no,,88.5382246757737,3.7925862598668516,no
121358.0,42.0,blue-collar,married,secondary,yes,no,,23.0,may,Morning,1.0,1.0,0.0,,no,139.0,83.28237749762144,6.960347077239601,no
130992.0,34.0,management,married,tertiary,yes,no,call,17.0,jul,Morning,2.0,2.0,0.0,,no,4943.0,85.13942410819128,4.228385792769529,no
143303.0,53.0,blue-collar,married,secondary,yes,no,call,21.0,nov,Morning,2.0,2.0,1.0,other,no,3036.0,93.3337305349539,6.047680023902167,no
135871.0,33.0,management,single,tertiary,yes,No,call,8.0,aug,Morning,4.0,4.0,0.0,,no,308.0,92.09744222432735,3.892779889146806,no
134968.0,43.0,technician,married,secondary,no,no,call,5.0,aug,Night,1.0,1.0,0.0,,no,629.0,96.40090556876841,7.326145840170595,no
121077.0,56.0,admin.,married,secondary,no,no,,21.0,may,Night,6.0,6.0,0.0,,no,3784.0,95.17659438405705,5.62576041119702,no
153034.0,36.0,blue-collar,married,primary,no,no,call,13.0,may,Afternoon,1.0,1.0,8.0,failure,no,828.0,100.67458705394687,6.354326824072152,yes
144891.0,32.0,management,married,tertiary,no,No,call,2.0,feb,morning,2.0,2.0,0.0,,no,1852.0,95.87217058979338,6.0380585154837245,no
157385.0,26.0,management,single,tertiary,yes,no,call,8.0,sep,Afternoon,1.0,1.0,0.0,,no,1094.0,115.81937894087766,3.41517437073385,yes
141580.0,33.0,management,married,tertiary,yes,yes,call,19.0,nov,Morning,2.0,2.0,0.0,,yes,-148.0,94.69926511960774,6.00532657803234,no
119266.0,25.0,management,single,tertiary,yes,yes,,15.0,may,eve,1.0,1.0,0.0,,no,6.0,109.42210912324555,5.173930868952075,no
128655.0,59.0,,married,primary,no,no,email,7.0,jul,Evening,8.0,8.0,0.0,,no,1247.0,87.55644964473866,6.865598488766594,no
126463.0,38.0,technician,single,tertiary,no,no,,16.0,jun,Night,1.0,1.0,0.0,,no,38.0,104.04327063609276,2.791290591230143,no
126978.0,48.0,blue-collar,married,primary,yes,yes,,18.0,jun,Night,5.0,5.0,0.0,,no,551.0,102.29649977598675,7.294335905875043,no
138767.0,47.0,blue-collar,married,,no,no,call,25.0,aug,morning,3.0,3.0,0.0,,yes,162.0,110.52196651072988,5.307184786527149,yes
118644.0,43.0,blue-collar,married,primary,yes,No,,14.0,may,Morning,4.0,4.0,0.0,,no,4998.0,87.49343263958744,4.478480996427728,no
125191.0,39.0,technician,single,tertiary,yes,no,,5.0,jun,Afternoon,2.0,2.0,0.0,,no,1646.0,95.56017818586527,4.42492163777861,no
137050.0,50.0,self-employed,married,secondary,no,no,call,14.0,aug,Afternoon,10.0,10.0,0.0,,no,1138.0,96.6270782633664,3.646167339647578,no
129696.0,26.0,services,married,secondary,yes,yes,call,10.0,jul,Night,1.0,1.0,0.0,,no,2063.0,102.27375976969464,4.936616354114987,no
148896.0,36.0,management,married,tertiary,yes,no,call,17.0,apr,Morning,4.0,4.0,2.0,failure,no,549.0,113.74909024095284,4.405778101464397,no
133544.0,52.0,blue-collar,married,primary,yes,no,call,29.0,jul,eve,2.0,2.0,0.0,,no,1331.0,105.02634453752363,6.290725918620389,no
138069.0,34.0,management,divorced,tertiary,no,no,call,21.0,aug,Afternoon,2.0,2.0,0.0,,no,0.0,96.39309882984675,6.3779134337987795,no
158885.0,31.0,management,single,tertiary,,no,call,11.0,feb,eve,1.0,1.0,9.0,success,no,533.0,107.57196974832861,2.019152195973098,yes
127658.0,43.0,blue-collar,divorced,,no,No,,20.0,jun,Night,1.0,1.0,0.0,,yes,1.0,98.85978309174487,6.573768875112082,no
161038.0,49.0,unemployed,divorced,tertiary,no,no,call,8.0,nov,Afternoon,1.0,1.0,2.0,failure,no,780.0,104.71664194870664,5.05814185698407,no
137405.0,36.0,technician,single,secondary,yes,No,call,19.0,aug,Morning,9.0,9.0,0.0,,no,140.0,99.85948038126199,3.7168889127830465,no
144080.0,59.0,management,married,tertiary,no,no,call,29.0,jan,Evening,1.0,1.0,4.0,failure,no,,102.72664065144728,4.678697605402676,no
146265.0,54.0,services,married,,yes,no,call,5.0,feb,Morning,2.0,2.0,1.0,other,no,0.0,,4.029690871794029,yes
122424.0,31.0,management,married,tertiary,yes,No,,27.0,may,Afternoon,6.0,6.0,0.0,,no,1183.0,103.4753594440875,3.9765816203122855,no
151437.0,36.0,management,divorced,tertiary,yes,no,call,7.0,may,Night,2.0,2.0,1.0,other,no,-252.0,109.3619367734796,4.486784830132381,no
121507.0,40.0,technician,married,secondary,yes,no,,23.0,may,morning,13.0,13.0,0.0,,no,5517.0,97.59962321290777,3.9596573521032403,no
134922.0,42.0,technician,divorced,secondary,no,yes,call,5.0,aug,Afternoon,1.0,1.0,0.0,,no,1533.0,100.40781283494901,5.629408416037203,no
160885.0,43.0,admin.,single,secondary,no,no,call,12.0,oct,morning,1.0,1.0,4.0,success,no,386.0,94.69571131567571,7.15814028478473,no
123710.0,36.0,management,single,tertiary,yes,yes,,30.0,,Afternoon,3.0,3.0,0.0,,no,548.0,89.36050194505171,6.935744689782907,no
134428.0,36.0,technician,married,secondary,no,no,call,31.0,jul,Evening,2.0,2.0,0.0,,no,7957.0,105.56331485324239,5.799103205219273,no
148170.0,51.0,blue-collar,married,secondary,yes,no,call,16.0,apr,Night,1.0,1.0,0.0,,no,2964.0,88.9342823437716,4.231761771448121,no
128299.0,37.0,management,married,tertiary,no,yes,,30.0,jun,eve,3.0,3.0,0.0,,no,597.0,110.72988765537423,3.0909687947587003,no
152434.0,55.0,technician,single,secondary,yes,no,call,12.0,may,Evening,1.0,1.0,3.0,failure,no,99.0,119.65024882968969,3.380487587152566,no
152596.0,32.0,blue-collar,married,secondary,yes,,SMS,12.0,may,Night,2.0,2.0,0.0,,no,485.0,89.66227637271095,6.878738789624353,no
116355.0,39.0,unemployed,married,primary,yes,no,,6.0,may,Evening,1.0,1.0,0.0,,no,408.0,100.42889351671616,3.4593384116545467,no
160849.0,32.0,management,single,tertiary,no,no,call,8.0,oct,Night ,2.0,2.0,2.0,failure,no,3289.0,95.02328974627405,7.814057522646227,no
121694.0,40.0,technician,married,secondary,yes,no,,26.0,may,morning,1.0,1.0,0.0,,no,-396.0,111.5797312251166,2.853238026312619,no
146523.0,31.0,services,married,secondary,yes,No,SMS,6.0,feb,Evening,1.0,1.0,2.0,failure,no,1801.0,85.21299945144044,3.1472541845363327,no
132499.0,40.0,blue-collar,married,primary,no,no,call,24.0,jul,Night ,1.0,1.0,0.0,,no,0.0,87.33703477637243,6.524105231386289,no
155151.0,56.0,blue-collar,married,secondary,yes,no,email,18.0,may,Morning,2.0,2.0,0.0,,no,876.0,104.10927436433705,5.434639470702438,no
122832.0,26.0,technician,single,secondary,yes,no,,28.0,may,morning,2.0,2.0,0.0,,no,855.0,88.27022118354468,3.4017019415264844,no
144175.0,47.0,technician,divorced,secondary,no,no,call,29.0,jan,morning,1.0,1.0,0.0,,no,,100.47784235961656,4.7899882201709225,no
151912.0,34.0,technician,single,secondary,yes,yes,call,11.0,may,Night,2.0,2.0,2.0,other,no,664.0,100.747662167537,5.759373833847808,no
126256.0,38.0,services,single,primary,yes,no,,12.0,jun,morning,1.0,1.0,0.0,,no,556.0,95.65859325242725,3.8056607113835668,no
157180.0,26.0,student,single,secondary,no,no,call,26.0,aug,Afternoon,1.0,1.0,2.0,success,no,620.0,87.23740895211984,6.246109952451775,no
145100.0,33.0,admin.,married,secondary,no,no,call,2.0,feb,eve,1.0,1.0,0.0,,no,3519.0,105.29855486014696,4.984668460444268,no
124163.0,39.0,technician,single,tertiary,yes,no,,2.0,jun,Evening,2.0,2.0,0.0,,no,2617.0,79.63101227691475,4.448286778157351,no
120729.0,39.0,blue-collar,married,secondary,yes,no,,21.0,may,Night ,1.0,1.0,0.0,,no,804.0,95.62403522362158,3.954804767910032,no
129402.0,31.0,admin.,single,secondary,no,no,call,9.0,jul,Night ,1.0,1.0,0.0,,no,1.0,96.52132916169435,3.570032656243133,no
125871.0,49.0,housemaid,married,secondary,no,no,,9.0,jun,Morning,2.0,2.0,0.0,,no,3812.0,93.37660017241087,3.8384074359610745,no
151848.0,59.0,retired,married,tertiary,yes,yes,call,8.0,may,Afternoon,2.0,2.0,1.0,other,no,148.0,113.2506062562012,1.8512781708622832,yes
135276.0,51.0,technician,,secondary,no,no,call,6.0,aug,eve,3.0,3.0,0.0,,no,223.0,89.5211802557931,6.135136010718917,no
130941.0,30.0,management,married,tertiary,yes,no,call,,jul,morning,1.0,1.0,0.0,,no,3134.0,77.52655373413484,3.614290989615296,no
138417.0,31.0,,divorced,tertiary,no,no,call,22.0,aug,Morning,9.0,9.0,0.0,,no,137.0,113.07205038040985,2.452293553547557,no
128270.0,25.0,blue-collar,single,,yes,no,,27.0,jun,eve,2.0,2.0,0.0,,no,373.0,92.67061741009098,6.964530768731207,no
126564.0,36.0,admin.,married,secondary,no,no,,16.0,jun,morning,3.0,3.0,0.0,,no,1295.0,88.0355509576583,5.231239474856125,no
141222.0,36.0,blue-collar,married,primary,yes,no,call,18.0,nov,Afternoon,2.0,2.0,0.0,,no,0.0,121.08635110411755,4.143723168771539,no
122895.0,54.0,technician,married,tertiary,yes,no,,28.0,may,Evening,2.0,2.0,0.0,,yes,337.0,93.42419353685972,6.282551060866596,no
138452.0,59.0,retired,married,primary,no,no,call,22.0,aug,Evening,1.0,1.0,0.0,,no,0.0,78.30315646832499,4.286626132105395,no
142413.0,47.0,blue-collar,married,secondary,no,no,call,20.0,nov,Night ,1.0,1.0,0.0,,no,5041.0,105.4214903100083,6.443893288632529,no
149502.0,42.0,admin.,married,secondary,yes,yes,call,20.0,apr,Night,4.0,4.0,0.0,,no,0.0,93.98856215197705,6.185208581248041,no
139368.0,46.0,housemaid,married,secondary,no,no,call,28.0,aug,Morning,7.0,7.0,0.0,,no,505.0,101.02388615075725,5.983833652559585,no
129990.0,59.0,admin.,divorced,secondary,no,yes,call,11.0,jul,Morning,2.0,2.0,0.0,,no,5.0,88.28050146366718,5.30211321995256,no
143178.0,37.0,management,married,tertiary,yes,no,call,21.0,nov,morning,1.0,1.0,0.0,,no,11391.0,97.62224740721861,5.611231402446431,no
146113.0,26.0,blue-collar,single,tertiary,no,no,call,,feb,eve,1.0,1.0,0.0,,no,1527.0,109.84570558378668,4.412219161593884,no
123438.0,38.0,entrepreneur,single,secondary,yes,yes,,30.0,may,Night,4.0,4.0,0.0,,no,473.0,120.36757784232626,7.222616922219957,no
145917.0,35.0,blue-collar,divorced,primary,yes,no,call,4.0,feb,Afternoon,2.0,2.0,0.0,,no,21.0,102.10969023424357,4.523906899270597,no
145986.0,54.0,management,divorced,tertiary,yes,yes,call,,feb,Morning,2.0,2.0,2.0,other,no,427.0,113.22735823084608,5.586768266627436,no
137055.0,34.0,technician,single,secondary,no,no,SMS,14.0,aug,Morning,2.0,2.0,0.0,,no,124.0,91.26542954668847,5.555605604792817,no
150974.0,40.0,services,single,secondary,yes,no,call,6.0,may,morning,2.0,2.0,2.0,failure,no,,89.16361898527562,8.527858240253778,no
155037.0,34.0,admin.,married,secondary,yes,no,call,18.0,may,eve,7.0,7.0,0.0,,no,1158.0,97.7205275656858,4.34554103848874,no
153444.0,45.0,blue-collar,married,primary,yes,no,call,14.0,may,Morning,7.0,7.0,0.0,,no,528.0,100.38315775907681,5.701848678901079,no
118383.0,52.0,admin.,divorced,secondary,yes,yes,,13.0,may,Evening,1.0,1.0,0.0,,no,131.0,94.15089351383729,6.746558101069027,no
157019.0,61.0,management,married,secondary,no,no,call,18.0,aug,Night ,2.0,2.0,0.0,,no,1128.0,99.82009449762964,4.418972163159742,no
148551.0,33.0,management,single,secondary,,no,call,17.0,apr,Night,1.0,1.0,0.0,,no,1558.0,101.51740717825486,5.699195663336086,no
118558.0,31.0,technician,married,tertiary,yes,yes,,13.0,,Night ,2.0,2.0,0.0,,no,0.0,82.90125724729876,6.123415421100555,no
155034.0,27.0,technician,single,secondary,yes,no,call,18.0,may,Night,2.0,2.0,0.0,,no,598.0,97.98934096775898,4.58796003144995,no
116224.0,30.0,blue-collar,single,secondary,yes,no,,5.0,may,Afternoon,2.0,2.0,0.0,,no,-457.0,99.57436100981705,4.792760300163821,no
116773.0,38.0,blue-collar,married,secondary,yes,no,,7.0,may,Night ,1.0,1.0,0.0,,no,266.0,105.12032737889017,4.817618253221881,no
160882.0,31.0,management,married,tertiary,no,no,call,12.0,oct,eve,4.0,4.0,14.0,success,no,4328.0,87.2198935859695,4.685505628892838,yes
149307.0,37.0,admin.,single,tertiary,yes,no,call,20.0,apr,Night ,1.0,1.0,2.0,failure,no,2317.0,100.59957058415323,7.1250094338286205,no
132851.0,47.0,blue-collar,married,primary,no,yes,call,25.0,jul,Night,1.0,1.0,0.0,,no,830.0,100.78137137056711,5.467037257012343,no
142322.0,48.0,management,married,primary,yes,no,SMS,20.0,nov,morning,3.0,3.0,0.0,,no,3230.0,110.58528339257509,5.424399007330741,no
143925.0,42.0,self-employed,single,secondary,,no,call,28.0,jan,Afternoon,2.0,2.0,0.0,,no,429.0,85.18847680607102,3.6936163597951963,no
155565.0,50.0,services,married,secondary,no,no,call,27.0,may,Night ,2.0,2.0,0.0,,no,77.0,93.84203536338143,5.4547155575497985,no
145115.0,32.0,management,married,tertiary,no,no,call,2.0,feb,Evening,2.0,2.0,0.0,,no,141.0,113.65973947104825,1.8646532960816815,no
144250.0,59.0,,married,tertiary,no,no,call,29.0,jan,eve,1.0,1.0,0.0,,no,499.0,111.43803148919925,5.126222989359757,no
143574.0,40.0,technician,married,tertiary,yes,yes,call,21.0,nov,Night,4.0,4.0,0.0,,no,180.0,108.23911585310496,5.9528210746380275,no
148623.0,29.0,blue-collar,married,secondary,yes,no,call,17.0,apr,Afternoon,2.0,2.0,3.0,other,no,137.0,95.94070371491816,5.149311666583638,no
117390.0,39.0,blue-collar,married,primary,yes,no,,8.0,may,Evening,2.0,2.0,0.0,,no,830.0,108.88585115310164,6.516084751821351,no
133424.0,30.0,technician,married,tertiary,yes,yes,call,29.0,jul,Afternoon,15.0,15.0,0.0,,no,1103.0,93.63637779964247,5.560515740628927,no
131387.0,32.0,management,married,secondary,yes,yes,call,18.0,jul,Night ,5.0,5.0,0.0,,no,2858.0,94.14691920857842,6.052442232081594,no
138544.0,39.0,technician,divorced,secondary,no,no,call,25.0,aug,eve,9.0,9.0,0.0,,no,115.0,92.2563631275911,2.9600409689753153,no
130473.0,43.0,admin.,married,secondary,yes,no,call,15.0,jul,Afternoon,3.0,3.0,0.0,,no,59.0,92.96395929513662,4.798839276324748,no
156527.0,21.0,student,single,secondary,no,no,call,5.0,aug,Night ,1.0,1.0,0.0,,no,216.0,95.84500132373128,5.365462917169051,yes
130297.0,57.0,technician,married,primary,yes,no,call,14.0,jul,Morning,4.0,4.0,0.0,,no,1276.0,118.08164157702636,8.75662369572836,no
116048.0,51.0,blue-collar,married,,yes,no,,5.0,may,Night,1.0,1.0,0.0,,no,1883.0,91.36414942579293,2.355467905836159,no
122723.0,44.0,technician,married,secondary,,yes,,28.0,may,Night,1.0,1.0,0.0,,no,1196.0,,5.649188385934384,no
143097.0,39.0,technician,single,secondary,yes,no,call,21.0,nov,morning,5.0,5.0,0.0,,no,-529.0,114.90330463085004,7.07024778423817,no
122939.0,32.0,blue-collar,married,secondary,yes,yes,,28.0,may,Afternoon,2.0,2.0,0.0,,yes,-354.0,112.9805214818273,7.0184044388000215,no
117282.0,28.0,management,single,tertiary,yes,no,,8.0,may,Evening,3.0,3.0,0.0,,no,21.0,84.5739002580423,5.337147356663675,no
131560.0,59.0,self-employed,divorced,tertiary,yes,No,call,21.0,jul,Night ,3.0,3.0,0.0,,no,2979.0,99.95262314184728,6.150331610564937,no
123478.0,26.0,technician,single,tertiary,yes,no,,30.0,may,Afternoon,2.0,2.0,0.0,,no,686.0,99.23974268473525,5.0716075345254295,no
141880.0,40.0,management,married,tertiary,no,no,call,19.0,nov,eve,3.0,3.0,0.0,,no,12212.0,101.2234856074778,7.135289198815233,no
126724.0,36.0,blue-collar,married,secondary,no,no,,17.0,jun,Night ,1.0,1.0,0.0,,no,7265.0,85.3623010025012,4.682784084258689,no
124249.0,47.0,services,married,secondary,yes,No,,3.0,jun,morning,1.0,1.0,0.0,,no,344.0,96.12935791488187,4.512603648061956,no
133159.0,26.0,technician,married,tertiary,yes,no,call,28.0,jul,Night,3.0,3.0,0.0,,no,-385.0,92.82021535327011,4.4576372085113976,no
125131.0,39.0,blue-collar,married,primary,yes,no,,5.0,jun,Morning,2.0,2.0,0.0,,no,12848.0,110.26369866980333,5.63965425180654,no
157549.0,56.0,housemaid,divorced,secondary,no,yes,call,1.0,oct,Morning,1.0,1.0,0.0,,no,1866.0,109.03212569676408,4.951248761951226,no
147505.0,46.0,admin.,single,secondary,yes,no,call,6.0,apr,Evening,2.0,2.0,0.0,,no,1070.0,98.34244973109843,3.3357213782042026,no
145065.0,37.0,blue-collar,married,secondary,no,no,call,2.0,feb,Afternoon,1.0,1.0,0.0,,no,-67.0,81.94324001025551,8.056718361866253,no
149498.0,38.0,technician,married,secondary,yes,no,call,20.0,apr,Evening,2.0,2.0,4.0,failure,no,511.0,,1.9212728582866645,no
144083.0,30.0,management,single,tertiary,yes,yes,call,29.0,jan,morning,1.0,1.0,27.0,failure,no,1422.0,87.5409466606664,,no
149217.0,42.0,entrepreneur,single,secondary,yes,yes,call,20.0,apr,morning,1.0,1.0,0.0,,no,1049.0,103.59594963248271,6.316835461168055,no
158675.0,56.0,technician,married,tertiary,no,no,call,28.0,jan,eve,1.0,1.0,1.0,failure,no,1181.0,93.39135663491601,8.719800334671724,yes
128771.0,50.0,admin.,single,secondary,no,yes,call,7.0,jul,Evening,1.0,1.0,0.0,,no,-79.0,81.65580694055802,5.326082662147118,no
133859.0,51.0,retired,divorced,primary,yes,no,call,30.0,jul,morning,2.0,2.0,0.0,,no,1193.0,115.27631421692634,3.476639400646921,no
133734.0,39.0,management,married,tertiary,yes,No,call,29.0,jul,morning,23.0,23.0,0.0,,,-409.0,93.08213518004693,6.085225637279608,no
138907.0,45.0,blue-collar,married,primary,no,no,call,26.0,aug,Night,2.0,2.0,0.0,,no,512.0,110.49317782915097,5.284287380001422,no
121951.0,30.0,services,single,tertiary,yes,No,,26.0,may,Morning,8.0,8.0,0.0,,no,108.0,98.84874402457753,5.140482627560231,no
123873.0,50.0,blue-collar,divorced,secondary,yes,no,,2.0,jun,Morning,4.0,4.0,0.0,,no,571.0,110.33990879592326,2.7055922423009098,no
154175.0,28.0,admin.,single,secondary,yes,no,call,15.0,may,Night ,1.0,1.0,0.0,,no,7.0,101.33923881514805,7.118475784011659,no
150924.0,31.0,technician,single,secondary,yes,no,call,6.0,may,Evening,3.0,3.0,0.0,,no,,114.21631086337322,2.635782272748444,no
119435.0,31.0,technician,single,secondary,yes,no,,15.0,may,Morning,2.0,2.0,0.0,,no,1819.0,106.40713654867484,4.5247525948761105,no
147307.0,36.0,management,married,secondary,no,no,call,27.0,mar,Evening,1.0,1.0,0.0,,no,565.0,100.98565154531813,5.472517089082094,yes
139265.0,54.0,management,divorced,tertiary,no,no,call,27.0,aug,Morning,11.0,11.0,0.0,,no,124.0,108.8690770193646,5.016932364329743,no
149081.0,48.0,blue-collar,married,primary,yes,no,call,20.0,apr,Night,1.0,1.0,0.0,,no,346.0,92.07891979279137,6.304141468628093,no
152327.0,29.0,technician,single,tertiary,no,no,call,11.0,may,Night ,2.0,2.0,0.0,,no,18254.0,103.50636522260075,3.9634277890291596,no
128891.0,47.0,technician,married,primary,no,no,email,7.0,jul,Night ,3.0,3.0,0.0,,no,50.0,108.37044140807193,3.202257882324092,no
136691.0,42.0,management,married,tertiary,no,no,call,13.0,aug,Morning,2.0,2.0,0.0,,no,0.0,101.07153948672338,3.2007413559233786,no
127208.0,51.0,admin.,single,secondary,no,no,,,jun,Afternoon,2.0,2.0,0.0,,no,1994.0,108.6359280420857,4.644912675743991,yes
152137.0,37.0,management,married,tertiary,yes,no,call,11.0,may,Evening,1.0,1.0,4.0,failure,no,293.0,91.04249867182206,6.517217243787657,no
149517.0,56.0,blue-collar,married,primary,yes,no,email,20.0,apr,eve,4.0,4.0,0.0,,no,6677.0,100.17222957399508,3.770266329128385,no
158910.0,34.0,management,single,tertiary,yes,no,call,12.0,feb,morning,10.0,10.0,5.0,failure,no,417.0,92.20491215273594,2.558935841495708,no
149682.0,28.0,blue-collar,single,tertiary,no,no,call,23.0,apr,Morning,4.0,4.0,0.0,,no,4099.0,100.3328680799151,5.052116989477616,yes
145669.0,43.0,admin.,married,secondary,yes,no,call,4.0,feb,Afternoon,1.0,1.0,0.0,,no,0.0,101.35420585928652,6.741179402441415,no
123911.0,59.0,retired,divorced,tertiary,yes,no,,2.0,jun,Afternoon,2.0,2.0,0.0,,no,4.0,105.41025017082758,4.678691536985061,no
133102.0,34.0,admin.,single,secondary,yes,no,call,28.0,jul,Night,3.0,3.0,0.0,,no,79.0,112.84030480817427,4.5579985638840155,no
135110.0,48.0,technician,married,secondary,no,no,call,6.0,aug,Night,2.0,2.0,0.0,,no,1526.0,113.7890781621332,6.316050623995065,no
131887.0,29.0,blue-collar,married,secondary,no,No,call,22.0,jul,Morning,1.0,1.0,0.0,,no,3.0,100.37677980415805,5.362346170433692,no
141628.0,53.0,technician,married,secondary,no,no,call,19.0,nov,Evening,1.0,1.0,0.0,,no,0.0,111.48435577392101,3.6051771725041046,no
124524.0,29.0,services,married,primary,yes,no,,3.0,jun,Afternoon,4.0,4.0,0.0,,no,711.0,87.62226405612512,3.581116495209848,no
143419.0,54.0,blue-collar,divorced,primary,yes,no,call,21.0,nov,Afternoon,2.0,2.0,0.0,,no,0.0,113.79403281023201,6.57304212119924,no
137188.0,55.0,management,divorced,tertiary,no,no,call,18.0,,Evening,4.0,4.0,0.0,,no,0.0,103.53635925042856,3.762402921792021,yes
152177.0,21.0,student,single,secondary,yes,no,call,11.0,may,Night,3.0,3.0,0.0,,no,398.0,120.195161673343,4.496731416778976,no
116249.0,33.0,entrepreneur,single,tertiary,yes,no,,5.0,may,eve,2.0,2.0,0.0,,no,1068.0,95.13278596957358,3.694977669198619,no
118812.0,34.0,blue-collar,married,primary,yes,no,,14.0,may,Night ,2.0,2.0,0.0,,no,357.0,97.43348164925966,2.1821428240221104,no
128704.0,55.0,housemaid,divorced,,no,no,call,7.0,jul,Afternoon,3.0,3.0,0.0,,no,3068.0,98.45528152306865,6.447627724109436,no
150241.0,24.0,student,single,,no,no,call,4.0,may,Afternoon,7.0,7.0,1.0,other,no,782.0,89.79883031121622,5.77102532727736,no
126068.0,50.0,blue-collar,married,,no,no,,11.0,jun,Night ,1.0,1.0,0.0,,no,0.0,89.73008212691417,4.660794489437988,no
119217.0,53.0,admin.,single,secondary,yes,no,,15.0,may,Evening,2.0,2.0,0.0,,no,1178.0,100.00114010827988,4.321313039448918,no
157307.0,45.0,housemaid,married,tertiary,yes,no,call,3.0,sep,Night ,1.0,1.0,1.0,failure,no,40.0,104.06671812505047,6.532380109638929,no
146442.0,36.0,technician,married,secondary,yes,yes,call,5.0,feb,Night,2.0,2.0,0.0,,no,145.0,100.71828208509211,5.577501280905941,no
117437.0,52.0,blue-collar,married,secondary,no,no,,8.0,may,Night ,3.0,3.0,0.0,,no,557.0,99.5533352980609,6.704382220636937,no
136569.0,48.0,services,married,secondary,no,no,call,12.0,aug,Evening,5.0,5.0,0.0,,no,260.0,100.43474581143946,6.407753400173582,no
145512.0,54.0,blue-collar,married,secondary,yes,no,call,3.0,feb,eve,4.0,4.0,4.0,failure,no,175.0,87.94840609999319,6.396474308278664,no
124492.0,49.0,self-employed,married,secondary,yes,no,,3.0,jun,Night,9.0,9.0,0.0,,no,0.0,74.9309265720442,6.120009971454062,no
157597.0,70.0,retired,married,primary,no,no,call,6.0,oct,Night ,2.0,2.0,0.0,,no,8897.0,85.78480481692502,6.578465207975492,no
134849.0,49.0,services,married,secondary,no,no,call,4.0,aug,Afternoon,1.0,1.0,0.0,,no,1122.0,98.14426453092571,5.510122873611157,no
150804.0,46.0,blue-collar,married,primary,yes,no,call,6.0,may,Night,1.0,1.0,2.0,failure,no,91.0,86.48605960953739,5.575765171356689,no
146621.0,28.0,admin.,single,secondary,yes,yes,call,6.0,feb,Afternoon,2.0,2.0,0.0,,no,89.0,98.20136838490376,4.76922010058671,no
139178.0,50.0,blue-collar,married,primary,no,no,call,27.0,aug,Night,4.0,4.0,0.0,,no,157.0,82.66627607080372,3.5194963091519464,no
118496.0,51.0,blue-collar,divorced,tertiary,yes,No,,13.0,,Morning,1.0,1.0,0.0,,no,257.0,109.77718640292727,2.256228832229356,no
151041.0,26.0,management,single,tertiary,yes,no,call,7.0,may,Evening,1.0,1.0,0.0,,no,199.0,107.87373450839397,6.753639079991896,no
152285.0,38.0,blue-collar,married,secondary,yes,no,call,11.0,may,Morning,2.0,2.0,0.0,,no,861.0,109.6991279731512,2.716997327513716,no
129141.0,38.0,blue-collar,single,secondary,,no,call,8.0,jul,eve,3.0,3.0,0.0,,no,10.0,88.90148594882585,4.451372671336457,no
130616.0,46.0,entrepreneur,divorced,secondary,no,yes,call,15.0,jul,morning,4.0,4.0,0.0,,no,-563.0,117.05797861892354,4.548962379256593,yes
152180.0,58.0,services,married,secondary,yes,no,call,11.0,may,eve,1.0,1.0,2.0,failure,no,1301.0,75.03470712462257,2.9379095022586927,no
152737.0,38.0,management,single,tertiary,yes,no,call,12.0,may,Night,2.0,2.0,1.0,other,no,3646.0,99.47945743577522,4.8374262568820425,yes
125038.0,37.0,blue-collar,married,secondary,yes,no,,5.0,jun,Night,3.0,3.0,0.0,,no,196.0,104.30835471554964,3.1441088316072676,no
122579.0,30.0,admin.,single,secondary,yes,no,,28.0,may,morning,1.0,1.0,0.0,,no,-1.0,101.19996395881537,4.72855592534973,no
160583.0,32.0,entrepreneur,married,secondary,no,no,call,6.0,sep,Night ,1.0,1.0,1.0,failure,no,390.0,78.40283952230493,4.837602876314358,yes
118702.0,30.0,management,single,tertiary,yes,No,,14.0,may,morning,3.0,3.0,0.0,,no,1130.0,96.41751102969484,4.754143797125278,no
142449.0,34.0,self-employed,married,tertiary,yes,no,call,20.0,nov,Morning,1.0,1.0,2.0,failure,no,1545.0,115.25296734499615,4.218256304710813,no
149260.0,36.0,services,married,secondary,yes,no,call,20.0,apr,eve,1.0,1.0,0.0,,no,878.0,118.59309719408185,4.310026870441866,no
138465.0,47.0,services,married,tertiary,no,no,call,22.0,aug,Evening,9.0,9.0,0.0,,no,871.0,122.26754531255084,4.739999601297066,no
160606.0,45.0,,married,tertiary,no,no,call,7.0,sep,eve,1.0,1.0,0.0,,no,406.0,105.61154314121761,6.200886762966926,yes
139157.0,30.0,technician,married,tertiary,no,no,call,27.0,aug,Evening,12.0,12.0,0.0,,no,569.0,89.04158199421042,6.396511424164453,yes
155199.0,27.0,technician,single,secondary,,yes,call,18.0,may,Evening,2.0,2.0,1.0,failure,no,1842.0,87.0585674924459,6.223922990288248,no
124728.0,27.0,entrepreneur,single,tertiary,yes,no,,4.0,jun,Morning,2.0,2.0,0.0,,no,0.0,79.98076198500141,5.3229232712720655,no
157165.0,18.0,student,single,,no,no,call,25.0,aug,Evening,2.0,2.0,0.0,,no,3.0,107.96884970712263,3.843477484558477,yes
147395.0,49.0,admin.,married,secondary,yes,no,call,2.0,apr,Morning,1.0,1.0,2.0,failure,no,182.0,90.5541272105013,5.937656124462591,no
147014.0,51.0,entrepreneur,married,primary,no,no,call,18.0,feb,morning,10.0,10.0,0.0,,no,1443.0,83.78480232286525,0.8868458898251035,yes
149541.0,38.0,services,divorced,primary,yes,no,call,20.0,apr,Night,3.0,3.0,3.0,failure,no,0.0,84.22687785332005,3.2743133708536725,no
127243.0,41.0,blue-collar,married,primary,no,yes,,,jun,Afternoon,3.0,3.0,0.0,,no,219.0,91.6137661125723,4.610686053916997,yes
130415.0,42.0,technician,married,secondary,yes,no,call,15.0,jul,eve,4.0,4.0,0.0,,no,758.0,108.07409964359975,5.417785523982134,no
123324.0,36.0,management,single,tertiary,yes,no,,29.0,may,eve,6.0,6.0,0.0,,no,0.0,89.12819306295472,5.65677738417073,no
139847.0,49.0,blue-collar,married,secondary,no,no,call,29.0,aug,Night ,17.0,17.0,0.0,,no,0.0,80.052914170411,6.547073930176891,no
148428.0,,admin.,married,primary,yes,no,call,17.0,apr,Evening,1.0,1.0,0.0,,no,510.0,104.58857556714919,5.508158841780878,no
148726.0,27.0,blue-collar,single,secondary,yes,yes,call,17.0,apr,Evening,2.0,2.0,1.0,failure,no,-116.0,110.58674942002504,3.989349816450956,no
127938.0,39.0,blue-collar,married,secondary,no,no,,20.0,jun,morning,7.0,7.0,0.0,,no,281.0,109.32524171584211,6.0092436905148645,no
131188.0,31.0,admin.,single,tertiary,no,yes,call,18.0,jul,eve,2.0,2.0,0.0,,no,98.0,108.9587274684453,4.9657375488872235,no
128620.0,33.0,services,single,secondary,no,no,call,7.0,jul,Afternoon,1.0,1.0,0.0,,no,170.0,107.0970828100508,4.389099263642709,yes
121659.0,39.0,management,married,tertiary,yes,No,,26.0,may,Afternoon,1.0,1.0,0.0,,no,-606.0,106.19184038188045,2.843275021378082,no
159029.0,46.0,admin.,married,,no,no,call,24.0,feb,Night,2.0,2.0,5.0,failure,no,2033.0,114.20493038349764,3.2434756856283284,no
151961.0,49.0,management,single,tertiary,yes,yes,call,11.0,may,eve,1.0,1.0,0.0,,,1350.0,98.86441580236568,5.0970875122336805,no
149959.0,34.0,admin.,single,tertiary,yes,yes,call,30.0,apr,eve,1.0,1.0,0.0,,no,18.0,98.36176363156143,6.447990010278897,yes
141914.0,53.0,management,married,tertiary,no,yes,call,19.0,nov,Morning,2.0,2.0,0.0,,no,1014.0,,7.483640655767731,no
129500.0,26.0,blue-collar,married,secondary,no,no,SMS,9.0,jul,morning,1.0,1.0,0.0,,no,1101.0,88.54505769057639,7.442472778215733,no
123282.0,30.0,management,married,tertiary,yes,no,,29.0,may,morning,5.0,5.0,0.0,,no,623.0,94.77560977585506,5.467107033726525,no
130337.0,34.0,admin.,divorced,secondary,yes,yes,call,14.0,jul,Evening,3.0,3.0,0.0,,no,0.0,76.44714001844677,4.788401982218632,no
146418.0,34.0,admin.,single,secondary,no,no,call,5.0,feb,Morning,2.0,2.0,0.0,,no,713.0,92.82880518947566,6.649482168203864,no
147875.0,39.0,admin.,married,secondary,yes,no,call,13.0,apr,morning,3.0,3.0,0.0,,no,201.0,110.10379421416755,5.7534219419086705,no
137813.0,53.0,blue-collar,married,primary,yes,no,call,20.0,aug,morning,2.0,2.0,0.0,,no,-39.0,105.11747711647365,,no
132151.0,39.0,self-employed,married,secondary,no,yes,call,23.0,jul,Night ,1.0,1.0,0.0,,no,81.0,105.58508277887262,4.115827703402133,no
149716.0,65.0,retired,married,primary,no,no,call,27.0,apr,Morning,1.0,1.0,0.0,,no,3629.0,88.13051076218224,3.9842893830430435,yes
144807.0,32.0,management,married,tertiary,no,no,call,2.0,feb,Night,1.0,1.0,0.0,,no,71.0,90.49114642964422,2.206225764219509,no
160590.0,34.0,technician,married,secondary,yes,no,call,,sep,eve,2.0,2.0,1.0,other,no,384.0,103.74777879936019,3.4748262199782793,no
131880.0,35.0,management,married,tertiary,yes,no,call,22.0,jul,Afternoon,3.0,3.0,0.0,,yes,8.0,97.58967429436461,7.226423698439847,no
120077.0,31.0,admin.,married,secondary,yes,no,,19.0,may,Night,1.0,1.0,0.0,,no,97.0,99.31074812292411,5.409828797468243,yes
154812.0,27.0,blue-collar,single,primary,yes,no,call,18.0,may,morning,1.0,1.0,0.0,,no,5.0,89.5230584645584,6.6948764831551575,no
117462.0,30.0,management,single,tertiary,yes,no,,8.0,may,Afternoon,4.0,4.0,0.0,,no,528.0,112.41193270115461,8.19557737844524,no
120629.0,30.0,unemployed,married,secondary,yes,no,,20.0,may,Evening,4.0,4.0,0.0,,no,142.0,98.18779089963428,4.245567517755564,no
151645.0,50.0,blue-collar,divorced,secondary,yes,no,call,8.0,may,morning,2.0,2.0,0.0,,no,-441.0,110.6450538331369,4.86245932448573,no
145373.0,29.0,services,married,secondary,yes,no,call,3.0,feb,Night ,1.0,1.0,23.0,failure,no,222.0,91.28723397281554,6.669440804789044,no
127112.0,59.0,retired,married,secondary,no,no,,18.0,jun,Morning,1.0,1.0,0.0,,no,5744.0,83.40469054410353,6.207510892491109,no
121900.0,28.0,technician,single,secondary,yes,no,,26.0,may,morning,1.0,1.0,0.0,,no,289.0,88.75196297457973,4.716096451887108,no
159975.0,29.0,management,single,,no,no,call,6.0,jul,Afternoon,1.0,1.0,2.0,success,no,560.0,101.5859139481665,6.04029730969413,no
128941.0,55.0,management,married,tertiary,no,yes,call,8.0,jul,Evening,1.0,1.0,0.0,,no,979.0,101.29540195034468,3.0462734923480017,no
129155.0,30.0,blue-collar,married,primary,yes,yes,call,8.0,jul,morning,2.0,2.0,0.0,,no,307.0,90.64060197246806,6.315205028226403,no
140090.0,34.0,technician,single,secondary,yes,no,call,17.0,nov,Afternoon,1.0,1.0,2.0,failure,no,105.0,96.59259376750154,5.613755264997072,no
116764.0,32.0,blue-collar,married,secondary,yes,no,,7.0,may,eve,1.0,1.0,0.0,,no,0.0,91.72846951050879,5.387630780599826,no
156034.0,49.0,technician,married,secondary,no,No,call,5.0,jun,eve,1.0,1.0,0.0,,no,905.0,94.91043881517803,3.8624516286431665,yes
144829.0,45.0,technician,divorced,secondary,yes,no,call,2.0,feb,morning,1.0,1.0,0.0,,no,441.0,87.11693011460922,8.685026155318385,no
155041.0,22.0,admin.,single,secondary,yes,yes,call,18.0,may,Night ,2.0,2.0,0.0,,no,1157.0,112.25870492547155,5.209319757758225,no
150864.0,34.0,services,divorced,secondary,yes,no,call,6.0,may,Night ,1.0,1.0,1.0,failure,no,991.0,85.84532653460803,2.791602096115425,no
148267.0,36.0,technician,single,tertiary,yes,no,,16.0,apr,Afternoon,3.0,3.0,13.0,success,no,470.0,,4.758541935558175,no
136939.0,48.0,management,married,tertiary,yes,yes,call,14.0,aug,Morning,6.0,6.0,0.0,,no,1344.0,100.29993063411483,4.106657669737156,no
137209.0,56.0,blue-collar,married,primary,no,No,call,18.0,aug,eve,3.0,3.0,0.0,,no,3206.0,108.08309881601859,3.397056039121329,no
124036.0,34.0,blue-collar,divorced,secondary,yes,no,,2.0,jun,Evening,2.0,2.0,0.0,,no,336.0,120.68247413676896,6.6762232557904655,no
140991.0,41.0,entrepreneur,married,primary,yes,yes,call,18.0,nov,morning,1.0,1.0,0.0,,no,0.0,77.72164999339606,5.506212214747919,no
135307.0,35.0,management,married,tertiary,no,No,call,,aug,Night,4.0,4.0,0.0,,no,0.0,92.15849305183607,4.86263066865057,no
141313.0,30.0,admin.,married,secondary,yes,no,call,18.0,nov,Morning,1.0,1.0,0.0,,no,187.0,108.96304821847156,7.911964264491624,no
125180.0,28.0,admin.,single,,,no,,5.0,jun,Evening,13.0,13.0,0.0,,no,731.0,107.47617026632011,3.8096706385673715,no
121781.0,37.0,blue-collar,married,primary,yes,no,,26.0,may,Evening,1.0,1.0,0.0,,no,-88.0,107.86981664743894,4.322668452828138,no
132062.0,46.0,blue-collar,married,secondary,yes,no,call,22.0,jul,Night,4.0,4.0,0.0,,no,209.0,96.48043721021664,,no
152049.0,55.0,services,married,secondary,yes,no,email,11.0,may,Night ,1.0,1.0,0.0,,no,761.0,97.3710639516469,6.001350707156922,no
123288.0,38.0,services,divorced,primary,yes,yes,,29.0,may,eve,3.0,3.0,0.0,,no,92.0,100.2644322246967,5.191141848066713,no
129707.0,29.0,services,single,secondary,no,yes,call,10.0,jul,Morning,1.0,1.0,0.0,,no,-293.0,87.96501946015432,8.05136015112928,no
137733.0,58.0,blue-collar,married,secondary,no,no,call,20.0,aug,Night ,4.0,4.0,0.0,,no,1626.0,101.96532055111086,4.121581396539243,no
145752.0,39.0,management,married,tertiary,no,no,call,4.0,feb,Morning,1.0,1.0,0.0,,no,606.0,99.68051699561296,5.404777469603404,no
129434.0,52.0,management,married,tertiary,yes,no,call,9.0,jul,Afternoon,1.0,1.0,0.0,,no,0.0,89.51636284637864,3.937764591740501,no
118165.0,49.0,blue-collar,,secondary,yes,No,,12.0,may,Night,4.0,4.0,0.0,,no,783.0,96.09800004798308,5.750629147011708,no
138251.0,58.0,management,divorced,tertiary,no,no,call,22.0,aug,Night ,3.0,3.0,0.0,,no,0.0,94.53147556040695,3.540315837815941,no
127352.0,50.0,admin.,,,no,No,,19.0,jun,Evening,2.0,2.0,0.0,,no,4204.0,100.32056349466563,7.066538425874604,no
141548.0,57.0,unemployed,divorced,secondary,no,no,SMS,19.0,nov,morning,1.0,1.0,0.0,,no,2762.0,103.05018654751227,6.380208580363461,no
153829.0,47.0,admin.,married,secondary,,yes,call,14.0,may,Night ,4.0,4.0,0.0,,no,1863.0,99.48915677283678,5.7289356375903395,no
150585.0,,services,married,secondary,yes,no,call,5.0,may,Evening,2.0,2.0,0.0,,no,129.0,93.72743235171774,5.942042318120685,no
123099.0,41.0,services,married,secondary,yes,no,,29.0,may,Morning,3.0,3.0,0.0,,,1545.0,96.07749332992677,7.87570314460739,no
138502.0,37.0,housemaid,married,primary,yes,no,call,22.0,aug,Evening,1.0,1.0,0.0,,no,655.0,112.27758448912466,3.143751793272359,no
155047.0,35.0,admin.,single,secondary,yes,no,call,18.0,may,Evening,2.0,2.0,0.0,,no,184.0,110.67663310660218,5.067395058763458,no
129767.0,37.0,housemaid,married,primary,yes,no,call,10.0,jul,Evening,1.0,1.0,0.0,,no,166.0,110.86076984971653,4.835431069323273,no
117854.0,29.0,admin.,single,secondary,yes,no,,9.0,may,Morning,2.0,2.0,0.0,,no,3986.0,79.45117804579232,6.586245078054356,no
141822.0,37.0,technician,single,tertiary,no,no,call,19.0,nov,Morning,1.0,1.0,0.0,,no,3943.0,100.87951652638026,6.121271511601337,no
138786.0,49.0,admin.,married,secondary,no,yes,email,25.0,aug,morning,18.0,18.0,0.0,,no,272.0,103.73100055286241,3.220797694502501,no
137893.0,43.0,technician,married,secondary,no,no,call,20.0,aug,eve,2.0,2.0,0.0,,no,481.0,76.23874652660369,4.248217550026715,no
144436.0,35.0,technician,divorced,secondary,no,no,call,29.0,jan,Evening,2.0,2.0,8.0,other,yes,362.0,106.09347871023965,4.506581235097439,no
118130.0,38.0,blue-collar,single,secondary,yes,no,,12.0,may,Night,4.0,4.0,0.0,,no,-329.0,90.8300693298809,7.419031053776891,no
144397.0,43.0,management,divorced,tertiary,no,no,call,29.0,jan,Afternoon,2.0,2.0,0.0,,no,3578.0,109.00497561533422,4.421373162816344,no
157635.0,27.0,admin.,married,secondary,no,no,call,9.0,oct,Morning,3.0,3.0,1.0,success,no,3415.0,97.67576811647974,0.431352679659633,yes
158697.0,34.0,management,married,tertiary,no,no,call,29.0,jan,Morning,7.0,7.0,3.0,success,no,5878.0,102.39202360411767,5.987330382545734,no
144961.0,40.0,retired,married,primary,yes,no,call,2.0,feb,Night ,1.0,1.0,1.0,failure,no,407.0,110.55463499456323,2.6374424270618846,no
147598.0,47.0,unemployed,married,primary,yes,no,call,7.0,apr,Night,1.0,1.0,0.0,,no,2290.0,90.42314096390376,6.027278170781745,no
136049.0,30.0,technician,married,tertiary,yes,no,call,11.0,aug,Night ,2.0,2.0,0.0,,no,564.0,106.11641784548961,6.22175328835127,no
129796.0,44.0,technician,married,secondary,yes,no,call,10.0,jul,Afternoon,3.0,3.0,0.0,,no,2316.0,83.99407213226678,5.206874502316743,no
127045.0,61.0,entrepreneur,divorced,secondary,no,no,,18.0,jun,Afternoon,1.0,1.0,0.0,,no,369.0,119.84740803492875,6.129071573355164,no
160174.0,33.0,technician,divorced,secondary,no,no,,26.0,jul,morning,1.0,1.0,0.0,,no,948.0,92.03223974965027,2.7801394096703884,no
129188.0,29.0,management,single,tertiary,no,no,call,8.0,jul,Evening,2.0,2.0,0.0,,no,640.0,96.27770020770778,4.9950062264397985,no
151731.0,46.0,entrepreneur,married,secondary,yes,no,call,8.0,may,Night ,1.0,1.0,3.0,failure,no,245.0,81.57544278332722,4.338800766676053,no
143614.0,32.0,management,single,tertiary,no,No,,9.0,dec,Night,1.0,1.0,0.0,,no,2223.0,101.48412359307243,2.7534519772888757,no
121616.0,37.0,admin.,married,secondary,yes,no,,26.0,may,Night ,2.0,2.0,0.0,,no,-255.0,103.6916644563917,3.038030544382769,no
152247.0,38.0,services,married,secondary,yes,yes,call,11.0,may,Evening,2.0,2.0,2.0,failure,no,0.0,97.9068675995486,4.440123602966017,no
142002.0,32.0,blue-collar,married,secondary,yes,no,call,19.0,nov,Afternoon,3.0,3.0,0.0,,no,254.0,101.4806719697468,7.386453023139909,yes
128362.0,47.0,management,married,primary,no,yes,,1.0,jul,Afternoon,1.0,1.0,0.0,,yes,145.0,71.679811848993,4.7826853736621775,no
131600.0,32.0,admin.,single,secondary,yes,No,call,21.0,jul,Afternoon,3.0,3.0,0.0,,no,64.0,117.21671458383567,5.283572954798922,no
130928.0,26.0,blue-collar,single,secondary,no,no,call,17.0,jul,Afternoon,1.0,1.0,0.0,,no,4146.0,95.49751939548258,5.29377118804482,no
140672.0,35.0,management,married,tertiary,yes,no,call,18.0,nov,morning,1.0,1.0,0.0,,no,618.0,96.79837736698637,4.047096738059689,no
125210.0,39.0,services,single,secondary,no,no,,5.0,jun,Evening,1.0,1.0,0.0,,no,609.0,103.60776644905081,3.5491801391102693,no
143780.0,44.0,admin.,married,secondary,yes,no,call,28.0,jan,morning,1.0,1.0,4.0,failure,no,429.0,94.20125729998941,5.717999974998042,no
159889.0,27.0,student,single,secondary,no,no,email,25.0,jun,Evening,5.0,5.0,0.0,,no,833.0,86.58044913699477,4.30026340485521,no
122301.0,28.0,blue-collar,married,secondary,yes,no,,27.0,may,Evening,2.0,2.0,0.0,,no,781.0,98.93758088082384,2.559536236269377,no
150229.0,63.0,management,married,,no,no,email,4.0,may,Afternoon,7.0,7.0,0.0,,no,2352.0,87.87608724931134,4.412651146645147,yes
140611.0,56.0,self-employed,divorced,primary,no,yes,SMS,17.0,nov,Night,1.0,1.0,0.0,,no,97.0,95.38911981425792,5.2593854086017195,no
156284.0,37.0,management,married,tertiary,no,no,call,30.0,jun,eve,1.0,1.0,0.0,,no,1315.0,122.91767415864504,5.4549541437167095,yes
151925.0,41.0,self-employed,married,tertiary,yes,no,call,11.0,,Morning,1.0,1.0,4.0,other,no,355.0,97.28054807008785,6.37572965754206,no
157890.0,55.0,technician,married,secondary,yes,yes,call,27.0,oct,Evening,1.0,1.0,0.0,,no,0.0,78.62248312006042,6.436222215404318,no
137617.0,52.0,management,divorced,tertiary,no,no,call,19.0,aug,morning,1.0,1.0,0.0,,no,96.0,91.84402922432832,5.703275966194655,no
120862.0,36.0,management,single,tertiary,yes,no,,21.0,may,morning,2.0,2.0,0.0,,no,1869.0,108.22725093144734,5.577437416243768,no
135770.0,41.0,technician,married,tertiary,no,no,call,8.0,aug,Night ,2.0,2.0,0.0,,no,6961.0,91.84319895117744,7.439500785645016,no
145296.0,39.0,blue-collar,single,secondary,yes,yes,call,,feb,Afternoon,2.0,2.0,3.0,other,no,-480.0,,3.811057653641691,no
157270.0,35.0,management,married,tertiary,no,no,call,1.0,sep,Night,2.0,2.0,0.0,,no,4.0,102.18471591009386,5.093305288914264,no
139007.0,32.0,management,married,secondary,no,no,call,26.0,aug,Night ,3.0,3.0,0.0,,no,0.0,91.58154540123192,3.2226949155382605,no
117920.0,43.0,blue-collar,married,primary,yes,no,,9.0,may,eve,4.0,4.0,0.0,,no,757.0,102.99660203209382,2.944980414147497,no
151576.0,39.0,services,married,secondary,yes,no,call,8.0,may,Morning,1.0,1.0,0.0,,no,100.0,85.88287390733856,4.251221628767713,no
156485.0,49.0,technician,married,tertiary,no,yes,call,28.0,jul,Night ,5.0,5.0,1.0,failure,no,0.0,101.944642096465,6.282447388901835,no
144575.0,41.0,blue-collar,married,primary,yes,no,call,30.0,jan,Afternoon,1.0,1.0,0.0,,no,2007.0,87.25293150663771,,no
159925.0,45.0,technician,married,tertiary,yes,no,call,29.0,jun,Night ,4.0,4.0,0.0,,no,2699.0,101.90407590656326,4.8202184257,no
157935.0,51.0,self-employed,single,secondary,no,no,call,29.0,oct,Night,2.0,2.0,0.0,,no,0.0,106.63235357236773,1.709442946150023,yes
151072.0,32.0,management,single,tertiary,yes,no,call,7.0,may,Morning,1.0,1.0,1.0,other,no,41.0,88.62157597601181,5.315258827437771,no
160120.0,42.0,management,married,,no,no,call,19.0,jul,eve,1.0,1.0,0.0,,no,1519.0,100.69570553005917,3.7045111995244535,yes
139596.0,52.0,blue-collar,married,secondary,no,no,call,28.0,aug,Morning,26.0,26.0,0.0,,no,305.0,96.38408046958419,3.9208754836686497,no
123979.0,31.0,blue-collar,single,secondary,yes,no,,2.0,jun,Afternoon,1.0,1.0,0.0,,no,4415.0,113.19272366085958,5.361083238906258,no
128062.0,34.0,blue-collar,married,secondary,yes,no,,20.0,jun,morning,25.0,25.0,0.0,,no,2926.0,102.47256226317629,5.102715153349074,no
134691.0,29.0,management,married,tertiary,yes,no,call,31.0,jul,morning,17.0,17.0,0.0,,yes,53.0,84.09817625203311,6.090675009138177,no
136624.0,52.0,management,married,secondary,yes,no,call,13.0,aug,eve,2.0,2.0,0.0,,no,-892.0,92.58925246485421,4.367177291597424,no
149413.0,58.0,services,divorced,secondary,yes,No,call,20.0,apr,Evening,7.0,7.0,5.0,failure,no,739.0,90.52747052890695,5.27531341359023,no
139927.0,53.0,entrepreneur,married,secondary,no,no,call,29.0,aug,morning,3.0,3.0,0.0,,no,0.0,109.59680429106305,6.1795072803813955,no
158864.0,36.0,student,single,,no,no,call,10.0,feb,Morning,1.0,1.0,0.0,,no,417.0,98.11572757036681,6.582313522542848,yes
115987.0,36.0,management,married,tertiary,yes,yes,,5.0,may,eve,1.0,1.0,0.0,,no,101.0,98.83476726467293,2.5539245943583806,no
138099.0,43.0,technician,married,tertiary,no,no,call,21.0,aug,Night ,6.0,6.0,0.0,,no,226.0,107.34227610647842,2.211204368471562,no
139515.0,56.0,retired,married,secondary,no,no,call,28.0,aug,Night,14.0,14.0,0.0,,,1333.0,129.36116776109284,3.661148596619351,no
129877.0,30.0,services,single,secondary,no,yes,call,10.0,jul,eve,3.0,3.0,0.0,,no,211.0,112.59429701233357,4.976584221632146,no
129333.0,59.0,unemployed,married,tertiary,yes,No,call,9.0,jul,Afternoon,1.0,1.0,0.0,,no,6.0,91.16790381274994,4.503028046858662,no
146131.0,60.0,unemployed,divorced,secondary,no,no,email,5.0,feb,Evening,2.0,2.0,0.0,,no,4.0,87.90115483066648,3.634570228662965,no
145653.0,45.0,blue-collar,married,primary,yes,no,call,4.0,feb,Morning,1.0,1.0,0.0,,no,305.0,76.16130365461551,6.254112078312326,no
152695.0,37.0,services,married,secondary,yes,no,call,12.0,may,Night,2.0,2.0,2.0,failure,no,335.0,105.1876114908998,4.061707322012492,no
138222.0,53.0,management,married,tertiary,no,yes,call,22.0,aug,Morning,2.0,2.0,0.0,,no,32.0,85.15213168200188,5.492278822775434,no
125011.0,45.0,services,married,secondary,yes,no,,5.0,jun,Night,2.0,2.0,0.0,,no,6397.0,98.99652550743852,5.735932999540037,no
118871.0,45.0,technician,married,primary,yes,no,,14.0,may,Night,1.0,1.0,0.0,,no,718.0,90.77446125259112,2.0882652796811136,no
140686.0,36.0,management,single,tertiary,no,yes,call,18.0,nov,Morning,1.0,1.0,0.0,,no,13.0,106.15175975964796,4.403877723649629,no
127920.0,55.0,admin.,divorced,secondary,no,No,,20.0,jun,Afternoon,4.0,4.0,0.0,,no,166.0,110.48747792611603,5.212620439950405,no
133720.0,41.0,blue-collar,married,secondary,yes,yes,call,29.0,,Night,5.0,5.0,0.0,,no,2044.0,88.86589543113776,3.405994735076759,no
152962.0,31.0,services,divorced,secondary,yes,no,call,13.0,may,Night,3.0,3.0,0.0,,no,1301.0,111.11418794454204,5.055951741670482,no
122066.0,36.0,blue-collar,married,,yes,no,,27.0,may,Morning,3.0,3.0,0.0,,no,-417.0,94.58016150750858,2.7485320322297433,no
158838.0,29.0,management,single,,no,no,call,8.0,feb,morning,1.0,1.0,0.0,,no,698.0,111.87374126185655,5.684530963046854,no
158596.0,28.0,management,single,tertiary,no,no,SMS,18.0,jan,Afternoon,4.0,4.0,0.0,,no,3053.0,102.37048500549763,3.000785113924371,no
139172.0,45.0,blue-collar,married,primary,yes,yes,call,27.0,aug,Evening,4.0,4.0,0.0,,no,692.0,79.29783839745753,4.1825504668171565,no
128243.0,55.0,admin.,married,secondary,yes,no,,26.0,jun,morning,5.0,5.0,0.0,,no,6207.0,92.5920136553904,4.612982115124953,no
137482.0,36.0,management,married,tertiary,no,yes,call,19.0,aug,eve,2.0,2.0,0.0,,no,61.0,88.20424350687021,4.718956630105569,no
157445.0,63.0,retired,married,secondary,no,no,call,11.0,sep,Evening,1.0,1.0,1.0,failure,no,2747.0,97.60105791812715,6.999750762569519,no
119665.0,,services,divorced,secondary,yes,no,,16.0,may,Evening,1.0,1.0,0.0,,no,169.0,103.33597661924524,6.484316311800317,no
152017.0,36.0,management,single,tertiary,yes,no,call,11.0,may,morning,1.0,1.0,0.0,,no,3875.0,112.61522555728311,3.885317495942367,no
131294.0,52.0,unemployed,married,tertiary,no,yes,call,18.0,jul,Afternoon,1.0,1.0,0.0,,no,2133.0,99.03041069024134,4.940535425650559,no
118024.0,55.0,technician,married,secondary,yes,no,,12.0,may,Night,1.0,1.0,0.0,,no,276.0,115.08919344064176,5.583521191286839,no
128228.0,54.0,services,single,secondary,no,No,,26.0,jun,Afternoon,2.0,2.0,0.0,,no,8289.0,98.74644642181403,4.388424809193394,no
145214.0,83.0,retired,married,tertiary,no,no,call,2.0,feb,Night ,2.0,2.0,0.0,,no,6236.0,129.58010004007681,5.226719404859624,no
151929.0,44.0,admin.,divorced,secondary,yes,no,call,11.0,may,Morning,1.0,1.0,8.0,failure,no,738.0,100.39624141207699,4.902965957313366,no
154219.0,27.0,services,single,secondary,yes,no,call,15.0,may,Evening,1.0,1.0,1.0,failure,no,-74.0,90.81825160811815,4.880689881187089,no
142898.0,30.0,unemployed,divorced,tertiary,yes,No,call,21.0,nov,Morning,4.0,4.0,2.0,failure,no,1718.0,95.10935362842196,7.259862427523632,no
137467.0,42.0,self-employed,married,secondary,no,no,call,19.0,aug,Evening,6.0,6.0,0.0,,no,95.0,110.42622752068215,3.2963370337673803,no
127220.0,54.0,technician,married,secondary,yes,no,,18.0,jun,morning,4.0,4.0,0.0,,no,1455.0,98.33801478339446,7.223412783150311,no
157752.0,40.0,technician,married,secondary,no,no,call,16.0,oct,Night ,1.0,1.0,5.0,failure,no,2266.0,93.73866446126418,5.262047871538874,yes
125343.0,56.0,technician,married,secondary,yes,no,,6.0,jun,Night ,4.0,4.0,0.0,,no,359.0,93.91167807479178,5.914914985302828,no
125718.0,47.0,technician,single,secondary,no,no,,9.0,jun,Evening,2.0,2.0,0.0,,no,361.0,,4.000747352716246,no
116577.0,54.0,services,married,secondary,yes,no,,6.0,may,Night,2.0,2.0,0.0,,no,510.0,97.87529145356673,5.151731500739224,no
130652.0,28.0,management,single,tertiary,yes,no,call,16.0,jul,Morning,5.0,5.0,0.0,,no,0.0,94.65961637971276,5.632001089513285,yes
121504.0,31.0,blue-collar,married,,yes,no,,23.0,may,eve,4.0,4.0,0.0,,no,-357.0,103.35846171903852,4.516883356930446,no
127127.0,53.0,blue-collar,divorced,secondary,yes,no,,18.0,jun,Night ,2.0,2.0,0.0,,no,517.0,,4.018864662914418,no
142078.0,36.0,blue-collar,married,secondary,yes,no,call,20.0,nov,Evening,1.0,1.0,0.0,,no,2426.0,87.92746184021668,2.976551367833028,no
158004.0,32.0,student,married,secondary,yes,no,SMS,2.0,nov,Morning,5.0,5.0,3.0,other,no,833.0,112.0993662455614,1.6690250997838811,no
118584.0,59.0,blue-collar,married,,yes,no,,13.0,may,Afternoon,2.0,2.0,0.0,,no,-278.0,111.12552207621526,7.984240554706621,no
153588.0,49.0,entrepreneur,divorced,secondary,yes,no,call,14.0,may,Afternoon,7.0,7.0,0.0,,no,816.0,90.42662534656671,7.4193408512207775,no
143061.0,46.0,self-employed,married,primary,no,no,call,21.0,nov,Afternoon,2.0,2.0,0.0,,no,2747.0,74.82426975717999,3.0898317755608526,no
150542.0,46.0,management,married,tertiary,yes,no,call,5.0,may,Afternoon,9.0,9.0,2.0,other,no,1217.0,88.8017636706288,5.797795403333429,no
135457.0,47.0,management,married,tertiary,no,no,call,7.0,aug,morning,8.0,8.0,0.0,,no,4495.0,100.25348925063946,7.924986383738789,no
155328.0,21.0,student,single,primary,no,no,call,25.0,may,Afternoon,2.0,2.0,0.0,,no,1596.0,91.1743256265863,4.350646265887458,no
130188.0,25.0,technician,married,secondary,yes,no,call,14.0,jul,eve,3.0,3.0,0.0,,no,-559.0,97.21062224441803,4.851339509879429,no
135708.0,31.0,entrepreneur,married,tertiary,no,no,call,8.0,aug,Night,4.0,4.0,0.0,,no,1216.0,103.53201876399847,5.422161634669871,no
146694.0,40.0,blue-collar,married,primary,yes,no,call,6.0,feb,eve,3.0,3.0,1.0,failure,no,451.0,104.74994732330234,5.5242967328915284,no
157006.0,52.0,management,married,tertiary,no,no,call,17.0,aug,Night,2.0,2.0,0.0,,no,7.0,107.44229570687477,6.513991442671239,no
158732.0,56.0,services,married,secondary,no,no,call,3.0,feb,Afternoon,2.0,2.0,2.0,failure,no,1989.0,88.20575345663332,5.903693573235208,yes
158785.0,38.0,technician,married,secondary,no,no,call,4.0,feb,Night,1.0,1.0,5.0,failure,no,318.0,105.43438614960189,,yes
153304.0,32.0,self-employed,married,secondary,yes,yes,call,13.0,may,Afternoon,2.0,2.0,0.0,,no,8.0,95.16390530370398,3.09088108873263,no
120886.0,29.0,management,married,secondary,yes,yes,,21.0,may,Morning,1.0,1.0,0.0,,no,-559.0,113.6985446686701,4.121432090294729,no
156805.0,76.0,retired,divorced,primary,no,no,call,12.0,aug,morning,1.0,1.0,0.0,,no,86.0,117.53101555125053,4.452970858576705,no
123724.0,47.0,technician,married,secondary,yes,no,,30.0,may,Morning,4.0,4.0,0.0,,no,1387.0,104.98002242635044,2.0963809242647473,no
146887.0,27.0,management,single,,no,no,call,9.0,feb,Night,2.0,2.0,0.0,,no,3196.0,100.0547032611356,4.2037347500691045,no
122351.0,31.0,blue-collar,married,secondary,yes,no,,27.0,may,Evening,5.0,5.0,0.0,,no,175.0,101.94347839714793,5.948252329355652,no
140053.0,47.0,blue-collar,married,secondary,yes,no,email,12.0,nov,Night ,1.0,1.0,0.0,,no,1230.0,86.17477755449087,5.848577542737362,yes
147838.0,32.0,technician,married,secondary,yes,no,call,13.0,apr,morning,3.0,3.0,0.0,,no,1539.0,103.57340023682684,1.299921806601589,no
144671.0,51.0,technician,single,secondary,yes,no,call,30.0,jan,morning,1.0,1.0,3.0,other,no,527.0,96.6057101615921,5.86419424411595,no
132066.0,34.0,management,,tertiary,no,no,call,22.0,jul,Night,4.0,4.0,0.0,,no,184.0,100.54668492161925,5.006144701393087,no
120879.0,38.0,management,married,tertiary,yes,no,,21.0,may,morning,1.0,1.0,0.0,,no,216.0,83.80754903957927,6.152824303983081,no
122330.0,59.0,management,divorced,tertiary,no,yes,,27.0,may,Morning,2.0,2.0,0.0,,no,844.0,119.46204071869384,4.900087894160463,no
138415.0,32.0,management,married,tertiary,no,no,call,22.0,aug,Morning,4.0,4.0,0.0,,no,4.0,105.82030022086657,4.400176253537189,no
128117.0,39.0,technician,married,tertiary,no,no,,20.0,jun,Night ,13.0,13.0,0.0,,no,-218.0,98.30764731131276,7.165008940987743,no
122659.0,26.0,technician,single,secondary,yes,no,,28.0,may,Morning,1.0,1.0,0.0,,no,150.0,101.86921184711194,4.5089274765157485,no
160078.0,60.0,retired,divorced,tertiary,yes,no,call,15.0,jul,Night ,1.0,1.0,4.0,success,no,979.0,84.52710205189675,3.526123454508555,yes
116222.0,48.0,blue-collar,married,secondary,no,no,,5.0,may,Night,3.0,3.0,0.0,,no,1.0,93.3394051430678,7.074939917686055,no
122849.0,34.0,technician,married,secondary,yes,no,,28.0,may,Evening,2.0,2.0,0.0,,no,,107.37838809279481,5.335820764099717,no
151092.0,31.0,services,divorced,primary,yes,no,call,7.0,may,Afternoon,1.0,1.0,1.0,success,no,459.0,105.87170782495463,4.224592740091238,yes
155910.0,26.0,management,single,tertiary,no,No,call,3.0,jun,Afternoon,2.0,2.0,1.0,success,no,2786.0,99.46142418200401,3.483241855849739,yes
128375.0,33.0,admin.,married,tertiary,no,no,,1.0,jul,Night ,2.0,2.0,0.0,,no,205.0,82.35497985568178,3.6632026584542747,no
155690.0,60.0,management,married,tertiary,yes,yes,call,1.0,jun,Afternoon,1.0,1.0,1.0,failure,no,261.0,85.34291923668692,3.4654551858669262,no
133268.0,43.0,technician,,secondary,yes,No,email,28.0,jul,Evening,3.0,3.0,0.0,,no,1413.0,107.08713769498442,4.312951718935225,no
132790.0,51.0,blue-collar,married,primary,no,yes,call,25.0,jul,Evening,1.0,1.0,0.0,,no,1080.0,97.89925632196442,4.584449891661562,no
134571.0,47.0,management,divorced,tertiary,yes,no,call,31.0,jul,Night,19.0,19.0,0.0,,no,94.0,99.7087856704719,5.090220090158614,no
136713.0,59.0,retired,married,primary,no,no,call,13.0,aug,Afternoon,5.0,5.0,0.0,,no,249.0,97.56724113792045,3.0772286191078457,no
157554.0,36.0,unemployed,married,tertiary,no,no,call,1.0,oct,Evening,1.0,1.0,0.0,,no,39385.0,90.95775804579682,4.138664856244979,no
133319.0,30.0,services,married,secondary,no,yes,call,28.0,jul,eve,3.0,3.0,0.0,,no,208.0,101.55830513996553,4.359523435276255,no
125070.0,41.0,admin.,married,secondary,yes,no,,5.0,jun,Afternoon,1.0,1.0,0.0,,no,21515.0,85.10240190136645,6.950808127099242,no
132683.0,25.0,entrepreneur,married,tertiary,yes,no,call,24.0,jul,morning,2.0,2.0,0.0,,no,30.0,78.4386100187923,4.887725930051861,no
142640.0,43.0,blue-collar,married,primary,yes,no,call,20.0,nov,Night,2.0,2.0,0.0,,no,4581.0,86.95573205530324,4.089813844336095,no
132732.0,52.0,admin.,divorced,secondary,yes,no,call,24.0,jul,Morning,2.0,2.0,0.0,,no,121.0,100.30637975056554,6.181448479213426,no
160770.0,31.0,blue-collar,married,secondary,yes,no,call,23.0,sep,eve,1.0,1.0,0.0,,no,812.0,107.97575429290538,6.38408513965516,no
147332.0,31.0,blue-collar,married,primary,,no,call,30.0,mar,Night ,1.0,1.0,0.0,,no,620.0,98.08241069298491,6.719887008154447,no
133417.0,53.0,unemployed,married,primary,no,no,call,29.0,jul,Night,2.0,2.0,0.0,,no,845.0,95.79397555180823,7.206604296542917,no
135862.0,41.0,technician,single,secondary,no,No,call,8.0,aug,morning,6.0,6.0,0.0,,no,2300.0,89.72292663371972,3.4360915605616533,no
152440.0,32.0,services,married,secondary,yes,yes,call,12.0,may,Afternoon,1.0,1.0,0.0,,no,24.0,108.04384437975716,6.194025060917745,no
123023.0,41.0,blue-collar,married,secondary,yes,no,,,may,Night,1.0,1.0,0.0,,no,193.0,106.75069776010152,7.028601871260452,no
139219.0,31.0,blue-collar,single,secondary,no,no,call,27.0,aug,Night ,4.0,4.0,0.0,,no,183.0,87.72217461580604,3.65478625281421,no
126526.0,39.0,admin.,married,primary,no,no,,16.0,jun,morning,2.0,2.0,0.0,,no,237.0,81.14162912777861,5.5694913827260315,no
146106.0,36.0,technician,divorced,secondary,no,no,SMS,5.0,feb,morning,1.0,1.0,0.0,,no,3270.0,111.30986846637481,7.618372643486476,no
124589.0,26.0,blue-collar,single,secondary,yes,no,,3.0,jun,morning,19.0,19.0,0.0,,no,1802.0,97.11286868256668,3.825657702706816,no
128244.0,55.0,entrepreneur,married,tertiary,no,no,,26.0,jun,morning,4.0,4.0,0.0,,no,625.0,117.28362758285412,6.802580518912681,no
124261.0,55.0,services,married,secondary,yes,no,,3.0,jun,Night ,2.0,2.0,0.0,,no,1695.0,96.31645470480493,5.2518196388362615,no
134088.0,30.0,management,single,secondary,no,yes,call,30.0,jul,Morning,17.0,17.0,0.0,,no,-62.0,82.44920141944199,5.968351635881264,no
155129.0,35.0,management,single,tertiary,,no,call,18.0,may,Evening,2.0,2.0,0.0,,no,9336.0,82.03630687987669,5.2605731508431965,no
161018.0,54.0,technician,married,tertiary,no,no,call,27.0,oct,Night ,3.0,3.0,3.0,success,no,876.0,102.52527786789963,5.512826729463145,yes
131026.0,33.0,management,single,tertiary,yes,no,call,17.0,jul,Morning,1.0,1.0,0.0,,no,171.0,94.90788717063269,4.168874613616509,no
147131.0,29.0,technician,single,secondary,yes,no,call,3.0,mar,Morning,1.0,1.0,0.0,,no,316.0,93.41414607280475,5.746557184039159,yes
151374.0,42.0,blue-collar,divorced,primary,yes,no,call,7.0,may,Night,2.0,2.0,0.0,,yes,78.0,96.51104463089483,5.2944271422339115,no
157063.0,76.0,retired,married,tertiary,no,no,email,19.0,aug,morning,1.0,1.0,0.0,,,0.0,103.47075148154329,6.049806239564916,no
121892.0,27.0,self-employed,married,secondary,yes,no,,26.0,may,Afternoon,2.0,2.0,0.0,,no,-220.0,102.55114011065838,5.974116704198556,no
129041.0,33.0,admin.,single,secondary,no,no,call,8.0,jul,Evening,1.0,1.0,0.0,,no,1248.0,99.1540807725332,2.2483821035531806,no
138066.0,57.0,technician,single,secondary,no,No,call,21.0,aug,Morning,2.0,2.0,0.0,,no,104.0,109.06237006555445,6.541924572970387,no
125422.0,51.0,technician,married,secondary,no,no,,6.0,jun,eve,4.0,4.0,0.0,,no,176.0,97.30939989071507,1.7045949648778524,no
124798.0,33.0,blue-collar,married,secondary,yes,no,,4.0,jun,Afternoon,2.0,2.0,0.0,,no,312.0,105.23740051174605,6.099782422797883,no
154315.0,26.0,student,single,secondary,yes,no,call,15.0,may,Evening,8.0,8.0,1.0,other,no,2138.0,113.13541986672242,2.90727729087328,no
137561.0,34.0,technician,single,tertiary,no,no,call,19.0,aug,morning,4.0,4.0,0.0,,no,82.0,106.89380076294111,5.060195923070973,no
128858.0,33.0,entrepreneur,married,secondary,no,yes,call,7.0,jul,Afternoon,4.0,4.0,0.0,,no,0.0,96.19658771983792,1.6234632319797204,no
142578.0,31.0,services,single,secondary,yes,No,SMS,20.0,nov,Night ,2.0,2.0,0.0,,no,1987.0,102.89111115846265,4.203287490104687,no
120060.0,29.0,services,single,secondary,yes,No,,19.0,may,Morning,2.0,2.0,0.0,,no,146.0,107.81045772863328,5.943227642146284,no
134159.0,38.0,unemployed,married,primary,no,no,email,31.0,jul,Evening,11.0,11.0,0.0,,no,311.0,110.79961877850744,5.478165231268259,no
157874.0,81.0,retired,married,primary,no,no,call,27.0,oct,morning,1.0,1.0,0.0,,no,243.0,102.3977248159759,3.6089825241025424,yes
123590.0,39.0,technician,married,tertiary,yes,no,,,may,Morning,1.0,1.0,0.0,,no,123.0,104.32612453261385,2.7999756425682016,no
134177.0,37.0,blue-collar,married,secondary,no,no,call,31.0,jul,morning,5.0,5.0,0.0,,no,417.0,89.1927761856174,5.276881713400864,no
147823.0,40.0,blue-collar,married,secondary,yes,no,call,9.0,apr,morning,2.0,2.0,1.0,failure,no,1554.0,91.1464229391189,1.9111066224356454,no
140912.0,34.0,admin.,married,secondary,yes,no,call,18.0,nov,morning,1.0,1.0,0.0,,no,45.0,85.83495771096896,2.14650257748163,no
157206.0,36.0,technician,single,secondary,yes,no,call,27.0,aug,Afternoon,2.0,2.0,1.0,failure,no,539.0,100.46952264166872,3.7218024948841917,yes
140863.0,34.0,admin.,married,tertiary,no,no,call,18.0,nov,eve,1.0,1.0,0.0,,no,3520.0,100.40821517255388,6.509189330528617,no
146486.0,31.0,services,single,secondary,no,yes,call,6.0,feb,eve,2.0,2.0,0.0,,no,13.0,109.50517420371999,7.550437417744657,yes
116699.0,31.0,services,married,secondary,yes,no,,7.0,may,Morning,1.0,1.0,0.0,,no,414.0,99.16109582297061,5.680224871565016,no
118794.0,54.0,retired,married,secondary,yes,no,,14.0,may,morning,1.0,1.0,0.0,,no,918.0,100.62492427798404,7.067689174599869,no
122628.0,27.0,services,single,secondary,yes,no,,28.0,may,Night ,1.0,1.0,0.0,,no,3791.0,95.03566626065732,5.925909851879896,no
116459.0,46.0,unemployed,married,secondary,yes,no,,6.0,may,eve,1.0,1.0,0.0,,no,-125.0,92.77059604253016,5.455679131972535,no
154653.0,28.0,admin.,single,secondary,yes,no,call,18.0,may,Morning,6.0,6.0,0.0,,no,3029.0,102.56425274918323,6.599673117145816,no
126360.0,39.0,blue-collar,married,primary,yes,no,,16.0,jun,Evening,2.0,2.0,0.0,,no,275.0,108.63147107635875,4.843924477120128,no
151634.0,53.0,admin.,married,primary,yes,no,call,8.0,may,eve,1.0,1.0,3.0,failure,no,0.0,91.04395769217638,6.38478760102462,no
152521.0,24.0,blue-collar,married,secondary,yes,no,call,12.0,may,eve,1.0,1.0,0.0,,no,1470.0,93.47934061159775,3.2778839271376654,no
132124.0,57.0,technician,married,secondary,no,no,call,23.0,jul,eve,2.0,2.0,0.0,,no,1741.0,89.29286653934287,6.174284171533816,no
137872.0,50.0,admin.,married,secondary,yes,no,call,20.0,aug,Evening,4.0,4.0,0.0,,no,242.0,96.85058791434824,5.42562673799297,no
134823.0,60.0,blue-collar,married,primary,no,no,call,4.0,aug,morning,1.0,1.0,0.0,,no,1670.0,92.0715061605818,2.0148934314999973,no
135154.0,45.0,management,divorced,tertiary,no,no,call,6.0,aug,morning,2.0,2.0,0.0,,no,1.0,107.25453108028131,4.631565288734512,yes
122114.0,24.0,technician,single,tertiary,yes,yes,,27.0,may,Night ,1.0,1.0,0.0,,no,1954.0,121.01785683606003,3.9688310243221556,no
120546.0,35.0,blue-collar,,secondary,no,no,,20.0,may,Afternoon,6.0,6.0,0.0,,no,67.0,89.35587689004664,4.472046932423585,no
147151.0,25.0,unemployed,single,secondary,no,no,call,5.0,mar,Evening,1.0,1.0,0.0,,no,771.0,91.52990780932004,7.481679483783605,no
127687.0,52.0,management,married,tertiary,no,no,,20.0,jun,Night,1.0,1.0,0.0,,no,0.0,114.50926902865976,3.5283632539195744,no
153067.0,29.0,management,single,tertiary,yes,no,email,13.0,may,Morning,8.0,8.0,0.0,,no,172.0,84.23513279440911,4.309333936220689,no
142507.0,59.0,management,married,secondary,no,no,call,20.0,nov,Night ,2.0,2.0,0.0,,no,1083.0,85.8171542697455,3.4982855416209078,no
119163.0,46.0,services,married,secondary,no,no,,15.0,may,Night ,3.0,3.0,0.0,,no,523.0,90.23361286493497,3.048862972308551,no
132379.0,30.0,entrepreneur,divorced,secondary,yes,No,call,23.0,jul,Evening,4.0,4.0,0.0,,no,151.0,113.55586627856668,5.304688657952208,no
124435.0,43.0,entrepreneur,married,tertiary,no,no,,3.0,jun,eve,3.0,3.0,0.0,,no,2589.0,110.74399663811288,5.041446465395398,no
122740.0,33.0,blue-collar,single,secondary,yes,no,,28.0,may,Afternoon,4.0,4.0,0.0,,no,-366.0,105.08233351971731,7.131102722467678,no
151695.0,35.0,services,married,secondary,yes,yes,call,8.0,may,Night,1.0,1.0,4.0,failure,no,70.0,110.3192771296764,5.393124223275118,no
126240.0,40.0,admin.,married,secondary,no,no,,12.0,jun,Night,1.0,1.0,0.0,,no,2082.0,102.42127193157867,2.343651476506036,no
142549.0,39.0,management,divorced,tertiary,yes,no,call,20.0,nov,Afternoon,6.0,6.0,26.0,failure,no,155.0,97.26319123493684,2.83838219640412,no
142945.0,50.0,self-employed,divorced,tertiary,no,no,call,21.0,nov,Morning,2.0,2.0,0.0,,no,1390.0,108.23493695933898,4.67154391779459,no
135536.0,34.0,management,married,tertiary,no,no,call,7.0,aug,Afternoon,2.0,2.0,0.0,,no,834.0,100.49270459929215,6.774318778109926,no
158604.0,39.0,management,married,tertiary,,no,call,25.0,jan,Morning,2.0,2.0,2.0,failure,no,1802.0,106.23257242638176,4.74767496073,no
118891.0,41.0,blue-collar,married,primary,yes,no,,14.0,may,Night,1.0,1.0,0.0,,no,7735.0,99.19652559061926,5.138950189058521,no
117195.0,40.0,management,married,tertiary,no,no,,8.0,may,Evening,1.0,1.0,0.0,,,121.0,110.90930736074827,2.791729081769133,no
134094.0,48.0,self-employed,married,tertiary,no,no,call,30.0,jul,Morning,5.0,5.0,0.0,,no,0.0,100.88958537351994,5.488040181813091,no
133087.0,25.0,student,single,tertiary,no,no,call,28.0,jul,Night,4.0,4.0,0.0,,no,-380.0,116.55069870128716,4.59043054693045,no
136455.0,49.0,management,married,tertiary,no,no,call,12.0,aug,Evening,4.0,4.0,0.0,,no,579.0,110.11713004328092,5.307369465877949,no
134406.0,57.0,management,married,primary,no,yes,call,31.0,jul,morning,7.0,7.0,0.0,,no,80.0,104.9680110205411,4.082340426436053,no
138719.0,31.0,technician,single,secondary,no,no,call,25.0,aug,Afternoon,4.0,4.0,0.0,,no,105.0,97.46812259767869,6.55598340277647,no
125096.0,40.0,self-employed,married,tertiary,no,no,,5.0,jun,eve,1.0,1.0,0.0,,no,1750.0,99.96836261130922,4.099928265042097,no
132246.0,28.0,services,single,secondary,no,no,call,23.0,jul,eve,1.0,1.0,0.0,,no,525.0,84.79055851585368,4.236702541986778,no
117049.0,31.0,blue-collar,married,tertiary,yes,no,,8.0,may,eve,3.0,3.0,0.0,,no,2827.0,77.74096205454144,3.5948467760100375,no
127236.0,47.0,services,married,primary,no,yes,,18.0,jun,Night,3.0,3.0,0.0,,no,504.0,90.30686462641573,5.613542786990939,no
159002.0,29.0,self-employed,single,tertiary,no,no,call,23.0,feb,Night ,1.0,1.0,7.0,failure,no,805.0,120.34086635671682,4.832681879302045,yes
154546.0,39.0,management,single,tertiary,yes,no,email,15.0,may,Night ,10.0,10.0,5.0,failure,no,11971.0,112.12116812167743,4.800569377516073,no
121148.0,33.0,entrepreneur,married,primary,yes,no,,23.0,may,Evening,1.0,1.0,0.0,,no,237.0,92.86670311659813,4.66760540193895,no
136967.0,59.0,management,married,secondary,no,no,call,14.0,aug,Afternoon,2.0,2.0,0.0,,no,1021.0,100.31441033184001,3.323959210539718,no
119156.0,50.0,blue-collar,married,,yes,No,,15.0,may,eve,1.0,1.0,0.0,,no,605.0,96.94194462134335,4.568372022352364,no
141301.0,34.0,blue-collar,married,secondary,yes,yes,call,18.0,nov,Evening,1.0,1.0,2.0,failure,no,1412.0,96.9731735946749,6.254808565060041,no
156189.0,35.0,management,married,tertiary,no,no,call,15.0,jun,Night ,2.0,2.0,4.0,other,no,2461.0,109.44243356154395,3.7054585131853197,no
124562.0,29.0,admin.,single,,yes,no,,3.0,jun,Afternoon,2.0,2.0,0.0,,no,2083.0,101.40754453880919,6.325723808073157,no
149738.0,77.0,retired,married,secondary,no,no,email,28.0,,eve,4.0,4.0,0.0,,no,1208.0,105.10719371369058,2.361721550669475,no
152995.0,39.0,technician,single,secondary,yes,No,call,13.0,may,Night ,7.0,7.0,4.0,other,no,0.0,91.52724554739468,4.76898930320508,no
145615.0,58.0,admin.,married,secondary,no,no,SMS,4.0,feb,Morning,3.0,3.0,0.0,,no,1142.0,93.23718745301653,3.3771909259711608,no
124193.0,34.0,blue-collar,married,primary,yes,no,,2.0,jun,morning,2.0,2.0,0.0,,no,1090.0,96.57901566298057,5.4809766556143575,no
147433.0,45.0,management,married,primary,no,no,SMS,2.0,apr,Evening,2.0,2.0,0.0,,no,4629.0,108.57563437794764,4.022359302501338,no
121269.0,52.0,admin.,divorced,secondary,yes,yes,,23.0,may,Night,1.0,1.0,0.0,,no,-209.0,95.72927849229711,4.426752073765294,no
133452.0,47.0,housemaid,divorced,primary,no,no,call,29.0,jul,Night ,5.0,5.0,0.0,,no,61.0,99.68027284765645,7.30816299402335,no
157417.0,32.0,admin.,single,secondary,yes,no,call,9.0,sep,Morning,1.0,1.0,0.0,,no,555.0,99.04642524593152,5.269354240427947,yes
126421.0,51.0,services,married,primary,no,No,,16.0,jun,Night ,2.0,2.0,0.0,,no,294.0,112.77320390424406,5.575372590634869,no
133542.0,41.0,entrepreneur,married,secondary,no,no,call,29.0,jul,Morning,2.0,2.0,0.0,,no,547.0,92.80075758921613,3.1763529451408523,no
159707.0,55.0,services,divorced,secondary,no,No,call,27.0,may,Night ,3.0,3.0,2.0,other,no,379.0,99.6387874444892,4.336286875974046,no
133838.0,56.0,housemaid,single,secondary,no,yes,call,30.0,jul,Night ,3.0,3.0,0.0,,no,68.0,109.83156537839533,7.487558177985862,no
160264.0,65.0,retired,divorced,,no,no,call,2.0,aug,eve,2.0,2.0,0.0,,no,300.0,83.87943244236125,5.1425930647392155,no
118339.0,52.0,blue-collar,married,secondary,yes,,,13.0,may,Afternoon,1.0,1.0,0.0,,no,148.0,91.11849413971092,4.787199640315237,no
124397.0,31.0,admin.,single,secondary,yes,no,,3.0,jun,Morning,2.0,2.0,0.0,,no,527.0,110.43467474416002,3.3622200596286755,no
157408.0,81.0,retired,,primary,no,no,SMS,9.0,sep,morning,1.0,1.0,0.0,,no,519.0,115.0932270673298,2.536969706288466,no
154573.0,33.0,services,single,secondary,yes,no,call,15.0,may,Afternoon,2.0,2.0,0.0,,no,239.0,97.04635733503821,3.6666806118971826,no
140166.0,57.0,blue-collar,married,secondary,yes,no,call,17.0,nov,Evening,1.0,1.0,0.0,,no,1540.0,96.08894332105683,7.4159165066200226,yes
116819.0,55.0,blue-collar,married,secondary,yes,no,,7.0,may,Evening,2.0,2.0,0.0,,no,1268.0,118.74843387147644,5.196498179326266,no
127383.0,46.0,blue-collar,married,secondary,no,yes,,19.0,jun,eve,1.0,1.0,0.0,,no,1120.0,93.87099583406136,4.744584472086411,no
121459.0,38.0,admin.,married,secondary,no,no,,23.0,may,Afternoon,2.0,2.0,0.0,,no,1839.0,98.14104239587498,6.12170695103349,no
126654.0,56.0,blue-collar,married,primary,no,yes,,17.0,jun,Evening,13.0,13.0,0.0,,no,1046.0,97.89342016186816,3.942087512381586,no
135263.0,46.0,blue-collar,married,primary,no,yes,call,6.0,aug,eve,2.0,2.0,0.0,,no,248.0,102.93110833780567,4.807615981568697,no
135510.0,49.0,blue-collar,married,primary,yes,no,call,7.0,aug,Night ,3.0,3.0,0.0,,no,0.0,99.61762322373892,7.27237667304605,no
116538.0,37.0,technician,married,secondary,yes,yes,,6.0,may,Evening,2.0,2.0,0.0,,no,123.0,112.2552838400781,4.829376842368619,no
156860.0,36.0,technician,,tertiary,no,no,call,13.0,aug,Evening,1.0,1.0,0.0,,no,341.0,110.69441828248152,6.005718998588094,yes
131003.0,27.0,blue-collar,married,secondary,yes,no,call,17.0,jul,Night ,1.0,1.0,0.0,,no,1.0,91.12403217054683,4.8868400930626565,no
152733.0,43.0,blue-collar,married,primary,yes,yes,call,12.0,may,Morning,2.0,2.0,3.0,other,no,-98.0,116.25600799649405,5.512167916549098,no
153150.0,27.0,admin.,single,secondary,yes,no,call,13.0,may,Night ,2.0,2.0,0.0,,no,557.0,114.95933290658978,4.688472084992244,no
117511.0,35.0,technician,single,secondary,yes,No,,9.0,may,Night ,2.0,2.0,0.0,,no,317.0,105.29300351981361,3.925975660745292,no
124847.0,32.0,blue-collar,single,secondary,no,no,,4.0,jun,Afternoon,1.0,1.0,0.0,,no,,103.53022930163394,4.7022177553130415,no
123854.0,34.0,blue-collar,married,primary,yes,No,,2.0,jun,Afternoon,3.0,3.0,0.0,,no,147.0,106.52555558749603,6.911405431775185,no
150725.0,44.0,management,married,tertiary,yes,no,call,6.0,may,Morning,1.0,1.0,0.0,,no,1850.0,80.39291846201156,7.996030947926199,no
154510.0,49.0,blue-collar,married,secondary,yes,no,call,15.0,may,Night ,2.0,2.0,0.0,,no,,107.83101425456242,4.857337866507577,no
143592.0,44.0,management,married,tertiary,no,no,call,21.0,nov,Evening,9.0,9.0,0.0,,no,736.0,111.7812981030821,4.7836108664232535,no
126822.0,38.0,unemployed,divorced,secondary,no,no,,17.0,jun,Night,2.0,2.0,0.0,,no,258.0,95.09557460127006,6.8962810829437124,no
139351.0,58.0,retired,married,secondary,no,,call,28.0,aug,eve,8.0,8.0,0.0,,yes,-146.0,101.89648308116118,3.5046018864040764,no
121946.0,38.0,blue-collar,,primary,yes,no,,26.0,may,Afternoon,4.0,4.0,0.0,,no,2366.0,118.43737155082074,5.5694057482974655,no
127870.0,40.0,admin.,married,secondary,no,No,,20.0,jun,morning,2.0,2.0,0.0,,no,-283.0,87.58797956822248,2.8235140602247872,no
159910.0,67.0,retired,married,primary,no,no,call,28.0,jun,Afternoon,6.0,6.0,10.0,other,no,2391.0,101.99634317456677,4.836891800844855,yes
154518.0,47.0,blue-collar,married,primary,yes,no,email,15.0,may,Evening,3.0,3.0,0.0,,no,537.0,91.49920703059527,7.678997198749438,no
128634.0,42.0,unemployed,married,primary,,no,call,7.0,jul,eve,3.0,3.0,0.0,,no,11.0,83.15622759530501,2.8471901477921313,no
160558.0,25.0,technician,single,secondary,no,no,call,2.0,sep,eve,7.0,7.0,2.0,other,no,1298.0,99.44346431312316,3.738291408806441,no
127471.0,53.0,services,married,secondary,yes,no,,19.0,jun,morning,2.0,2.0,0.0,,no,76.0,92.5901504029823,3.9131810087331202,no
156542.0,37.0,unemployed,single,tertiary,no,no,call,5.0,aug,eve,1.0,1.0,2.0,success,no,1291.0,83.86572411366356,4.632170664123407,yes
160634.0,64.0,,married,,no,no,SMS,9.0,sep,morning,4.0,4.0,0.0,,no,2799.0,113.53829583782559,5.731689273359408,no
157631.0,29.0,admin.,single,secondary,no,no,call,8.0,oct,Evening,1.0,1.0,0.0,,no,3528.0,104.85724985592327,6.741882982261952,yes
131995.0,26.0,admin.,single,secondary,yes,No,call,22.0,jul,Evening,7.0,7.0,0.0,,no,321.0,102.53206101259667,4.828131879816805,no
141056.0,41.0,self-employed,married,tertiary,yes,no,call,18.0,nov,Evening,1.0,1.0,0.0,,no,6000.0,105.02684479433339,3.714451510743737,no
126666.0,45.0,housemaid,married,secondary,yes,no,,17.0,jun,Night ,4.0,4.0,0.0,,no,698.0,105.86784578602456,4.86591514674309,no
154907.0,30.0,technician,single,tertiary,yes,no,call,18.0,may,Night ,1.0,1.0,0.0,,no,1922.0,74.05630952180272,6.73472931226096,no
140509.0,49.0,admin.,married,secondary,no,no,email,17.0,nov,Night ,3.0,3.0,0.0,,no,1058.0,98.00060321247106,2.6022569604321353,no
133100.0,38.0,technician,divorced,tertiary,no,yes,call,,jul,Morning,3.0,3.0,0.0,,no,465.0,109.93738658569796,6.972705612644959,no
127730.0,29.0,blue-collar,single,secondary,yes,no,,20.0,jun,Morning,1.0,1.0,0.0,,no,908.0,111.31254320300013,5.534751774737977,yes
133101.0,37.0,management,single,,no,yes,call,28.0,jul,eve,3.0,3.0,0.0,,no,242.0,100.00938791909572,4.347814625085887,no
138434.0,57.0,technician,married,secondary,no,no,call,22.0,aug,morning,6.0,6.0,0.0,,no,0.0,93.18909332922304,6.6733267157017755,no
156624.0,71.0,retired,married,primary,no,no,call,7.0,aug,Morning,1.0,1.0,0.0,,no,2600.0,101.89524211282665,3.549539486159132,yes
133480.0,51.0,blue-collar,divorced,primary,no,no,call,29.0,jul,morning,2.0,2.0,0.0,,no,5.0,111.60653067458362,3.7371214476322345,yes
135479.0,46.0,housemaid,married,primary,no,no,call,7.0,aug,Night ,2.0,2.0,0.0,,no,1175.0,113.86052193068342,3.0016243592330385,no
124591.0,31.0,technician,single,tertiary,yes,No,,3.0,jun,Night,16.0,16.0,0.0,,no,321.0,93.97752043574081,4.381375676761289,no
137185.0,55.0,services,single,secondary,no,No,call,,aug,Afternoon,4.0,4.0,0.0,,no,987.0,89.18980134742782,6.879011207231424,no
117274.0,28.0,management,single,tertiary,yes,no,,8.0,may,Afternoon,1.0,1.0,0.0,,no,150.0,110.25398375493612,1.582754978456538,no
143536.0,48.0,management,married,tertiary,no,no,SMS,21.0,nov,morning,5.0,5.0,0.0,,no,7825.0,86.8192996720441,7.344457135569136,no
149591.0,95.0,retired,divorced,primary,no,no,SMS,21.0,apr,Morning,17.0,17.0,0.0,,no,2282.0,,5.14395104109615,yes
137504.0,33.0,management,single,tertiary,no,no,call,19.0,aug,morning,20.0,20.0,0.0,,no,3655.0,104.79881043384671,6.006797745109477,no
119311.0,42.0,management,married,tertiary,yes,yes,,15.0,may,Morning,5.0,5.0,0.0,,no,1323.0,109.61524570559368,3.992490766778546,no
126488.0,30.0,technician,single,secondary,yes,no,,16.0,jun,Night ,8.0,8.0,0.0,,no,363.0,88.58553884785783,2.5164569237652703,no
130066.0,33.0,housemaid,married,primary,yes,,call,11.0,jul,Afternoon,2.0,2.0,0.0,,no,212.0,94.10478691811602,5.02153646429142,no
123631.0,29.0,self-employed,single,tertiary,yes,no,,30.0,may,morning,2.0,2.0,0.0,,no,121.0,104.03533380384388,4.179515496729758,yes
152335.0,39.0,management,married,tertiary,yes,no,call,11.0,may,Evening,7.0,7.0,2.0,other,no,763.0,104.56337337166629,3.4811867565698607,yes
159823.0,76.0,self-employed,married,,no,no,SMS,15.0,jun,Morning,3.0,3.0,2.0,success,no,4984.0,105.78753049243778,6.915564535274136,no
137020.0,46.0,blue-collar,married,secondary,no,no,call,14.0,aug,eve,4.0,4.0,0.0,,no,0.0,78.46203197387297,3.5394955759087674,no
135956.0,34.0,management,married,tertiary,no,no,call,8.0,aug,Afternoon,3.0,3.0,0.0,,no,1433.0,92.22298644857696,4.403519381485729,no
155991.0,58.0,,,primary,no,no,SMS,4.0,jun,Afternoon,2.0,2.0,0.0,,no,7369.0,105.77349010044071,4.595795747852845,no
154982.0,27.0,blue-collar,,primary,yes,no,call,18.0,may,Night,4.0,4.0,2.0,success,no,409.0,85.49252712067101,5.466858318020751,no
121012.0,28.0,services,single,secondary,yes,yes,,21.0,may,Morning,2.0,2.0,0.0,,no,-427.0,102.21937914209177,5.55939820994148,no
132328.0,26.0,technician,single,secondary,no,no,call,23.0,jul,Night ,7.0,7.0,0.0,,no,33.0,102.32178277331985,6.091817570892061,no
144477.0,30.0,services,single,secondary,no,no,call,29.0,jan,morning,2.0,2.0,0.0,,no,3405.0,94.99721500156399,3.2923153940683747,no
138273.0,30.0,management,single,tertiary,no,no,call,22.0,aug,Evening,2.0,2.0,0.0,,no,347.0,126.71458366317619,4.373674681867353,no
131081.0,42.0,unemployed,divorced,primary,no,yes,call,17.0,jul,Evening,2.0,2.0,0.0,,no,1699.0,85.95769390066756,3.633669338721125,no
148058.0,47.0,housemaid,married,tertiary,no,no,call,15.0,apr,morning,1.0,1.0,0.0,,no,2290.0,97.01411851551279,3.244607959765938,no
123558.0,40.0,services,married,primary,yes,no,,,may,Night ,2.0,2.0,0.0,,no,1082.0,120.16429904752654,5.778682584732284,yes
138289.0,57.0,technician,married,secondary,no,no,call,22.0,aug,Afternoon,2.0,2.0,0.0,,no,20.0,105.29335777069478,5.704408394811885,no
150482.0,43.0,management,divorced,tertiary,yes,no,call,5.0,may,eve,1.0,1.0,0.0,,no,1133.0,105.70802498236779,7.154753410806883,no
123616.0,60.0,admin.,married,secondary,yes,yes,,30.0,may,Evening,2.0,2.0,0.0,,no,4120.0,108.19196765395533,4.669370874704606,no
117405.0,37.0,services,married,secondary,yes,yes,,8.0,may,Night,1.0,1.0,0.0,,no,22.0,110.17792042841036,4.056939714743875,no
151322.0,43.0,blue-collar,divorced,secondary,yes,yes,call,7.0,may,eve,3.0,3.0,4.0,other,no,-91.0,102.06878232644685,5.149078351573747,no
137957.0,51.0,housemaid,married,primary,no,No,call,20.0,aug,morning,11.0,11.0,0.0,,no,3486.0,100.98750572007432,5.301533837106547,no
150795.0,42.0,management,married,primary,yes,yes,call,6.0,may,morning,1.0,1.0,2.0,failure,no,-679.0,86.91477441507558,3.094025716814691,no
125219.0,41.0,blue-collar,single,secondary,no,no,,6.0,jun,Night,1.0,1.0,0.0,,no,656.0,95.98379299661178,3.8721945455389086,no
132947.0,51.0,management,married,tertiary,yes,no,call,25.0,jul,Evening,2.0,2.0,0.0,,no,656.0,89.53511957124826,2.2501847785169273,no
144215.0,35.0,blue-collar,married,secondary,yes,no,call,29.0,jan,Night,1.0,1.0,0.0,,no,645.0,86.12885437080422,3.9804753733503437,no
133234.0,39.0,blue-collar,married,primary,yes,no,SMS,28.0,jul,Evening,5.0,5.0,0.0,,no,1373.0,103.72466898679714,5.603472583747606,no
123059.0,53.0,blue-collar,married,primary,yes,no,,29.0,may,eve,1.0,1.0,0.0,,no,436.0,102.047122759085,5.594459632544884,no
149688.0,49.0,management,single,tertiary,no,No,call,23.0,apr,Night ,1.0,1.0,0.0,,no,493.0,118.82172762273555,4.7025802987361685,no
120417.0,52.0,blue-collar,,primary,yes,yes,,20.0,may,eve,1.0,1.0,0.0,,no,0.0,92.80671625054232,3.856371486141234,no
123837.0,54.0,blue-collar,married,secondary,yes,no,,30.0,may,eve,4.0,4.0,0.0,,no,3782.0,108.18661794374677,5.0654210464698215,no
127013.0,55.0,blue-collar,,primary,no,no,,18.0,jun,Morning,3.0,3.0,0.0,,no,1101.0,106.71079195880263,5.3723273113055106,no
119520.0,35.0,technician,single,tertiary,yes,no,,15.0,may,morning,6.0,6.0,0.0,,no,1455.0,100.22122980855649,5.065065861311485,no
155842.0,56.0,retired,married,secondary,no,no,call,2.0,jun,Afternoon,3.0,3.0,0.0,,no,0.0,100.11202527061832,7.823664786926084,no
142884.0,42.0,services,married,,no,yes,call,21.0,nov,Night,1.0,1.0,0.0,,no,-1085.0,98.32180181175761,6.996420235035181,no
150249.0,30.0,unemployed,married,secondary,no,No,call,4.0,may,Afternoon,4.0,4.0,0.0,,no,476.0,92.28450812559643,6.148085030799355,no
133791.0,46.0,self-employed,divorced,tertiary,no,no,call,30.0,jul,Morning,2.0,2.0,0.0,,no,21.0,94.5457576384989,1.6786714359214803,yes
150889.0,29.0,services,single,secondary,yes,No,call,6.0,may,Night,1.0,1.0,3.0,other,no,79.0,82.76297147530941,5.144423199177845,no
156907.0,30.0,admin.,single,tertiary,no,no,call,13.0,aug,Night,1.0,1.0,3.0,success,,305.0,106.14894592955571,4.182023830255024,no
131465.0,35.0,blue-collar,married,primary,no,no,call,21.0,jul,eve,3.0,3.0,0.0,,no,0.0,105.67926401413257,3.4899329839993998,no
126482.0,39.0,blue-collar,married,secondary,no,no,,16.0,jun,eve,1.0,1.0,0.0,,no,0.0,98.14623514733346,4.368919244399045,no
160199.0,61.0,retired,married,secondary,no,no,call,27.0,jul,Night,2.0,2.0,3.0,success,no,1058.0,89.2719738132576,6.431169436322356,yes
124810.0,49.0,blue-collar,married,secondary,no,No,,4.0,jun,Morning,1.0,1.0,0.0,,no,203.0,91.51110225939209,6.418844421471761,no
158951.0,52.0,technician,married,secondary,yes,no,call,18.0,feb,eve,1.0,1.0,5.0,failure,no,195.0,95.26345382625394,3.021456269198918,yes
116897.0,30.0,services,single,secondary,yes,no,,7.0,may,morning,2.0,2.0,0.0,,no,342.0,104.11867916897852,3.991116512142471,no
116567.0,38.0,management,married,tertiary,yes,no,,6.0,may,Night,1.0,1.0,0.0,,no,389.0,95.84619674391756,3.9882652242420713,no
130990.0,53.0,management,married,tertiary,no,yes,call,17.0,jul,Evening,3.0,3.0,0.0,,no,1348.0,82.40742361306462,5.6504167135318415,no
133763.0,51.0,technician,divorced,,yes,no,call,30.0,jul,Night ,6.0,6.0,0.0,,no,3560.0,93.82280230818346,7.081392330890304,no
131601.0,47.0,services,married,secondary,no,yes,call,21.0,jul,morning,15.0,15.0,0.0,,no,2.0,93.54336727241011,6.493787739628971,no
126995.0,45.0,blue-collar,married,secondary,no,no,,18.0,jun,morning,1.0,1.0,0.0,,no,103.0,98.69524162067587,6.4174623199804675,no
124018.0,,blue-collar,married,secondary,no,,,2.0,jun,Afternoon,1.0,1.0,0.0,,no,-21.0,120.1029045267419,4.875710992153892,no
120747.0,32.0,technician,married,,yes,no,,21.0,may,Night,11.0,11.0,0.0,,no,102.0,100.85734636166238,6.083394218316769,no
119991.0,52.0,technician,married,secondary,yes,no,,19.0,may,morning,2.0,2.0,0.0,,no,1781.0,91.80517465110215,2.047354024929729,no
139492.0,51.0,services,married,,no,no,call,28.0,aug,Evening,14.0,14.0,0.0,,no,7175.0,104.581288412763,2.7610377029469864,no
138027.0,36.0,technician,married,secondary,no,no,call,21.0,aug,Afternoon,8.0,8.0,0.0,,no,1130.0,88.24140779024651,4.112800673994421,no
145761.0,30.0,blue-collar,single,secondary,yes,no,call,4.0,feb,Afternoon,1.0,1.0,0.0,,no,5.0,106.34728886344783,3.0134298775237007,no
127302.0,43.0,self-employed,single,tertiary,no,no,,19.0,jun,eve,1.0,1.0,0.0,,no,0.0,92.30463716106868,5.223039599190055,no
116705.0,29.0,technician,single,tertiary,yes,no,,7.0,may,Afternoon,2.0,2.0,0.0,,no,0.0,93.48443322775532,4.822433820563259,no
137698.0,42.0,technician,married,secondary,no,no,call,20.0,aug,Night,2.0,2.0,0.0,,no,439.0,105.97848433564909,6.426389833362352,no
157645.0,83.0,retired,married,,no,no,call,12.0,oct,Afternoon,1.0,1.0,0.0,,no,4216.0,96.58276065688572,6.307788559499051,no
160629.0,46.0,student,single,,no,no,call,8.0,sep,Night,3.0,3.0,1.0,success,no,1527.0,99.9299903574373,6.229429814219752,yes
139114.0,42.0,management,single,tertiary,no,no,call,27.0,aug,Morning,13.0,13.0,0.0,,no,1.0,92.5799117437507,4.456345387036323,no
131516.0,31.0,management,single,tertiary,yes,no,call,21.0,jul,Night,1.0,1.0,0.0,,no,5691.0,89.80437547113537,5.605511194501357,no
144216.0,34.0,admin.,single,secondary,yes,No,call,29.0,jan,Night,1.0,1.0,2.0,failure,no,391.0,109.71596251613165,4.167221044394071,no
147888.0,26.0,management,single,tertiary,,no,call,13.0,,Night,2.0,2.0,0.0,,no,-3.0,95.96195149496909,3.192563650342327,yes
122389.0,26.0,technician,single,secondary,yes,no,,27.0,may,eve,2.0,2.0,0.0,,no,261.0,103.83225928180978,5.910220023223329,no
148137.0,33.0,blue-collar,married,primary,yes,yes,call,16.0,apr,Morning,1.0,1.0,1.0,failure,no,359.0,98.94319039223524,2.330950532418706,no
129167.0,32.0,housemaid,married,primary,no,no,SMS,8.0,jul,Afternoon,3.0,3.0,0.0,,no,0.0,88.84274903550217,2.640313442762057,no
141415.0,32.0,services,single,secondary,yes,No,call,19.0,nov,Night ,1.0,1.0,0.0,,no,545.0,91.60074813503257,5.216230753475115,no
128564.0,30.0,admin.,married,secondary,no,yes,call,4.0,jul,Evening,2.0,2.0,0.0,,no,215.0,99.50014237030665,4.163438441729053,no
157865.0,44.0,management,divorced,tertiary,no,no,call,26.0,oct,Morning,2.0,2.0,3.0,failure,no,36.0,112.71364316734784,3.4351416892034683,no
136317.0,33.0,management,divorced,tertiary,no,no,call,12.0,aug,eve,2.0,2.0,0.0,,no,-336.0,96.78207287171713,4.938840776089446,no
126941.0,36.0,services,single,secondary,yes,yes,,17.0,jun,morning,2.0,2.0,0.0,,no,398.0,93.00577693401699,5.816336511947789,no
160281.0,62.0,retired,married,secondary,no,no,call,3.0,aug,Morning,2.0,2.0,6.0,success,no,569.0,85.63893232379597,6.026125888545498,yes
131957.0,41.0,admin.,married,secondary,yes,no,call,22.0,jul,eve,12.0,12.0,0.0,,no,2993.0,92.29763664673337,5.3313385654066385,no
136051.0,60.0,management,married,tertiary,no,yes,call,11.0,aug,eve,8.0,8.0,0.0,,no,371.0,86.55751363358932,3.0894104796807027,no
136412.0,43.0,management,married,tertiary,no,no,call,12.0,aug,Afternoon,2.0,2.0,0.0,,no,-526.0,122.63404522845461,5.746907294404364,no
160494.0,45.0,services,single,secondary,no,no,,27.0,aug,morning,1.0,1.0,0.0,,no,955.0,105.18712900777709,5.102916746618846,no
151990.0,29.0,technician,divorced,secondary,yes,yes,call,11.0,may,Morning,1.0,1.0,1.0,failure,no,477.0,93.37234148328386,6.023569013217596,no
126097.0,44.0,management,single,tertiary,yes,no,,11.0,jun,morning,2.0,2.0,0.0,,no,825.0,104.30681372223532,3.947612671637228,no
147381.0,58.0,management,divorced,tertiary,yes,no,call,1.0,apr,Morning,2.0,2.0,2.0,failure,no,315.0,101.63496073264879,5.145462707853376,no
158566.0,59.0,services,single,secondary,no,no,call,14.0,jan,Evening,1.0,1.0,0.0,,no,739.0,,7.000446257267507,yes
153367.0,31.0,unemployed,married,tertiary,yes,no,call,13.0,may,morning,3.0,3.0,0.0,,no,232.0,104.06999181718697,6.646786526222982,no
137260.0,46.0,management,divorced,tertiary,no,No,call,18.0,,eve,13.0,13.0,0.0,,no,302.0,101.3710343829701,5.839349535193146,no
142550.0,39.0,entrepreneur,divorced,tertiary,yes,yes,call,20.0,nov,Afternoon,1.0,1.0,0.0,,no,966.0,94.40830447444687,4.2387826327671,no
123730.0,44.0,technician,divorced,secondary,yes,No,,30.0,may,Afternoon,3.0,3.0,0.0,,no,752.0,91.39426791631608,6.061735180062805,no
150579.0,43.0,technician,divorced,secondary,yes,no,call,5.0,may,Night,2.0,2.0,4.0,failure,no,305.0,75.71479317289018,4.594926459014404,no
116206.0,33.0,admin.,single,tertiary,no,no,,5.0,may,Afternoon,2.0,2.0,0.0,,no,193.0,89.42162889665589,3.6291382105323065,no
119141.0,47.0,management,married,primary,yes,yes,,15.0,may,eve,1.0,1.0,0.0,,no,52.0,99.27842584031858,8.727352373009172,no
141712.0,45.0,management,married,tertiary,no,no,call,19.0,nov,Afternoon,3.0,3.0,0.0,,no,4395.0,105.08512914655722,3.8659000223555804,no
121923.0,42.0,admin.,divorced,secondary,yes,yes,,26.0,may,Night ,6.0,6.0,0.0,,no,-551.0,122.80590319255208,4.1750941242143425,no
153299.0,,blue-collar,married,primary,yes,no,call,13.0,may,Afternoon,2.0,2.0,2.0,failure,no,410.0,90.48686228055195,4.197156935667737,no
127062.0,40.0,technician,married,tertiary,no,no,,18.0,jun,Morning,1.0,1.0,0.0,,no,397.0,99.25353605484564,6.710770122052348,no
150842.0,53.0,management,divorced,secondary,yes,no,call,6.0,may,morning,2.0,2.0,1.0,failure,no,28.0,95.8822871863811,7.787526091153215,no
159814.0,62.0,retired,married,primary,no,no,call,14.0,jun,Evening,2.0,2.0,6.0,other,no,1742.0,118.16772618012958,6.366437692021633,yes
116594.0,33.0,admin.,married,secondary,no,No,,6.0,may,eve,3.0,3.0,0.0,,no,21.0,90.34819010074855,7.692103302369813,no
157646.0,83.0,retired,married,tertiary,no,no,call,12.0,oct,eve,1.0,1.0,3.0,failure,no,6236.0,108.68059120441552,5.241412736709917,no
131745.0,57.0,retired,married,primary,no,yes,call,21.0,jul,Evening,4.0,4.0,0.0,,no,177.0,105.80185073285307,5.831154956405347,no
127830.0,35.0,unemployed,divorced,primary,no,No,,20.0,jun,Afternoon,4.0,4.0,0.0,,no,118.0,98.18422537413014,4.23644809489099,no
159872.0,31.0,technician,married,tertiary,yes,no,call,24.0,jun,Afternoon,2.0,2.0,2.0,success,no,3338.0,109.78399068737022,7.182795067873979,no
142927.0,44.0,technician,single,secondary,yes,no,call,21.0,nov,Afternoon,1.0,1.0,0.0,,no,3959.0,110.39158851690786,3.04514277948275,no
137716.0,45.0,management,divorced,tertiary,yes,no,call,20.0,aug,Evening,4.0,4.0,0.0,,no,839.0,96.58739916727544,4.045721035835134,no
136521.0,46.0,management,single,tertiary,no,no,call,12.0,aug,Morning,5.0,5.0,0.0,,no,2278.0,112.10155215761476,4.6238298213422,no
151296.0,38.0,technician,married,secondary,yes,yes,call,7.0,may,Evening,2.0,2.0,5.0,other,no,0.0,109.3219611574542,-0.5806789995391481,no
143646.0,55.0,retired,married,secondary,no,yes,call,28.0,jan,Evening,1.0,1.0,0.0,,no,1431.0,105.54235777876217,5.039416203297796,no
118843.0,57.0,retired,married,tertiary,yes,yes,,14.0,may,Morning,2.0,2.0,0.0,,no,1180.0,107.059365151214,6.069642939575138,no
130249.0,32.0,blue-collar,married,secondary,yes,yes,call,14.0,jul,Afternoon,3.0,3.0,0.0,,no,2353.0,102.88922799492502,6.647793456628885,no
155243.0,35.0,services,single,secondary,yes,no,call,18.0,may,morning,3.0,3.0,3.0,failure,no,719.0,97.00183471232693,7.372996496985199,yes
157164.0,36.0,self-employed,married,tertiary,no,no,call,25.0,aug,Afternoon,1.0,1.0,1.0,failure,no,506.0,86.95404555974918,3.027540803530191,no
130978.0,26.0,self-employed,single,tertiary,yes,no,call,17.0,jul,Night,1.0,1.0,0.0,,no,82.0,93.72141485904802,2.5115834888639053,no
137996.0,31.0,technician,single,tertiary,no,no,call,21.0,aug,Evening,2.0,2.0,0.0,,yes,24.0,98.89513825378071,,no
145883.0,28.0,services,divorced,secondary,yes,no,call,4.0,feb,Night ,1.0,1.0,0.0,,no,9.0,108.70729754201595,2.945011318643449,no
153078.0,52.0,blue-collar,married,secondary,no,yes,call,13.0,may,Evening,1.0,1.0,3.0,success,no,33.0,102.86677709919745,5.4527749423684755,no
129821.0,47.0,admin.,married,secondary,no,yes,call,10.0,jul,Afternoon,17.0,17.0,0.0,,no,3386.0,103.5473575695797,4.646713933421668,no
144897.0,47.0,admin.,divorced,secondary,yes,no,call,2.0,feb,Morning,1.0,1.0,4.0,failure,no,207.0,104.76099396035315,4.551829868123022,no
148243.0,43.0,technician,married,secondary,yes,no,call,16.0,apr,morning,1.0,1.0,0.0,,no,-932.0,123.08263657100824,3.4595454652141826,no
144176.0,32.0,blue-collar,married,primary,no,no,call,29.0,jan,Night ,1.0,1.0,0.0,,no,634.0,79.26912442445065,4.746155311871637,yes
143547.0,32.0,technician,single,tertiary,yes,no,call,21.0,nov,Night,5.0,5.0,0.0,,no,665.0,95.05409049442753,5.123571675138535,no
120786.0,32.0,technician,single,secondary,yes,No,,21.0,may,Night ,1.0,1.0,0.0,,no,930.0,106.42026440108016,8.073635201193245,no
133664.0,34.0,blue-collar,single,primary,yes,no,call,29.0,jul,eve,2.0,2.0,0.0,,no,326.0,109.41793005995416,4.030332143648645,no
153456.0,46.0,blue-collar,married,secondary,yes,no,call,14.0,may,Night ,7.0,7.0,7.0,other,no,2836.0,92.37315038142971,8.207019777548947,no
154959.0,26.0,blue-collar,married,secondary,yes,no,call,18.0,may,Night ,2.0,2.0,0.0,,no,697.0,108.80392358285809,4.490721926807704,no
139931.0,30.0,self-employed,married,tertiary,no,no,,17.0,oct,Evening,1.0,1.0,0.0,,no,1785.0,92.96365545291624,5.471783221087819,yes
138582.0,37.0,management,married,tertiary,no,no,call,25.0,aug,Night,4.0,4.0,0.0,,no,566.0,112.29805751096534,3.844330203940461,no
154032.0,45.0,blue-collar,single,secondary,yes,no,call,15.0,may,Evening,1.0,1.0,0.0,,no,615.0,97.81145662711053,6.265249613383355,no
153768.0,35.0,blue-collar,divorced,secondary,yes,no,call,14.0,may,Night ,1.0,1.0,2.0,failure,no,336.0,105.96637911334696,4.925995900214841,yes
143550.0,42.0,management,married,tertiary,yes,yes,call,21.0,nov,morning,5.0,5.0,0.0,,no,1275.0,120.95942162642362,4.375421055117327,yes
122674.0,29.0,blue-collar,single,primary,yes,no,,28.0,may,Night ,1.0,1.0,0.0,,no,231.0,93.76347698788408,5.097962798711155,no
122046.0,31.0,technician,married,secondary,yes,no,,27.0,may,Afternoon,1.0,1.0,0.0,,no,169.0,114.65743059590702,6.155689688723255,no
140358.0,44.0,services,married,secondary,yes,no,call,17.0,nov,Evening,1.0,1.0,0.0,,no,163.0,97.81642292657035,6.446233661711251,no
137498.0,41.0,technician,married,secondary,no,no,call,19.0,aug,Night ,2.0,2.0,0.0,,no,712.0,113.26228354781166,5.365155173431866,no
116621.0,51.0,blue-collar,divorced,primary,yes,No,,6.0,may,eve,2.0,2.0,0.0,,no,325.0,94.1024358565128,5.260546598586454,no
128215.0,30.0,technician,married,tertiary,yes,yes,,26.0,jun,Morning,3.0,3.0,0.0,,no,526.0,98.06355622205992,5.325633963708454,yes
141224.0,41.0,housemaid,divorced,primary,yes,no,call,18.0,nov,Morning,3.0,3.0,4.0,other,no,22.0,94.60290560006382,4.7289457852073085,no
137824.0,41.0,technician,married,secondary,no,no,call,20.0,aug,Morning,6.0,6.0,0.0,,no,-4.0,104.07952043552726,6.754286636630779,no
137669.0,56.0,housemaid,married,primary,no,no,call,19.0,aug,eve,6.0,6.0,0.0,,no,605.0,94.02698965115829,4.160319187149667,no
116978.0,44.0,blue-collar,single,,yes,no,,7.0,may,Morning,1.0,1.0,0.0,,no,2167.0,119.67198594877719,4.24959507452857,no
159762.0,26.0,technician,single,tertiary,no,no,call,4.0,jun,Evening,1.0,1.0,1.0,success,no,1066.0,110.599386211707,4.6511043869000925,no
141007.0,31.0,management,single,secondary,yes,yes,call,18.0,nov,Evening,1.0,1.0,0.0,,no,99.0,106.42518536032026,7.71388129085345,no
153345.0,46.0,management,married,tertiary,yes,no,call,13.0,may,Night ,2.0,2.0,3.0,failure,no,1103.0,91.99528748622222,5.116419502530421,no
137972.0,40.0,management,married,tertiary,no,no,call,21.0,aug,Night ,2.0,2.0,0.0,,no,185.0,92.20579694352807,2.0588731747246696,no
144657.0,55.0,retired,married,secondary,no,no,call,30.0,jan,Night,1.0,1.0,1.0,other,no,905.0,81.06809951444045,4.872536310020917,no
121884.0,31.0,blue-collar,married,secondary,yes,yes,,26.0,may,Afternoon,5.0,5.0,0.0,,no,27.0,99.05097457174143,7.269009276987012,no
151488.0,51.0,blue-collar,married,,yes,no,email,7.0,may,Afternoon,4.0,4.0,0.0,,no,0.0,98.43428422228811,3.7929475565317636,no
127242.0,44.0,blue-collar,married,secondary,no,yes,,18.0,jun,morning,1.0,1.0,0.0,,no,2092.0,102.97708600569855,2.6391610698075114,no
126886.0,49.0,unemployed,married,secondary,no,no,,17.0,jun,Night ,2.0,2.0,0.0,,no,4110.0,103.35461514630909,6.207230243586188,no
117903.0,53.0,blue-collar,married,primary,yes,no,,9.0,may,Morning,5.0,5.0,0.0,,no,-864.0,94.5808735930139,3.169684439209614,no
122400.0,26.0,student,single,secondary,yes,no,,27.0,may,Night,1.0,1.0,0.0,,no,2784.0,98.91923555277054,4.911992949001372,no
116662.0,42.0,services,married,secondary,yes,no,,7.0,may,Afternoon,3.0,3.0,0.0,,no,0.0,105.6892538898281,3.7084758388671784,no
131744.0,38.0,services,married,secondary,yes,no,call,21.0,jul,morning,15.0,15.0,0.0,,no,-448.0,102.63451204968746,3.3967939730381276,no
157968.0,30.0,technician,single,tertiary,no,no,call,30.0,oct,Night,1.0,1.0,1.0,success,no,53.0,101.14938739060716,5.7491320670197466,no
130026.0,44.0,technician,married,tertiary,yes,no,call,11.0,jul,eve,2.0,2.0,0.0,,no,851.0,122.85760239898482,2.419482646985205,no
134980.0,54.0,management,married,tertiary,no,no,call,5.0,aug,morning,1.0,1.0,0.0,,no,810.0,87.07360187527055,5.457432326455436,no
153003.0,31.0,self-employed,married,secondary,yes,No,call,13.0,may,morning,1.0,1.0,1.0,failure,no,131.0,99.97155475256606,4.8484414891500744,no
132042.0,27.0,management,married,secondary,yes,no,call,22.0,jul,morning,5.0,5.0,0.0,,no,2.0,87.11561293814353,6.637471280129166,no
126683.0,41.0,technician,married,secondary,no,no,,17.0,jun,Afternoon,3.0,3.0,0.0,,no,130.0,115.17361121232621,3.8162806083960907,no
149399.0,53.0,management,married,secondary,yes,No,SMS,20.0,apr,Night ,5.0,5.0,0.0,,no,90.0,111.35299689746138,4.252030010601265,no
127580.0,38.0,management,married,tertiary,no,yes,,20.0,jun,Morning,2.0,2.0,0.0,,no,2978.0,92.10782870627168,3.2384164130015036,no
152132.0,44.0,management,married,tertiary,yes,yes,call,11.0,may,Night,1.0,1.0,0.0,,no,-1636.0,95.75542189264213,7.03847120443543,no
150911.0,32.0,technician,married,secondary,yes,no,call,6.0,may,Morning,2.0,2.0,0.0,,no,557.0,88.9248981812492,3.8901254370378493,no
143850.0,44.0,entrepreneur,married,tertiary,yes,yes,call,28.0,jan,eve,2.0,2.0,3.0,failure,no,3463.0,103.9916318004742,4.6087951592100715,no
151795.0,41.0,unemployed,single,secondary,yes,no,call,8.0,may,morning,2.0,2.0,1.0,failure,no,75.0,87.27189484755866,2.6257846524397754,no
143447.0,34.0,management,single,tertiary,yes,no,call,21.0,nov,Night,6.0,6.0,0.0,,no,2633.0,122.09745538063356,7.515706987647717,yes
159082.0,42.0,technician,married,secondary,yes,no,call,2.0,mar,Morning,2.0,2.0,0.0,,no,4945.0,94.42766782977111,7.693537767403247,yes
143961.0,59.0,retired,married,secondary,no,no,call,28.0,jan,Evening,2.0,2.0,0.0,,no,4457.0,113.86938417800106,3.4290118687383453,no
151905.0,56.0,management,married,primary,yes,no,SMS,11.0,may,morning,5.0,5.0,0.0,,yes,-255.0,106.68641095597796,3.1213686255642337,no
139306.0,34.0,management,single,tertiary,no,no,call,27.0,aug,eve,3.0,3.0,0.0,,no,682.0,102.11411396606978,6.997269419038027,no
128955.0,34.0,technician,divorced,secondary,yes,no,call,8.0,jul,Afternoon,1.0,1.0,0.0,,no,-133.0,105.82339853616644,2.965735588902239,no
128162.0,36.0,blue-collar,married,secondary,no,no,,24.0,jun,Afternoon,6.0,6.0,0.0,,no,56.0,97.78581500533309,6.821859738678958,no
134407.0,35.0,blue-collar,married,primary,no,,call,31.0,,Night,4.0,4.0,0.0,,no,0.0,92.95849764497392,7.136159245120833,no
126534.0,38.0,services,divorced,secondary,no,no,,16.0,jun,Afternoon,1.0,1.0,0.0,,no,439.0,115.91706272703614,5.8704798631005595,no
142196.0,50.0,blue-collar,divorced,primary,yes,no,call,20.0,nov,Morning,1.0,1.0,0.0,,no,1545.0,93.48802535641762,5.983410281611531,no
144969.0,36.0,technician,single,secondary,no,no,call,2.0,feb,Afternoon,1.0,1.0,0.0,,no,210.0,106.17006705078285,5.267055458129292,no
118653.0,52.0,technician,,secondary,yes,yes,,14.0,may,Night ,2.0,2.0,0.0,,no,0.0,111.38808769456287,2.0837886827434815,no
131871.0,33.0,admin.,single,secondary,no,no,call,22.0,,Evening,1.0,1.0,0.0,,no,241.0,100.70402678224664,2.9783768966551527,no
125998.0,50.0,management,married,,no,no,,11.0,jun,morning,1.0,1.0,0.0,,no,8345.0,112.39002370885147,3.326296253899115,no
124549.0,37.0,admin.,married,secondary,yes,no,,3.0,jun,Afternoon,2.0,2.0,0.0,,no,1345.0,93.50609962758479,4.001765731594525,no
144555.0,34.0,management,married,tertiary,no,no,SMS,30.0,jan,morning,3.0,3.0,7.0,other,no,1310.0,101.23374523103118,5.718240517477637,no
119245.0,60.0,admin.,married,,yes,no,,15.0,may,Evening,1.0,1.0,0.0,,no,2667.0,116.86638066780625,4.985806235519265,no
147957.0,24.0,management,married,,no,,call,14.0,apr,Night,1.0,1.0,0.0,,no,448.0,102.71912283967352,4.399586836416414,yes
158901.0,75.0,retired,married,secondary,no,no,call,11.0,feb,Afternoon,1.0,1.0,1.0,failure,no,291.0,126.49656086785652,4.310855571768105,yes
152052.0,40.0,blue-collar,single,primary,yes,yes,call,11.0,may,Afternoon,2.0,2.0,0.0,,no,0.0,109.07552354415391,4.638702193952389,no
130262.0,41.0,management,married,tertiary,yes,no,call,14.0,jul,Afternoon,3.0,3.0,0.0,,no,783.0,82.68624278760913,4.470578963208052,no
146381.0,41.0,unemployed,married,secondary,no,no,call,5.0,feb,eve,2.0,2.0,0.0,,no,0.0,114.08777981930959,3.945425044988669,no
145436.0,41.0,unemployed,married,secondary,yes,no,call,3.0,feb,Afternoon,3.0,3.0,0.0,,no,2081.0,100.9715216846989,5.788917530068022,no
139618.0,49.0,management,married,tertiary,no,no,call,28.0,aug,Night,22.0,22.0,0.0,,no,223.0,94.50408270264009,8.384419258060474,no
131617.0,46.0,management,single,tertiary,yes,no,call,21.0,jul,eve,4.0,4.0,0.0,,no,2154.0,99.47001673999722,4.883078921039702,no
145057.0,34.0,management,married,tertiary,yes,no,call,2.0,feb,Night ,1.0,1.0,0.0,,no,490.0,98.81666832775309,5.7171670919485065,no
155017.0,27.0,technician,single,secondary,yes,no,call,18.0,may,Evening,3.0,3.0,1.0,other,no,2293.0,107.41146400402457,4.793966669695352,no
158875.0,39.0,technician,divorced,secondary,yes,no,call,10.0,feb,Morning,2.0,2.0,5.0,failure,no,902.0,103.45767596333104,8.598073718352223,yes
134287.0,35.0,blue-collar,married,secondary,yes,no,call,31.0,jul,morning,5.0,5.0,0.0,,no,-518.0,114.27232048923933,5.336478559081321,no
142084.0,32.0,technician,married,tertiary,yes,yes,call,20.0,nov,Morning,1.0,1.0,2.0,failure,no,4654.0,110.92391062349049,4.213176916154469,yes
131748.0,45.0,blue-collar,married,primary,yes,no,call,21.0,jul,Afternoon,4.0,4.0,0.0,,no,0.0,105.27375922738844,3.3296859235189125,no
127626.0,45.0,housemaid,married,primary,no,no,,,jun,morning,1.0,1.0,0.0,,no,4994.0,107.16728641840434,4.921176075354212,no
157294.0,19.0,student,single,secondary,no,no,call,3.0,sep,Afternoon,1.0,1.0,0.0,,no,4.0,108.10353852869028,5.755549276487477,no
151821.0,59.0,management,married,primary,yes,no,call,8.0,may,Evening,1.0,1.0,0.0,,no,0.0,90.16672375012915,5.817597839002252,no
146741.0,29.0,admin.,single,secondary,no,no,call,9.0,feb,Morning,5.0,5.0,0.0,,no,103.0,99.70629489893611,,no
126954.0,45.0,,married,,no,No,,17.0,jun,Evening,3.0,3.0,0.0,,no,1979.0,110.20740936983424,6.74074849099421,no
134513.0,37.0,management,married,tertiary,yes,no,call,31.0,jul,Night,20.0,20.0,0.0,,no,-57.0,95.75196228058587,6.72296982685993,no
157786.0,30.0,student,single,tertiary,no,No,call,19.0,oct,Evening,1.0,1.0,0.0,,no,7529.0,79.74928070679363,5.36535017192242,yes
152382.0,42.0,management,married,secondary,yes,no,call,12.0,may,Afternoon,2.0,2.0,1.0,failure,no,218.0,98.24416440401663,7.58380300636108,no
122187.0,42.0,admin.,married,primary,yes,yes,,27.0,may,Night ,3.0,3.0,0.0,,no,1547.0,93.0744018941265,4.02640221747612,no
129799.0,29.0,technician,single,secondary,no,yes,email,10.0,jul,Night ,1.0,1.0,0.0,,no,1714.0,96.70071077696451,5.842066476309566,no
147689.0,37.0,admin.,married,tertiary,yes,no,call,8.0,apr,Night ,1.0,1.0,0.0,,no,2693.0,89.79592765711485,6.12477488717926,no
156849.0,71.0,retired,married,secondary,no,no,call,13.0,aug,Night,3.0,3.0,1.0,other,no,3.0,96.75153584363463,4.177760447403123,no
137367.0,48.0,technician,married,secondary,no,no,call,19.0,aug,Night,7.0,7.0,0.0,,no,466.0,94.50489460858056,4.360215151170099,no
146603.0,28.0,housemaid,single,tertiary,yes,no,call,6.0,feb,Night,2.0,2.0,0.0,,no,731.0,98.31405651451848,3.5188514647765086,no
118098.0,29.0,admin.,married,primary,yes,no,,12.0,may,Evening,1.0,1.0,0.0,,no,624.0,101.79797733770103,3.2841298427091705,no
131831.0,37.0,admin.,divorced,tertiary,yes,yes,call,22.0,jul,Afternoon,3.0,3.0,0.0,,no,0.0,110.48558831835444,3.5421768403929303,no
144543.0,31.0,blue-collar,single,primary,yes,no,email,29.0,jan,Morning,3.0,3.0,25.0,other,no,3466.0,105.82924980065476,7.256025480335241,no
154506.0,31.0,blue-collar,married,secondary,yes,no,SMS,15.0,may,Evening,8.0,8.0,1.0,failure,no,1803.0,92.8474225782769,6.836401759692656,no
132273.0,,management,single,tertiary,no,No,call,23.0,jul,Night,1.0,1.0,0.0,,,33.0,95.50021424593395,6.201246605393132,no
131675.0,60.0,retired,divorced,primary,no,yes,SMS,21.0,jul,Evening,1.0,1.0,0.0,,no,685.0,111.32103544700796,4.8604254747085065,no
120232.0,49.0,technician,married,tertiary,yes,no,,19.0,may,Night ,4.0,4.0,0.0,,no,279.0,100.1202559658244,5.027727323354398,no
160873.0,52.0,technician,married,secondary,yes,no,SMS,11.0,oct,Night,1.0,1.0,0.0,,no,553.0,104.0370476085848,4.071071578822666,no
116638.0,56.0,self-employed,married,,no,no,,6.0,may,morning,2.0,2.0,0.0,,no,7.0,95.92411841078082,4.046915125084309,no
155624.0,26.0,management,single,tertiary,no,no,call,28.0,may,Night,2.0,2.0,1.0,success,no,2506.0,92.08064012922061,7.243504138836364,no
137346.0,32.0,management,single,tertiary,no,No,call,18.0,aug,Morning,3.0,3.0,0.0,,no,1966.0,90.95809452913132,6.9494524499832595,no
129824.0,57.0,admin.,,secondary,no,no,call,10.0,jul,Morning,1.0,1.0,0.0,,no,658.0,95.90383335652426,6.606999442963609,yes
142261.0,48.0,services,divorced,secondary,yes,no,call,20.0,nov,morning,1.0,1.0,1.0,failure,no,4906.0,105.79000468717157,5.551394172323598,no
133920.0,53.0,self-employed,married,primary,no,no,SMS,30.0,jul,Afternoon,2.0,2.0,0.0,,no,4576.0,93.97538400066581,5.5019954894680065,no
143615.0,34.0,services,married,tertiary,no,no,call,11.0,dec,Night,1.0,1.0,0.0,,no,1442.0,90.6486640940715,7.042420653406454,no
146903.0,37.0,services,single,secondary,yes,no,call,10.0,feb,Evening,1.0,1.0,2.0,failure,no,248.0,95.25436036672966,6.707886088190759,no
150046.0,41.0,management,married,tertiary,no,no,call,30.0,apr,Evening,1.0,1.0,0.0,,no,27696.0,113.11228018797415,3.4895605791266187,no
121270.0,44.0,technician,divorced,,yes,no,,23.0,may,Night ,1.0,1.0,0.0,,no,759.0,94.83093542974659,6.0483701794055555,no
116330.0,58.0,technician,divorced,secondary,no,no,,6.0,may,eve,1.0,1.0,0.0,,no,469.0,99.58888952382982,7.517670994312166,no
158521.0,47.0,admin.,single,secondary,no,no,call,12.0,jan,Afternoon,4.0,4.0,0.0,,no,3696.0,102.32566991388224,6.05467982975099,yes
139422.0,37.0,management,married,tertiary,no,No,call,28.0,aug,morning,2.0,2.0,0.0,,no,236.0,98.53419540116107,6.210855978914559,no
122915.0,39.0,blue-collar,married,secondary,yes,no,,28.0,may,Morning,5.0,5.0,0.0,,yes,-931.0,78.47375958448063,4.521163948015512,no
157912.0,50.0,management,,tertiary,no,yes,call,28.0,oct,Night ,1.0,1.0,0.0,,no,3463.0,92.9625562153982,5.610720401158057,yes
147743.0,50.0,blue-collar,,secondary,yes,,call,8.0,apr,Morning,2.0,2.0,0.0,,no,562.0,118.11935418720313,3.3386499145298147,no
116834.0,31.0,services,single,secondary,no,no,,7.0,may,eve,2.0,2.0,0.0,,no,-45.0,101.21472112884851,7.055697682589991,no
157666.0,31.0,self-employed,married,secondary,yes,No,call,13.0,oct,eve,1.0,1.0,6.0,failure,no,581.0,101.84659995192374,5.130428339358372,no
158356.0,57.0,retired,divorced,primary,no,no,SMS,9.0,dec,Night,3.0,3.0,2.0,failure,no,698.0,112.87528023388484,3.671103471638149,no
123682.0,35.0,management,divorced,tertiary,no,no,,30.0,may,Night,3.0,3.0,0.0,,no,3254.0,104.53298069831871,3.374864804100454,no
152493.0,58.0,entrepreneur,married,secondary,yes,no,call,12.0,may,morning,1.0,1.0,0.0,,no,670.0,92.97162691794169,5.36426409236347,yes
151263.0,47.0,blue-collar,married,primary,yes,yes,call,7.0,may,morning,1.0,1.0,0.0,,no,206.0,92.48445487718558,5.006430379854368,no
140306.0,46.0,management,divorced,secondary,yes,no,call,17.0,nov,Morning,1.0,1.0,0.0,,no,10.0,103.88887285819635,5.93259026626709,no
123651.0,43.0,blue-collar,married,primary,no,no,,30.0,,eve,4.0,4.0,0.0,,no,6614.0,95.88356671911029,7.0429574165583295,no
144488.0,47.0,blue-collar,single,secondary,yes,yes,call,29.0,jan,Night ,2.0,2.0,1.0,other,no,263.0,95.67381199208744,4.213372422271277,no
126848.0,44.0,technician,divorced,secondary,no,no,,17.0,jun,Night ,6.0,6.0,0.0,,no,268.0,108.98336544556639,6.903239922607814,no
122391.0,39.0,management,married,tertiary,yes,no,,27.0,may,Night,2.0,2.0,0.0,,no,-342.0,88.99032968955933,4.139587702093126,no
121184.0,37.0,admin.,divorced,tertiary,yes,no,,23.0,may,Afternoon,1.0,1.0,0.0,,no,4303.0,104.95062340335443,2.193770521769972,no
125129.0,50.0,technician,married,secondary,yes,no,,5.0,jun,Morning,5.0,5.0,0.0,,no,416.0,99.23227504441611,7.710466268833729,yes
121924.0,23.0,services,married,secondary,yes,yes,,26.0,may,Evening,5.0,5.0,0.0,,no,0.0,101.61472579730386,2.8142607307532828,no
153844.0,36.0,admin.,single,secondary,yes,yes,call,14.0,may,Night ,6.0,6.0,0.0,,,886.0,96.56135874574026,4.042874500638728,no
131561.0,57.0,management,married,tertiary,no,yes,email,21.0,jul,Night,1.0,1.0,0.0,,no,,114.35513345381439,7.285508690866331,no
159304.0,53.0,technician,married,tertiary,no,no,call,5.0,apr,Night ,1.0,1.0,0.0,,no,9001.0,95.2349380955528,,yes
140906.0,45.0,technician,married,secondary,yes,no,call,18.0,nov,Night ,1.0,1.0,1.0,failure,no,3395.0,107.80860353150246,7.555010165422856,no
152809.0,36.0,blue-collar,married,primary,yes,yes,call,,may,Afternoon,4.0,4.0,4.0,other,no,356.0,99.9057112535098,4.805785939365217,no
145197.0,28.0,management,single,tertiary,no,no,email,2.0,feb,Night ,2.0,2.0,0.0,,no,233.0,101.19889579417706,4.04438712552057,no
122405.0,34.0,technician,married,secondary,yes,no,,27.0,may,Evening,5.0,5.0,0.0,,yes,-34.0,107.09165383493183,4.386828987061777,no
131867.0,,management,married,tertiary,yes,no,call,22.0,jul,Afternoon,1.0,1.0,0.0,,no,109.0,103.18385012768512,2.9225936681065567,no
117134.0,42.0,blue-collar,single,primary,yes,yes,,8.0,may,eve,1.0,1.0,0.0,,no,134.0,96.17664831585753,3.568741230735238,no
122874.0,31.0,blue-collar,married,secondary,yes,no,,28.0,may,morning,3.0,3.0,0.0,,no,1117.0,98.88345510751441,4.40905499198551,no
159616.0,35.0,technician,married,secondary,yes,yes,call,14.0,may,Morning,2.0,2.0,0.0,,no,18.0,108.03526368665212,3.43033344442805,no
120557.0,31.0,blue-collar,married,secondary,yes,no,,20.0,may,Morning,4.0,4.0,0.0,,no,1787.0,114.24034207074513,6.1688125233553714,no
152414.0,34.0,management,married,tertiary,yes,No,call,12.0,may,Morning,1.0,1.0,0.0,,no,156.0,108.60455857968597,6.4408015993394585,no
160091.0,45.0,technician,single,tertiary,no,no,call,15.0,jul,Morning,4.0,4.0,0.0,,no,1591.0,98.82058531799055,3.772532841267963,no
147585.0,40.0,admin.,single,,yes,No,call,7.0,apr,Night,2.0,2.0,6.0,other,no,355.0,91.63694386670807,4.301716249149495,no
141015.0,32.0,management,single,tertiary,yes,no,call,18.0,nov,Night ,1.0,1.0,0.0,,no,27.0,114.69614924745034,5.157720999739567,no
154935.0,37.0,blue-collar,divorced,primary,yes,no,call,18.0,may,Afternoon,3.0,3.0,4.0,failure,no,117.0,94.6358029877597,6.6490284871007965,no
132114.0,32.0,admin.,married,secondary,yes,yes,call,23.0,jul,Night,2.0,2.0,0.0,,no,1539.0,96.23278057559045,4.2511535499543385,no
128339.0,41.0,blue-collar,single,secondary,yes,no,,1.0,jul,Evening,9.0,9.0,0.0,,no,75.0,86.49164195017454,6.316178164776789,yes
124408.0,24.0,admin.,single,secondary,yes,no,,3.0,jun,eve,1.0,1.0,0.0,,no,66.0,109.82911995979231,3.309275985698206,no
136850.0,36.0,technician,married,secondary,no,no,call,14.0,aug,morning,2.0,2.0,0.0,,no,930.0,97.61937770830431,5.424314489010904,no
156207.0,50.0,management,married,tertiary,no,yes,call,16.0,jun,Morning,2.0,2.0,0.0,,no,1463.0,101.1767818806581,5.506987981526684,no
159980.0,33.0,blue-collar,single,secondary,no,no,,6.0,jul,morning,1.0,1.0,0.0,,no,688.0,101.65894665859918,5.695855751293446,no
135331.0,46.0,technician,married,secondary,no,no,call,6.0,aug,Night ,2.0,2.0,0.0,,no,0.0,92.27057141287457,3.7433393307391274,no
121752.0,32.0,blue-collar,married,primary,yes,no,,26.0,may,Afternoon,2.0,2.0,0.0,,no,494.0,98.67253661323547,5.055926405901548,no
127094.0,47.0,services,divorced,secondary,no,yes,,18.0,jun,eve,2.0,2.0,0.0,,no,829.0,113.65009791060508,4.270401385388422,no
149812.0,58.0,management,divorced,tertiary,no,no,call,,apr,Night,1.0,1.0,1.0,success,no,5701.0,96.83836788727501,3.1650776873579214,yes
147902.0,57.0,management,married,tertiary,no,no,call,14.0,apr,Evening,2.0,2.0,0.0,,no,1318.0,107.18467940742809,3.486189103072632,no
147937.0,36.0,management,divorced,tertiary,yes,no,call,14.0,apr,eve,1.0,1.0,0.0,,no,102.0,108.80095255379052,3.5176381037738045,no
123058.0,54.0,technician,married,secondary,yes,no,,29.0,may,Morning,1.0,1.0,0.0,,no,-939.0,119.34042256933229,2.3223260548429394,no
137544.0,52.0,technician,divorced,tertiary,no,no,call,19.0,aug,morning,2.0,2.0,0.0,,no,0.0,96.11284192391126,4.995456224651854,no
120184.0,37.0,technician,married,secondary,yes,no,,19.0,may,Afternoon,3.0,3.0,0.0,,no,1633.0,108.34390187814188,3.6624027869392934,no
120664.0,42.0,management,married,tertiary,yes,No,,21.0,may,eve,3.0,3.0,0.0,,no,2309.0,82.35682181339205,6.540626833142872,no
149454.0,33.0,services,divorced,secondary,yes,no,call,20.0,apr,morning,3.0,3.0,0.0,,no,2358.0,103.64958917156497,5.009442127747731,no
152527.0,30.0,blue-collar,,primary,yes,no,call,12.0,may,eve,2.0,2.0,0.0,,no,1803.0,101.23263769809964,5.682787750735436,no
129979.0,32.0,housemaid,divorced,secondary,yes,no,call,11.0,jul,Night,2.0,2.0,0.0,,no,0.0,99.58800435720697,6.205280792481586,no
134458.0,41.0,technician,married,secondary,no,yes,call,31.0,jul,morning,1.0,1.0,0.0,,no,1822.0,,2.6879645250843502,no
124017.0,29.0,admin.,single,secondary,yes,no,,2.0,jun,Evening,4.0,4.0,0.0,,no,2768.0,93.62437878605695,2.9315723686764033,no
127175.0,40.0,technician,married,tertiary,yes,yes,,18.0,jun,eve,2.0,2.0,0.0,,no,-1779.0,105.49569441721825,3.6209564098892333,no
138407.0,33.0,management,single,tertiary,no,no,call,22.0,aug,Night ,6.0,6.0,0.0,,no,71.0,91.57008078973104,1.8468574435042413,no
145044.0,38.0,management,married,tertiary,yes,no,call,2.0,feb,eve,1.0,1.0,0.0,,no,661.0,89.46628559780464,2.806278744243978,no
158868.0,38.0,admin.,single,tertiary,yes,no,call,10.0,feb,Morning,1.0,1.0,3.0,failure,no,3954.0,114.92751264814007,5.48663788334291,no
150151.0,42.0,management,single,tertiary,no,no,call,4.0,may,Morning,3.0,3.0,0.0,,no,10907.0,93.14559925034114,5.556998693464009,no
160254.0,46.0,,married,tertiary,no,no,call,2.0,aug,Afternoon,2.0,2.0,1.0,failure,no,8564.0,106.0150280981404,6.974953765272721,no
153990.0,33.0,technician,single,secondary,yes,no,call,15.0,may,Night ,3.0,3.0,0.0,,no,-242.0,93.60193205621371,5.836902490004807,no
118896.0,51.0,blue-collar,married,secondary,yes,no,,14.0,may,Morning,1.0,1.0,0.0,,no,7180.0,98.13933664497995,5.751577194958083,yes
146177.0,50.0,admin.,divorced,secondary,,no,call,5.0,feb,Night ,1.0,1.0,0.0,,no,223.0,105.55724745497267,2.8562706578707324,no
126411.0,51.0,management,married,,no,no,,,jun,Night,3.0,3.0,0.0,,no,721.0,83.53788358341089,4.50078056494005,no
135366.0,38.0,management,married,tertiary,yes,no,call,7.0,aug,Morning,2.0,2.0,0.0,,no,-34.0,107.11796852148885,7.7783123154130775,no
131148.0,35.0,admin.,,secondary,yes,no,call,17.0,jul,morning,8.0,8.0,0.0,,no,449.0,96.77811466132508,3.822261539436448,no
156476.0,72.0,management,,tertiary,no,no,email,24.0,jul,eve,3.0,3.0,0.0,,no,7003.0,112.45985299016235,6.467901111853857,no
124557.0,45.0,technician,single,secondary,yes,no,,3.0,jun,Afternoon,8.0,8.0,0.0,,no,1044.0,78.88913342675316,5.208598641786704,no
145880.0,43.0,technician,married,secondary,no,no,call,4.0,feb,Morning,1.0,1.0,0.0,,no,1650.0,94.93782390183578,2.556518695459503,no
158383.0,36.0,management,married,tertiary,no,no,call,14.0,dec,Night ,3.0,3.0,4.0,success,no,925.0,119.43558764279321,4.532091845166612,yes
128134.0,36.0,blue-collar,divorced,secondary,yes,no,,20.0,jun,Afternoon,2.0,2.0,0.0,,no,,99.13910720218321,5.298614141302988,no
125798.0,55.0,management,married,secondary,no,no,,9.0,jun,Afternoon,2.0,2.0,0.0,,no,190.0,102.67217087206204,1.7601612336686578,no
130795.0,38.0,technician,married,secondary,no,yes,call,16.0,jul,Night ,3.0,3.0,0.0,,no,217.0,108.46462970167367,5.252743781381347,no
157171.0,43.0,services,married,secondary,no,no,call,25.0,aug,Night,2.0,2.0,4.0,success,no,2145.0,88.50451371600327,4.66899103851792,yes
148603.0,30.0,housemaid,single,tertiary,yes,no,call,17.0,apr,Night ,5.0,5.0,0.0,,no,2017.0,110.16830202674474,4.892478897991978,no
142953.0,30.0,self-employed,single,tertiary,no,no,call,21.0,nov,eve,1.0,1.0,0.0,,no,48.0,109.90319184017513,8.593955669447526,no
124670.0,25.0,technician,married,secondary,yes,no,,4.0,jun,Night ,1.0,1.0,0.0,,no,-276.0,89.91259385803248,4.7939405419398,no
151536.0,42.0,blue-collar,married,primary,yes,no,call,8.0,may,Evening,2.0,2.0,0.0,,no,608.0,86.93385565752206,4.0282626549485645,no
159621.0,54.0,management,divorced,tertiary,no,no,call,17.0,may,Evening,3.0,3.0,7.0,other,no,2152.0,113.12392732343869,5.741455931117006,no
141842.0,38.0,blue-collar,married,primary,yes,no,call,19.0,nov,morning,1.0,1.0,1.0,failure,no,2240.0,98.71828358106875,2.9886763716761724,no
120064.0,45.0,services,divorced,primary,,no,,19.0,may,Morning,1.0,1.0,0.0,,no,242.0,92.08821216118727,3.6951544227700994,no
152563.0,34.0,blue-collar,married,secondary,yes,no,call,12.0,may,Night ,2.0,2.0,1.0,failure,no,-53.0,,7.391776212496556,no
133732.0,35.0,technician,married,secondary,yes,no,call,29.0,jul,Night,15.0,15.0,0.0,,no,3297.0,91.476623775913,7.775178687760501,no
151664.0,42.0,management,married,tertiary,yes,no,call,8.0,may,Night ,1.0,1.0,1.0,failure,no,0.0,90.58285082133739,1.9057240616619793,no
142697.0,35.0,admin.,single,secondary,no,No,call,20.0,nov,Evening,2.0,2.0,0.0,,no,1070.0,109.04217582535853,6.014337264305776,no
128214.0,60.0,retired,divorced,tertiary,no,yes,,26.0,jun,eve,2.0,2.0,0.0,,no,1349.0,87.31790992460398,5.586759215589001,no
130210.0,46.0,management,married,tertiary,yes,No,call,14.0,jul,Afternoon,2.0,2.0,0.0,,no,0.0,92.9255702292067,6.040990579450373,no
134434.0,46.0,services,married,secondary,no,no,SMS,31.0,jul,Afternoon,6.0,6.0,0.0,,no,375.0,105.62591898128525,4.725767063116839,no
141934.0,42.0,technician,single,secondary,yes,No,call,19.0,nov,Night ,2.0,2.0,0.0,,no,2036.0,97.33272642705558,1.064760728820695,no
153843.0,33.0,blue-collar,single,primary,yes,no,call,14.0,may,morning,4.0,4.0,1.0,failure,no,405.0,92.56041711246357,6.457105718644513,no
126626.0,55.0,blue-collar,married,primary,yes,no,,16.0,jun,Afternoon,18.0,18.0,0.0,,,835.0,92.83958072705906,5.448593262566369,no
130699.0,34.0,management,single,tertiary,no,no,call,16.0,jul,Night ,1.0,1.0,0.0,,no,431.0,99.8129496008446,4.805775566648132,no
145358.0,30.0,blue-collar,married,secondary,yes,no,call,3.0,feb,morning,1.0,1.0,0.0,,no,363.0,107.65369183335737,7.887301107342495,no
140640.0,44.0,entrepreneur,single,tertiary,yes,no,call,18.0,nov,Evening,1.0,1.0,0.0,,,1240.0,100.17406779573012,4.078314716401898,no
129225.0,41.0,blue-collar,married,primary,no,yes,SMS,8.0,jul,morning,3.0,3.0,0.0,,no,-516.0,,7.071314145160955,no
124014.0,33.0,services,married,secondary,yes,no,,2.0,jun,Night ,4.0,4.0,0.0,,no,109.0,89.32022194474928,4.204532604411431,no
118213.0,35.0,management,divorced,tertiary,yes,no,,13.0,may,Night ,6.0,6.0,0.0,,no,36.0,107.55736679221168,4.209958561168029,no
144124.0,31.0,technician,single,tertiary,no,no,call,29.0,jan,Afternoon,1.0,1.0,2.0,failure,no,424.0,99.61262294736117,6.810256186959144,no
130683.0,37.0,entrepreneur,married,primary,yes,yes,call,16.0,jul,Morning,1.0,1.0,0.0,,no,8.0,107.68366067616815,2.850212955752532,no
144885.0,41.0,services,divorced,secondary,yes,no,call,2.0,feb,eve,1.0,1.0,0.0,,no,0.0,94.46139386573024,4.330292943283775,no
130009.0,34.0,admin.,married,secondary,yes,no,call,11.0,jul,Morning,2.0,2.0,0.0,,no,3814.0,96.70302731567165,4.33488588943013,no
123047.0,51.0,blue-collar,married,secondary,yes,no,,29.0,may,eve,1.0,1.0,0.0,,no,2237.0,109.97877906727498,6.353385586823868,no
137745.0,34.0,technician,single,secondary,no,no,call,20.0,aug,Night ,2.0,2.0,0.0,,no,0.0,93.94048844378182,3.814372136682211,no
157320.0,57.0,management,divorced,tertiary,yes,no,call,,sep,morning,1.0,1.0,4.0,failure,no,6468.0,97.5947463470784,3.7430001574550262,yes
158813.0,29.0,blue-collar,married,secondary,no,no,call,,feb,Night,2.0,2.0,0.0,,no,3310.0,111.2856524266898,5.0690878169938935,no
127559.0,35.0,admin.,single,secondary,no,no,,20.0,jun,Morning,12.0,12.0,0.0,,no,2830.0,89.56372096855596,4.349512368759689,no
160297.0,59.0,,married,,no,No,call,4.0,aug,Evening,1.0,1.0,1.0,other,no,1500.0,100.85604340210814,6.729545935370335,no
120914.0,31.0,management,married,tertiary,yes,no,,21.0,may,Morning,2.0,2.0,0.0,,no,1755.0,104.56450737118584,4.487965969519193,no
117017.0,56.0,services,married,primary,yes,no,,7.0,may,Night ,4.0,4.0,0.0,,no,219.0,98.52691352073315,3.221200379278195,no
123167.0,37.0,blue-collar,married,secondary,,yes,,29.0,may,Afternoon,3.0,3.0,0.0,,no,-141.0,111.78850593883088,5.130219750045996,no
159658.0,30.0,management,single,tertiary,yes,No,call,21.0,may,Afternoon,1.0,1.0,3.0,failure,no,499.0,91.21663802412478,3.7278897497566277,no
132000.0,35.0,technician,single,secondary,no,no,call,22.0,jul,Night,2.0,2.0,0.0,,no,144.0,109.77225011091373,4.655682533388093,no
131503.0,29.0,technician,single,tertiary,yes,no,call,21.0,jul,morning,4.0,4.0,0.0,,no,-229.0,98.96040425023304,5.56442469677067,no
125563.0,36.0,self-employed,married,secondary,yes,No,,6.0,jun,eve,9.0,9.0,0.0,,no,1245.0,98.20768038423053,5.108810543300128,yes
129335.0,40.0,management,single,tertiary,yes,No,call,9.0,jul,Night ,1.0,1.0,0.0,,no,1247.0,93.82867557759509,6.135562623105924,no
140681.0,33.0,technician,married,secondary,yes,no,call,18.0,nov,eve,1.0,1.0,0.0,,no,256.0,93.05240463015481,4.321725806621227,no
147747.0,35.0,unemployed,married,tertiary,yes,no,call,8.0,apr,Night ,2.0,2.0,0.0,,no,1057.0,89.17847981259219,6.733491778260957,no
133200.0,59.0,management,divorced,tertiary,no,yes,call,28.0,jul,Night ,2.0,2.0,0.0,,no,14.0,101.38869350616555,6.032479988604796,no
141196.0,40.0,technician,married,secondary,yes,no,call,18.0,nov,Night ,2.0,2.0,1.0,failure,no,7313.0,108.9005391005926,8.32444023006245,no
153875.0,36.0,management,married,tertiary,yes,no,call,14.0,may,morning,2.0,2.0,0.0,,no,1041.0,95.0895021348737,7.328798958500398,no
119340.0,46.0,self-employed,single,tertiary,yes,no,,15.0,may,Night ,3.0,3.0,0.0,,no,1934.0,101.65324370795857,6.324674209700442,no
119772.0,32.0,admin.,single,secondary,yes,no,,16.0,may,morning,2.0,2.0,0.0,,no,422.0,99.68100477234846,3.2697591017805885,no
145561.0,40.0,unemployed,married,primary,no,no,call,3.0,feb,Night ,4.0,4.0,0.0,,no,-78.0,93.83816290265409,6.583513972045004,no
117717.0,29.0,self-employed,single,tertiary,no,no,,9.0,may,Night,2.0,2.0,0.0,,no,5406.0,97.86430240959838,3.129127708870792,no
143982.0,28.0,management,single,tertiary,no,no,call,28.0,jan,Morning,2.0,2.0,0.0,,no,20.0,102.11882771326606,4.990656098389086,no
148503.0,54.0,blue-collar,married,primary,yes,no,call,17.0,apr,Night ,1.0,1.0,2.0,failure,no,551.0,101.44801858920482,5.546467402893394,no
132077.0,42.0,blue-collar,married,secondary,yes,no,call,22.0,jul,Evening,3.0,3.0,0.0,,no,41.0,111.1365017001407,5.083980354455399,no
132278.0,57.0,management,married,tertiary,no,yes,call,23.0,jul,Night ,2.0,2.0,0.0,,no,101.0,126.06215774892311,4.447503172236082,no
144333.0,32.0,admin.,married,secondary,no,no,call,29.0,jan,Night ,1.0,1.0,0.0,,,342.0,96.60295839508616,5.167788571742511,no
127946.0,30.0,technician,single,secondary,yes,no,,20.0,jun,Night ,3.0,3.0,0.0,,no,157.0,108.7994641467973,5.346606826909966,no
129753.0,49.0,blue-collar,married,secondary,yes,yes,call,10.0,jul,Night ,1.0,1.0,0.0,,no,1127.0,105.16940158871404,3.952112158394577,no
133083.0,25.0,management,single,tertiary,yes,no,SMS,28.0,jul,Evening,3.0,3.0,0.0,,no,155.0,103.10041432795302,3.248623297143465,no
161001.0,78.0,management,married,,yes,no,call,25.0,oct,Night,2.0,2.0,7.0,success,no,1780.0,100.1025073742642,5.614362534967831,yes
148823.0,,blue-collar,married,secondary,yes,no,call,17.0,apr,eve,2.0,2.0,0.0,,no,797.0,109.69212463946451,6.33718250245314,no
157820.0,64.0,management,married,tertiary,no,no,call,21.0,oct,eve,1.0,1.0,0.0,,no,4688.0,83.13912306210123,4.355003705258751,yes
122421.0,28.0,technician,single,secondary,yes,no,,27.0,may,eve,3.0,3.0,0.0,,no,10865.0,89.27400836243565,4.3638709379725125,no
116665.0,39.0,admin.,married,secondary,yes,no,,7.0,may,morning,2.0,2.0,0.0,,no,20.0,103.81373774525716,4.954646790840901,no
149760.0,39.0,technician,single,secondary,yes,no,call,30.0,apr,eve,1.0,1.0,0.0,,no,15.0,107.43393750996556,1.0709486234889711,yes
124640.0,22.0,services,married,primary,yes,no,,4.0,jun,Morning,1.0,1.0,0.0,,no,7982.0,111.031858188831,6.174571010240597,no
147506.0,29.0,technician,married,secondary,yes,yes,call,6.0,apr,Afternoon,1.0,1.0,0.0,,no,-547.0,97.98109542501128,4.5343695181944685,no
125766.0,53.0,blue-collar,divorced,primary,no,no,,9.0,jun,Morning,1.0,1.0,0.0,,no,4222.0,99.42183935972677,1.0697236325851094,no
131842.0,42.0,housemaid,divorced,secondary,yes,no,call,22.0,jul,Morning,1.0,1.0,0.0,,no,1406.0,91.89185317912896,5.837839667335694,no
128970.0,57.0,retired,married,tertiary,no,yes,call,8.0,jul,Evening,1.0,1.0,0.0,,no,1029.0,,5.019607361399063,no
141634.0,47.0,blue-collar,married,secondary,yes,yes,call,19.0,nov,Night,1.0,1.0,0.0,,no,0.0,87.9466725281873,5.687249383088528,no
122525.0,30.0,management,single,tertiary,yes,no,,28.0,may,Evening,6.0,6.0,0.0,,no,849.0,99.41521779037146,6.04451709863479,no
156388.0,53.0,management,divorced,tertiary,yes,No,call,7.0,jul,Night ,1.0,1.0,0.0,,no,6649.0,104.91241784676167,3.791356040058027,no
157368.0,35.0,self-employed,single,tertiary,no,no,call,7.0,sep,Afternoon,2.0,2.0,2.0,other,no,44.0,100.1255333480015,3.2186576973308707,no
117396.0,55.0,management,married,tertiary,yes,no,,,may,Night ,2.0,2.0,0.0,,no,1288.0,107.71165899376618,4.631075970695813,no
129265.0,43.0,management,divorced,tertiary,no,no,call,9.0,jul,morning,1.0,1.0,0.0,,no,0.0,85.72222965029557,6.483109121995793,no
153209.0,47.0,blue-collar,married,primary,no,yes,call,13.0,may,Evening,1.0,1.0,3.0,failure,no,,101.49596966577003,6.179326731175317,no
154226.0,23.0,blue-collar,married,secondary,yes,No,call,15.0,may,Evening,1.0,1.0,2.0,failure,no,-295.0,109.47750910919194,4.133663742507459,no
157409.0,30.0,services,married,secondary,no,No,call,9.0,sep,Night ,1.0,1.0,0.0,,no,208.0,99.49492656031549,4.89313993979475,no
147078.0,37.0,management,married,tertiary,,no,call,,feb,Morning,4.0,4.0,3.0,failure,no,708.0,103.56455899188843,6.677974048483346,no
157201.0,59.0,retired,married,secondary,no,no,call,27.0,aug,Night ,2.0,2.0,1.0,other,no,1341.0,92.49324457325106,6.811217437398196,no
159342.0,33.0,technician,married,secondary,no,no,call,12.0,apr,morning,1.0,1.0,0.0,,no,5083.0,96.48160316341917,5.629688149328187,no
119178.0,50.0,blue-collar,married,primary,yes,no,,15.0,may,Night,1.0,1.0,0.0,,no,2212.0,112.24318104981398,4.520358676422765,no
154552.0,26.0,student,single,secondary,yes,No,call,15.0,may,Night,11.0,11.0,2.0,other,no,372.0,107.11823615226261,4.040390205207342,no
143658.0,30.0,management,single,tertiary,no,no,call,28.0,jan,Afternoon,1.0,1.0,0.0,,no,188.0,92.96651226456228,4.751079313037239,no
132554.0,40.0,blue-collar,married,secondary,yes,,call,24.0,jul,Night ,1.0,1.0,0.0,,no,3131.0,89.07370652675982,4.857639972055781,no
151551.0,30.0,management,single,tertiary,yes,no,call,8.0,may,Evening,1.0,1.0,1.0,other,no,277.0,99.64769513927503,6.468708489188847,no
135846.0,33.0,technician,married,secondary,yes,yes,call,8.0,aug,eve,7.0,7.0,0.0,,no,-534.0,89.23671541006269,4.588950905223523,no
152125.0,40.0,blue-collar,married,secondary,no,no,call,11.0,may,Morning,1.0,1.0,0.0,,no,-438.0,91.54292805003011,6.371070654684084,yes
149777.0,55.0,retired,married,secondary,no,no,call,30.0,apr,Night,1.0,1.0,0.0,,no,6690.0,98.37938570773775,3.3648878400496196,no
118003.0,34.0,blue-collar,single,secondary,yes,no,,12.0,may,eve,1.0,1.0,0.0,,no,381.0,116.72601505054553,4.871981686519177,no
129069.0,45.0,management,divorced,tertiary,no,,call,8.0,jul,Night ,1.0,1.0,0.0,,no,854.0,96.98098107789913,4.682312486128031,yes
145061.0,,admin.,married,secondary,yes,no,call,2.0,feb,eve,1.0,1.0,2.0,failure,no,50.0,99.0257516323809,9.434602679041495,no
151797.0,39.0,blue-collar,married,primary,yes,no,call,8.0,may,eve,2.0,2.0,1.0,other,no,1433.0,113.56687354032056,7.332800027002163,no
142433.0,37.0,entrepreneur,married,secondary,no,no,call,20.0,nov,Afternoon,1.0,1.0,0.0,,no,3.0,95.6230448523244,4.912106505434493,no
150296.0,34.0,unemployed,married,secondary,yes,no,call,5.0,may,eve,5.0,5.0,0.0,,no,156.0,93.48268232156188,4.743557215506908,no
154854.0,28.0,blue-collar,single,secondary,yes,no,call,18.0,may,Evening,1.0,1.0,0.0,,no,402.0,95.40355451156128,4.979215135088494,no
141475.0,52.0,admin.,married,primary,no,no,call,19.0,nov,Night ,1.0,1.0,0.0,,no,6286.0,98.53887386354266,5.3736943225243445,no
126253.0,42.0,,single,secondary,no,no,,12.0,jun,Morning,1.0,1.0,0.0,,no,1456.0,89.17378291819665,3.503677243780129,no
138171.0,53.0,housemaid,married,primary,no,No,call,21.0,aug,Night ,8.0,8.0,0.0,,no,70.0,105.63762411903936,5.176678787016877,no
128991.0,25.0,admin.,single,secondary,no,yes,call,8.0,jul,Afternoon,3.0,3.0,0.0,,no,0.0,105.83246129598642,5.155821996939502,no
125708.0,48.0,management,,secondary,no,no,,9.0,jun,morning,2.0,2.0,0.0,,no,635.0,114.73392513324588,4.838090242926061,no
152057.0,40.0,management,married,tertiary,yes,yes,call,11.0,may,Night,1.0,1.0,1.0,success,no,-17.0,75.68059453343275,4.801262938386178,yes
156999.0,36.0,services,single,tertiary,no,no,call,17.0,aug,Night ,1.0,1.0,0.0,,no,1189.0,94.32060045638157,6.78599921031437,yes
118025.0,26.0,blue-collar,married,secondary,yes,no,,12.0,may,Morning,2.0,2.0,0.0,,no,288.0,101.57546555367553,4.47113264229142,no
137075.0,48.0,services,married,secondary,no,no,call,14.0,aug,Evening,7.0,7.0,0.0,,no,125.0,92.24628912486641,3.0943768714400663,no
148734.0,42.0,housemaid,married,secondary,yes,yes,call,17.0,apr,morning,2.0,2.0,0.0,,no,314.0,83.23277694609726,5.237908334575911,no
128440.0,34.0,technician,married,secondary,yes,no,,3.0,jul,Morning,4.0,4.0,0.0,,no,-346.0,93.85141655046307,3.9551027506878826,no
142695.0,44.0,management,divorced,tertiary,yes,no,call,20.0,nov,Night,3.0,3.0,2.0,other,no,6285.0,93.83402060803819,5.682085510484657,no
122496.0,32.0,technician,single,secondary,yes,no,,28.0,may,Night ,6.0,6.0,0.0,,no,719.0,88.59575565236773,3.995508647524125,no
129244.0,49.0,technician,married,secondary,yes,yes,call,8.0,jul,Afternoon,1.0,1.0,0.0,,no,177.0,100.45811040987391,7.482496076456558,no
156296.0,69.0,retired,divorced,primary,no,no,call,2.0,jul,Night,2.0,2.0,0.0,,no,482.0,124.4690596397013,5.311905764730209,yes
141488.0,39.0,admin.,married,secondary,yes,no,call,19.0,nov,Night ,1.0,1.0,0.0,,no,168.0,111.88380158443415,5.694513104429518,no
134452.0,52.0,services,married,primary,yes,yes,call,31.0,jul,eve,1.0,1.0,0.0,,no,171.0,108.40528900590186,4.848945735458883,no
126349.0,40.0,blue-collar,married,secondary,no,no,,12.0,jun,eve,4.0,4.0,0.0,,no,4259.0,109.06545484820069,7.223134185274213,no
117660.0,34.0,services,married,secondary,yes,no,,9.0,may,eve,1.0,1.0,0.0,,no,-68.0,108.16618845064565,5.034389751056721,no
147741.0,29.0,management,single,tertiary,no,no,call,8.0,apr,Morning,2.0,2.0,0.0,,no,1377.0,98.48098687895862,5.995626380386083,yes
116728.0,30.0,services,,secondary,yes,no,,7.0,may,Night ,1.0,1.0,0.0,,no,-174.0,94.84040736777874,3.6663488791160574,no
122921.0,34.0,blue-collar,married,secondary,yes,no,,28.0,may,Evening,2.0,2.0,0.0,,no,225.0,110.01924069877956,7.605804689915856,no
130844.0,32.0,technician,single,secondary,no,no,call,16.0,jul,Night ,2.0,2.0,0.0,,no,-138.0,96.73249334967369,5.939126591173161,no
156142.0,51.0,blue-collar,married,secondary,no,no,call,15.0,jun,morning,1.0,1.0,0.0,,no,19.0,117.95450793764942,3.477107499796806,no
130097.0,50.0,services,married,secondary,no,yes,call,11.0,jul,Afternoon,2.0,2.0,0.0,,no,5.0,108.36600358373516,5.179361678511017,no
124605.0,41.0,technician,married,,yes,yes,,4.0,jun,Night ,1.0,1.0,0.0,,no,-1136.0,90.90959283429338,6.387214700943828,no
160947.0,42.0,management,married,,no,no,call,19.0,oct,Night,1.0,1.0,1.0,success,no,1519.0,119.16459692889416,4.633312728467226,yes
148645.0,45.0,blue-collar,married,primary,no,no,call,17.0,apr,Morning,1.0,1.0,0.0,,no,61.0,93.30585722815671,2.928681951078748,no
118771.0,40.0,blue-collar,married,,no,no,,14.0,may,eve,1.0,1.0,0.0,,no,874.0,95.15699876627058,3.9416240867944152,no
125166.0,57.0,retired,married,primary,no,no,,5.0,jun,Evening,2.0,2.0,0.0,,no,3594.0,101.82763709037752,5.354546495570141,no
153353.0,39.0,blue-collar,married,secondary,yes,no,call,13.0,may,Afternoon,3.0,3.0,0.0,,no,41.0,113.895576944858,6.140045478326318,no
160730.0,32.0,blue-collar,single,secondary,no,no,,20.0,sep,Evening,1.0,1.0,0.0,,no,427.0,99.93810798090101,2.175873121880424,no
136325.0,48.0,management,single,tertiary,yes,no,call,12.0,aug,Evening,2.0,2.0,0.0,,no,5904.0,91.56861459404001,6.389771753210127,no
123818.0,53.0,entrepreneur,single,secondary,yes,no,,30.0,may,Night,5.0,5.0,0.0,,no,62.0,106.20728586089606,5.402189735881356,yes
144378.0,42.0,blue-collar,married,secondary,yes,yes,call,29.0,jan,Night ,3.0,3.0,0.0,,no,227.0,99.17928060442321,4.358123958704205,no
148814.0,29.0,technician,single,secondary,no,no,call,17.0,apr,Morning,5.0,5.0,0.0,,no,674.0,,2.841907167098377,yes
131065.0,34.0,admin.,,tertiary,yes,no,call,17.0,jul,Evening,3.0,3.0,0.0,,no,1.0,96.0679521764094,7.226488483797851,no
128837.0,39.0,services,married,secondary,no,no,call,7.0,jul,eve,5.0,5.0,0.0,,no,0.0,88.20578503153553,3.0756036825528423,no
117145.0,34.0,management,married,tertiary,yes,No,,8.0,may,Night ,2.0,2.0,0.0,,no,0.0,104.57004216131348,4.082157021540157,no
126785.0,46.0,blue-collar,married,secondary,yes,no,,17.0,jun,Afternoon,1.0,1.0,0.0,,no,1270.0,112.7323237784803,5.302624381818186,no
149613.0,29.0,blue-collar,single,secondary,yes,yes,call,21.0,apr,Afternoon,5.0,5.0,0.0,,no,2.0,100.97626645231854,6.966431226666275,yes
119928.0,51.0,blue-collar,divorced,primary,yes,no,,16.0,may,Night,4.0,4.0,0.0,,no,83.0,97.59059161804477,3.9866101692214286,no
129761.0,34.0,admin.,divorced,secondary,no,no,call,10.0,jul,eve,1.0,1.0,0.0,,no,0.0,93.1401291148234,3.4180975338635147,no
150256.0,39.0,technician,married,tertiary,yes,no,call,4.0,may,eve,4.0,4.0,1.0,failure,no,11766.0,78.8652679282288,3.1230330696299133,no
142414.0,48.0,entrepreneur,married,primary,no,No,call,20.0,nov,morning,1.0,1.0,0.0,,no,2675.0,91.09010883445622,7.210248323696514,no
129710.0,38.0,blue-collar,single,primary,no,no,call,10.0,jul,Evening,1.0,1.0,0.0,,no,1351.0,125.73489712949765,6.620054715756645,no
147438.0,26.0,student,single,tertiary,no,no,call,3.0,apr,Morning,2.0,2.0,0.0,,no,193.0,105.0764403839876,5.981477571476388,no
140581.0,58.0,management,married,tertiary,no,no,SMS,17.0,nov,Night,3.0,3.0,0.0,,no,1101.0,108.5914158006846,5.174801959434977,no
154868.0,35.0,technician,married,secondary,no,no,call,18.0,may,Morning,1.0,1.0,1.0,failure,no,1092.0,97.39956074082261,6.748574003778576,no
124136.0,33.0,management,single,tertiary,yes,no,,2.0,jun,Evening,2.0,2.0,0.0,,no,21096.0,101.49601676368806,5.509198452510487,no
152945.0,49.0,entrepreneur,single,secondary,no,no,call,13.0,may,Night ,1.0,1.0,0.0,,no,259.0,107.83102181095161,3.9242875822460626,no
140553.0,40.0,blue-collar,divorced,primary,no,yes,call,17.0,nov,Morning,2.0,2.0,0.0,,no,-78.0,107.3381389265048,5.803083564372721,no
147676.0,48.0,management,married,secondary,yes,No,call,8.0,apr,Night,3.0,3.0,7.0,failure,no,4415.0,97.80191497271838,3.6119701948735963,yes
155171.0,28.0,services,married,secondary,yes,no,call,18.0,may,Night,5.0,5.0,3.0,other,no,38.0,102.88570664290867,4.419675761591247,no
129553.0,32.0,admin.,single,secondary,no,no,,9.0,jul,Evening,5.0,5.0,0.0,,yes,-17.0,105.83419462697738,5.0371448994765995,no
142871.0,32.0,blue-collar,married,primary,yes,no,call,21.0,nov,Afternoon,1.0,1.0,1.0,failure,no,1261.0,110.79596457074751,6.220752547025123,no
153096.0,41.0,blue-collar,married,secondary,,no,call,13.0,may,Afternoon,6.0,6.0,5.0,other,no,121.0,94.03865103121763,5.290253841536824,no
124045.0,52.0,admin.,married,secondary,yes,yes,,2.0,jun,Morning,4.0,4.0,0.0,,no,101.0,102.00785436365975,3.3177340841499694,no
158304.0,42.0,blue-collar,married,secondary,no,no,call,4.0,dec,Morning,2.0,2.0,2.0,success,no,2913.0,102.68697806263654,6.931237067610551,no
128770.0,37.0,admin.,married,secondary,no,yes,call,7.0,jul,morning,2.0,2.0,0.0,,no,10.0,101.10124897066201,7.811404719827289,no
131242.0,34.0,technician,married,secondary,yes,no,call,,jul,Morning,1.0,1.0,0.0,,no,351.0,106.98017730791801,5.489310482376648,no
138351.0,36.0,management,divorced,tertiary,yes,no,call,22.0,aug,eve,2.0,2.0,0.0,,no,276.0,88.71904880415313,5.239007838497926,no
142855.0,52.0,management,single,tertiary,no,no,call,21.0,nov,Night,1.0,1.0,0.0,,no,1727.0,77.9102144218361,6.116636613334388,no
135134.0,33.0,housemaid,married,primary,no,no,call,6.0,aug,Afternoon,2.0,2.0,0.0,,no,580.0,89.8647911438973,6.157294782521451,no
148011.0,61.0,retired,married,primary,yes,no,call,15.0,apr,Night,2.0,2.0,0.0,,no,1515.0,101.78786455862458,5.004119321354666,no
143395.0,52.0,blue-collar,married,primary,yes,no,email,21.0,nov,Morning,3.0,3.0,2.0,failure,no,4793.0,104.53169578653348,5.2745329018755776,no
135648.0,30.0,services,single,tertiary,no,no,call,8.0,aug,morning,2.0,2.0,0.0,,no,1785.0,79.12165323323299,5.10441955760269,no
131710.0,26.0,blue-collar,single,primary,yes,no,call,21.0,jul,Night ,2.0,2.0,0.0,,no,409.0,123.33926786655722,4.575229251705192,yes
146721.0,29.0,admin.,single,secondary,no,no,call,9.0,feb,Night ,9.0,9.0,0.0,,no,291.0,105.1005390998344,6.463047575629046,no
160982.0,33.0,admin.,single,tertiary,no,no,call,22.0,oct,Evening,1.0,1.0,3.0,success,no,146.0,112.74112728289536,6.818429274202714,yes
147927.0,34.0,management,single,tertiary,no,no,call,14.0,apr,Night ,1.0,1.0,0.0,,no,2646.0,98.41209008507622,4.309156043343242,yes
118724.0,50.0,services,married,secondary,yes,No,,14.0,may,Night,1.0,1.0,0.0,,no,2956.0,112.8209387133017,2.7179738732985568,no
150505.0,54.0,technician,married,secondary,yes,no,call,5.0,may,Morning,3.0,3.0,1.0,other,no,-258.0,113.25564266770101,5.490319223859421,no
133938.0,57.0,housemaid,divorced,primary,no,no,email,30.0,jul,Evening,2.0,2.0,0.0,,no,3819.0,98.97959374027667,5.642063064898591,no
131528.0,37.0,housemaid,married,secondary,yes,no,call,21.0,jul,Night ,3.0,3.0,0.0,,no,167.0,92.42454936801,7.279605870704673,no
151016.0,31.0,management,married,tertiary,yes,yes,call,6.0,may,eve,2.0,2.0,0.0,,no,-692.0,105.02680043459053,7.025619362612177,no
117725.0,27.0,blue-collar,married,tertiary,no,no,,9.0,may,Morning,1.0,1.0,0.0,,no,350.0,102.56293311350052,6.83323716989741,no
129087.0,57.0,technician,married,primary,no,no,call,8.0,jul,Morning,6.0,6.0,0.0,,no,4442.0,92.86256699983927,7.124910703462819,no
157224.0,34.0,blue-collar,married,secondary,yes,no,call,28.0,aug,morning,3.0,3.0,5.0,other,no,1464.0,94.17809153336077,3.357320844624619,yes
152911.0,55.0,retired,married,secondary,yes,no,call,13.0,may,morning,3.0,3.0,1.0,failure,no,918.0,104.52583209203169,4.068897280978476,no
134580.0,58.0,blue-collar,married,,no,no,email,31.0,jul,Night ,6.0,6.0,0.0,,no,1496.0,102.78270206513903,3.093481752353983,no
136794.0,42.0,management,married,tertiary,no,No,call,13.0,aug,Morning,6.0,6.0,0.0,,no,17.0,92.74453964819341,6.9775455701315,no
137088.0,58.0,services,married,secondary,yes,no,call,14.0,aug,Afternoon,3.0,3.0,0.0,,no,8136.0,101.25421780308261,6.759062714571787,no
120203.0,51.0,management,single,tertiary,yes,yes,,19.0,may,Evening,4.0,4.0,0.0,,no,1146.0,99.17638908472206,6.029403450035277,no
131349.0,47.0,blue-collar,married,primary,yes,no,call,18.0,jul,Night ,2.0,2.0,0.0,,,-58.0,82.12009530155598,6.6524602163832185,no
141657.0,52.0,blue-collar,married,secondary,no,no,call,,nov,morning,2.0,2.0,2.0,failure,no,7225.0,101.02652006488753,6.632049614168341,no
132564.0,28.0,management,married,tertiary,yes,No,call,24.0,jul,Morning,2.0,2.0,0.0,,no,9664.0,87.79648915699549,4.90352947110756,no
123419.0,46.0,entrepreneur,married,primary,yes,no,,30.0,may,Evening,3.0,3.0,0.0,,no,1757.0,107.09334156883045,5.580935594421819,no
124047.0,39.0,management,married,tertiary,yes,no,,2.0,jun,eve,2.0,2.0,0.0,,no,0.0,104.97415912070807,5.189821645581142,no
116375.0,43.0,blue-collar,married,secondary,no,no,,6.0,may,Night,1.0,1.0,0.0,,no,0.0,100.41480416148295,4.717564291863087,no
125083.0,59.0,housemaid,married,primary,no,no,,5.0,jun,Evening,1.0,1.0,0.0,,no,500.0,107.44190423085216,8.019752995651313,no
127980.0,47.0,management,married,tertiary,no,no,,20.0,jun,eve,6.0,6.0,0.0,,no,1105.0,87.75951550989242,5.9812313598584685,no
127789.0,54.0,housemaid,divorced,tertiary,no,No,,20.0,jun,eve,5.0,5.0,0.0,,no,1241.0,95.17245942257087,4.949534985040375,no
140275.0,36.0,self-employed,married,tertiary,no,no,call,17.0,nov,Night ,1.0,1.0,0.0,,no,,102.67674694338358,4.1883280533458125,no
147531.0,50.0,blue-collar,married,primary,no,no,SMS,6.0,apr,Evening,1.0,1.0,0.0,,no,4979.0,95.55563974722895,8.494843538726645,yes
160106.0,37.0,management,married,tertiary,no,no,call,16.0,jul,Morning,2.0,2.0,3.0,success,no,0.0,95.26642278639828,5.821700459220873,yes
136150.0,46.0,blue-collar,married,,no,no,call,11.0,aug,eve,6.0,6.0,0.0,,no,8.0,100.50068450089186,5.541975411247019,no
141732.0,33.0,blue-collar,married,tertiary,yes,no,call,19.0,nov,Morning,1.0,1.0,1.0,failure,no,6138.0,110.11662460309861,5.966424645579611,no
121749.0,30.0,services,married,secondary,yes,yes,,26.0,may,eve,3.0,3.0,0.0,,no,-95.0,89.3563181299423,6.8741375992601075,no
116209.0,51.0,technician,single,secondary,yes,no,,5.0,may,Evening,2.0,2.0,0.0,,no,0.0,108.09768745708854,4.758484870471084,no
154842.0,32.0,admin.,single,secondary,yes,No,call,18.0,may,Morning,1.0,1.0,0.0,,no,211.0,100.68785979433392,,no
127081.0,46.0,technician,married,secondary,no,yes,,18.0,jun,morning,1.0,1.0,0.0,,no,179.0,99.51426310350679,6.929800964640344,no
158317.0,61.0,management,married,tertiary,yes,yes,call,7.0,dec,Morning,2.0,2.0,0.0,,no,0.0,111.91923566863733,5.1266533725192485,no
134747.0,48.0,technician,divorced,tertiary,no,yes,call,4.0,aug,Evening,1.0,1.0,0.0,,,907.0,97.50292359057877,4.206019182183674,no
120538.0,34.0,technician,single,secondary,yes,no,,20.0,may,Night ,2.0,2.0,0.0,,no,1183.0,97.12397098810179,5.81951225956269,no
148858.0,39.0,blue-collar,married,secondary,yes,yes,call,17.0,apr,Night ,2.0,2.0,6.0,failure,no,284.0,96.8433145383209,5.515997319627639,no
144599.0,35.0,technician,single,secondary,yes,no,call,30.0,jan,Evening,2.0,2.0,2.0,failure,no,2144.0,92.27145864143384,1.8469810007766836,no
119773.0,27.0,technician,single,tertiary,yes,no,,16.0,may,Afternoon,1.0,1.0,0.0,,,3706.0,104.88350558618117,3.5818873509664626,yes
137623.0,40.0,technician,married,tertiary,no,no,call,19.0,aug,Night,1.0,1.0,0.0,,no,0.0,94.49397797813172,3.673168945278146,no
142354.0,30.0,services,married,secondary,yes,no,call,20.0,nov,Night,1.0,1.0,0.0,,no,3929.0,114.72598587999242,4.486909932292695,yes
160887.0,25.0,admin.,single,tertiary,no,no,call,12.0,oct,Night ,1.0,1.0,0.0,,no,2916.0,102.70936265002376,4.162412147877043,no
134098.0,44.0,services,married,secondary,yes,no,call,30.0,jul,eve,3.0,3.0,0.0,,no,972.0,96.76048883260485,4.029801498122838,no
131790.0,51.0,services,single,secondary,no,no,SMS,22.0,jul,Morning,4.0,4.0,0.0,,no,510.0,103.87942913481248,4.135989056757932,no
122445.0,48.0,blue-collar,married,primary,yes,no,,27.0,may,Morning,7.0,7.0,0.0,,no,5172.0,94.44484800176104,5.705997505208583,no
136904.0,57.0,retired,married,secondary,no,no,call,14.0,aug,Evening,4.0,4.0,0.0,,no,191.0,108.73988873098608,6.211597154454105,no
154865.0,34.0,entrepreneur,married,tertiary,yes,no,email,18.0,may,Evening,6.0,6.0,0.0,,no,121.0,83.54425804014215,3.4568737925592683,no
136255.0,31.0,technician,married,secondary,no,no,email,11.0,aug,Afternoon,5.0,5.0,0.0,,no,30.0,99.58097554406,6.815409454382735,no
159990.0,70.0,retired,married,primary,no,no,call,8.0,jul,Afternoon,1.0,1.0,2.0,success,no,2795.0,109.42154498886336,7.445922095458439,yes
154734.0,27.0,management,single,tertiary,no,no,call,18.0,may,Afternoon,1.0,1.0,0.0,,no,3347.0,110.68146854437502,7.424282102568178,no
116775.0,38.0,blue-collar,married,primary,yes,no,,7.0,may,morning,2.0,2.0,0.0,,no,83.0,77.6253244824062,3.29797434755063,no
138755.0,56.0,services,married,secondary,no,yes,call,25.0,aug,Afternoon,5.0,5.0,0.0,,no,17.0,94.91573254223431,3.7709360978257447,no
129075.0,60.0,retired,married,secondary,no,yes,call,,jul,morning,2.0,2.0,0.0,,no,1141.0,103.01582324063689,5.460592744677815,no
124037.0,30.0,student,single,,no,no,,2.0,jun,Night,2.0,2.0,0.0,,no,809.0,86.97455842984834,5.1570588659752215,no
152431.0,40.0,blue-collar,,primary,yes,no,call,12.0,may,Night,1.0,1.0,1.0,failure,no,780.0,98.10058400654175,3.6383732858501183,no
117890.0,35.0,self-employed,married,secondary,yes,no,,9.0,may,Evening,2.0,2.0,0.0,,no,351.0,119.56591778084271,5.81747756177435,no
133680.0,58.0,retired,married,secondary,no,no,call,29.0,jul,Evening,7.0,7.0,0.0,,no,35.0,102.04929819034363,6.213504961741588,no
135097.0,61.0,retired,married,secondary,no,no,call,6.0,aug,eve,4.0,4.0,0.0,,no,77.0,120.59085549626731,6.38600843062579,yes
156882.0,28.0,services,single,secondary,yes,yes,call,13.0,aug,Morning,1.0,1.0,0.0,,no,231.0,98.25431219168611,6.63450968213826,no
138525.0,33.0,,married,tertiary,no,no,call,22.0,aug,Night,1.0,1.0,0.0,,no,8971.0,80.36801886311795,5.410318135585259,no
153343.0,36.0,blue-collar,married,secondary,yes,no,call,13.0,may,morning,2.0,2.0,0.0,,no,330.0,92.40294013325209,4.6691875147047925,no
144922.0,39.0,blue-collar,married,secondary,yes,no,call,2.0,feb,Night,1.0,1.0,0.0,,no,,100.99214894545841,3.268245824500827,no
125720.0,60.0,management,married,,no,no,,9.0,jun,Night,1.0,1.0,0.0,,no,2508.0,92.04342932889159,4.489085944981605,no
126917.0,38.0,admin.,divorced,secondary,yes,no,,17.0,jun,Afternoon,3.0,3.0,0.0,,no,156.0,102.35731758160648,4.508467484870854,no
152885.0,57.0,retired,married,primary,yes,no,call,13.0,may,Evening,2.0,2.0,2.0,failure,no,13.0,101.61342535008602,5.586879236057926,no
120327.0,29.0,technician,married,tertiary,yes,no,,20.0,may,Night ,2.0,2.0,0.0,,no,43.0,121.12469747710848,3.0904766166507027,no
158934.0,45.0,management,married,tertiary,yes,no,call,15.0,feb,Night,4.0,4.0,6.0,success,no,226.0,88.41030676272878,8.94159579770392,yes
134904.0,60.0,blue-collar,married,secondary,yes,No,call,5.0,aug,Morning,1.0,1.0,0.0,,,2879.0,98.77752111997117,3.1884097794675967,no
146379.0,28.0,technician,single,secondary,yes,No,call,5.0,feb,Morning,3.0,3.0,0.0,,no,1405.0,106.42028860029265,4.466336535490247,no
124378.0,30.0,blue-collar,married,primary,yes,no,,3.0,jun,Evening,1.0,1.0,0.0,,no,346.0,93.61496382585162,5.034104613694724,no
117576.0,47.0,technician,married,primary,yes,no,,9.0,may,Afternoon,1.0,1.0,0.0,,no,187.0,104.04507783422564,5.669107842914361,no
153283.0,35.0,services,married,secondary,yes,no,call,13.0,may,eve,5.0,5.0,0.0,,no,102.0,107.26501207863126,6.321012250808721,no
136026.0,55.0,technician,married,secondary,no,no,call,11.0,aug,Afternoon,2.0,2.0,0.0,,no,462.0,99.80371902283167,4.884365075216801,no
135050.0,60.0,management,married,tertiary,no,yes,call,5.0,aug,Night ,3.0,3.0,0.0,,no,3876.0,117.3314472558153,6.40443689510022,no
156202.0,23.0,student,single,tertiary,no,no,call,16.0,,Night ,2.0,2.0,0.0,,no,341.0,100.2151438089485,,no
143708.0,52.0,technician,married,secondary,no,yes,call,28.0,jan,Evening,1.0,1.0,0.0,,no,-35.0,118.63624225904157,7.3106634970850255,no
143078.0,45.0,management,married,tertiary,yes,no,call,21.0,nov,Night ,1.0,1.0,2.0,failure,no,2220.0,93.5268672744414,5.154666002618679,no
140098.0,49.0,retired,married,secondary,no,no,call,17.0,nov,Afternoon,1.0,1.0,0.0,,no,8648.0,,2.5267582609978083,no
122329.0,24.0,technician,single,,yes,yes,,27.0,may,Evening,3.0,3.0,0.0,,no,818.0,86.7582163174942,4.910233597873624,no
149304.0,34.0,management,divorced,tertiary,no,no,call,20.0,apr,eve,1.0,1.0,4.0,failure,no,471.0,101.47427780238235,4.847952919463858,no
144737.0,54.0,admin.,married,primary,yes,no,call,30.0,jan,Afternoon,3.0,3.0,0.0,,no,0.0,93.9155278401996,4.313841614992377,no
141667.0,45.0,management,single,tertiary,no,yes,call,19.0,nov,eve,1.0,1.0,0.0,,no,997.0,103.16473962562112,5.609712548163682,no
128835.0,29.0,blue-collar,married,secondary,yes,yes,call,7.0,jul,Morning,1.0,1.0,0.0,,no,-305.0,109.187739207167,5.325934001409254,no
129392.0,28.0,self-employed,single,secondary,yes,no,call,,jul,Morning,1.0,1.0,0.0,,no,241.0,83.41473845371343,6.671464284985529,no
134810.0,39.0,management,married,secondary,yes,no,call,4.0,aug,eve,1.0,1.0,0.0,,no,643.0,100.18173906122679,6.139884802341984,no
127511.0,41.0,blue-collar,married,primary,no,no,,19.0,jun,Afternoon,3.0,3.0,0.0,,no,246.0,99.51047058373406,7.066731510304992,yes
160435.0,27.0,self-employed,single,tertiary,no,no,call,12.0,aug,Morning,2.0,2.0,0.0,,no,4574.0,86.39738865174618,5.80310654352908,no
126300.0,54.0,retired,married,primary,no,No,,12.0,jun,eve,1.0,1.0,0.0,,no,2243.0,97.81884460450696,7.553744815557006,no
126717.0,43.0,management,married,tertiary,no,no,,17.0,jun,Afternoon,1.0,1.0,0.0,,no,439.0,107.72417405631779,4.572579701392966,no
152517.0,37.0,blue-collar,married,secondary,yes,no,call,12.0,may,Evening,1.0,1.0,0.0,,no,103.0,114.436051921348,6.764616100774324,no
133907.0,55.0,management,married,tertiary,no,no,call,30.0,jul,Afternoon,2.0,2.0,0.0,,no,-375.0,113.97018607589645,5.1531457959062,yes
147492.0,44.0,blue-collar,married,primary,yes,,call,,apr,Morning,1.0,,1.0,failure,no,612.0,111.07852652981555,,no
122508.0,59.0,management,single,tertiary,yes,no,,28.0,may,Night ,2.0,2.0,0.0,,no,68.0,110.58733927648797,5.663578709746699,no
128317.0,47.0,blue-collar,married,secondary,no,no,,30.0,jun,Afternoon,1.0,1.0,0.0,,no,323.0,105.49835909742845,5.554847215848231,no
151186.0,36.0,entrepreneur,married,tertiary,yes,No,call,7.0,may,Evening,1.0,1.0,0.0,,no,4576.0,112.16523963151674,8.212805668463758,no
136228.0,52.0,admin.,married,secondary,no,no,call,11.0,aug,Night ,3.0,3.0,0.0,,no,7742.0,110.81573206848572,3.3680644299836473,no
126429.0,37.0,services,married,secondary,yes,no,,16.0,jun,Night,3.0,3.0,0.0,,no,-58.0,116.84781725641217,6.621558328059892,no
123109.0,44.0,blue-collar,married,secondary,yes,no,,29.0,may,Afternoon,1.0,1.0,0.0,,no,6491.0,112.2951104014532,1.876590064692918,no
151008.0,30.0,blue-collar,married,secondary,yes,no,call,6.0,may,eve,2.0,2.0,0.0,,no,-71.0,96.9600679806395,3.211602943624551,no
130875.0,55.0,blue-collar,married,secondary,no,no,call,16.0,jul,morning,2.0,2.0,0.0,,no,3919.0,94.09531995643101,6.2351136268184115,no
144045.0,36.0,technician,married,tertiary,yes,yes,call,29.0,jan,eve,1.0,1.0,3.0,failure,no,-290.0,99.3249951990809,5.391026193089581,no
153664.0,38.0,blue-collar,married,primary,yes,no,call,14.0,may,Night ,2.0,2.0,0.0,,no,132.0,105.29835133585253,2.3860581373109713,no
140700.0,33.0,admin.,married,tertiary,yes,yes,call,18.0,nov,eve,1.0,1.0,0.0,,no,1636.0,91.63590868031798,6.226294552716041,no
160326.0,60.0,services,married,secondary,no,no,call,5.0,aug,eve,1.0,1.0,5.0,other,no,4428.0,92.40222446413489,5.221933500888501,no
124723.0,30.0,technician,married,tertiary,no,no,,4.0,jun,morning,1.0,1.0,0.0,,no,88.0,91.49427549104077,6.64736428482749,no
136378.0,32.0,technician,single,secondary,no,no,call,12.0,aug,Night ,2.0,2.0,0.0,,no,5.0,98.45691749838385,4.154171273919668,no
129515.0,43.0,technician,divorced,primary,no,yes,call,9.0,jul,Afternoon,4.0,4.0,0.0,,no,13.0,95.70157176672697,3.8996379288848457,no
143913.0,52.0,retired,married,secondary,no,no,call,28.0,jan,Night ,3.0,3.0,0.0,,no,414.0,96.6623501874676,3.6444334197718495,no
120517.0,37.0,management,single,tertiary,no,no,,20.0,may,Afternoon,3.0,3.0,0.0,,no,23867.0,99.89475206290835,6.545612654881545,no
144770.0,44.0,unemployed,married,,no,no,SMS,30.0,jan,Afternoon,2.0,2.0,0.0,,no,1309.0,105.3103415464553,9.207866233253219,no
135265.0,32.0,management,married,tertiary,no,no,call,6.0,aug,Night,6.0,6.0,0.0,,no,421.0,110.42378097520827,2.5972598510537557,no
129985.0,34.0,technician,,,yes,no,call,11.0,jul,Afternoon,2.0,2.0,0.0,,no,12.0,105.95532888603753,6.892398144831848,no
149292.0,35.0,services,single,secondary,yes,No,call,20.0,apr,Afternoon,1.0,1.0,0.0,,no,155.0,116.69098780098668,1.6939036096085216,no
144964.0,36.0,unemployed,married,secondary,yes,No,call,2.0,feb,Night ,1.0,1.0,1.0,failure,no,533.0,79.90907433547832,4.459124102317059,no
118870.0,56.0,blue-collar,divorced,secondary,yes,no,,14.0,may,eve,2.0,2.0,0.0,,no,166.0,91.25307598084957,4.139554901590796,no
134506.0,44.0,admin.,married,secondary,no,no,call,31.0,jul,Afternoon,5.0,5.0,0.0,,no,598.0,112.20816852997677,6.286341346499629,no
119104.0,48.0,services,married,secondary,yes,no,,15.0,may,Night ,1.0,1.0,0.0,,no,6127.0,100.64853622020917,5.75107377139594,no
119674.0,43.0,management,married,secondary,yes,no,,16.0,may,Evening,1.0,1.0,0.0,,no,-26.0,77.30771833648471,3.976459277017682,no
134776.0,51.0,housemaid,divorced,tertiary,no,no,call,4.0,aug,Evening,1.0,1.0,0.0,,no,1613.0,83.62277106959351,3.6822198843091742,yes
135611.0,47.0,blue-collar,married,primary,no,no,call,7.0,aug,Evening,4.0,4.0,0.0,,no,0.0,100.06025026610355,3.755591094662035,no
154301.0,54.0,unemployed,married,secondary,yes,no,call,15.0,may,Afternoon,5.0,5.0,2.0,failure,no,582.0,105.13949870960518,3.774245596226104,yes
139751.0,56.0,management,married,tertiary,no,yes,call,29.0,aug,Afternoon,2.0,2.0,0.0,,no,67.0,117.27600091029629,6.8179654144346555,no
120898.0,33.0,self-employed,married,tertiary,yes,no,,21.0,may,eve,2.0,2.0,0.0,,no,1301.0,114.70723763821594,5.591050154204188,no
134504.0,25.0,management,married,tertiary,yes,no,call,31.0,jul,Night ,31.0,31.0,0.0,,no,0.0,,5.673753099621678,no
144043.0,29.0,admin.,divorced,secondary,no,yes,call,29.0,jan,eve,1.0,1.0,0.0,,no,2.0,81.1179728828553,6.2447501294251015,no
124577.0,36.0,blue-collar,married,secondary,yes,no,,3.0,jun,morning,20.0,20.0,0.0,,no,6290.0,75.55378933651487,6.268347623710051,no
134737.0,45.0,management,divorced,secondary,no,no,call,4.0,aug,morning,1.0,1.0,0.0,,no,1950.0,98.99117626747415,4.799838231183372,no
137800.0,39.0,technician,single,secondary,no,No,call,20.0,aug,Evening,4.0,4.0,0.0,,no,0.0,92.94464778000498,7.827616319812401,no
142758.0,46.0,blue-collar,married,primary,yes,no,call,20.0,nov,Night ,6.0,6.0,4.0,failure,no,676.0,92.74177812254214,6.572036344622571,no
132632.0,52.0,entrepreneur,divorced,secondary,no,no,call,24.0,jul,Night ,5.0,5.0,0.0,,no,7.0,104.32351564551647,6.287750622202203,no
122937.0,45.0,services,single,secondary,yes,no,,28.0,may,Morning,5.0,5.0,0.0,,no,1377.0,105.83859773679697,5.63884708770456,no
159148.0,36.0,services,,secondary,no,no,call,9.0,mar,Afternoon,2.0,2.0,3.0,success,no,4721.0,97.90635465233733,6.491396963872694,yes
153255.0,33.0,blue-collar,single,secondary,yes,no,call,13.0,may,Night,1.0,1.0,0.0,,no,185.0,94.88791596237945,4.726024558701713,no
135081.0,31.0,self-employed,single,tertiary,no,no,call,6.0,aug,morning,4.0,4.0,0.0,,no,84.0,104.64548277514456,6.647231422312678,no
123475.0,40.0,technician,married,secondary,yes,yes,,30.0,may,morning,2.0,2.0,0.0,,no,-28.0,114.11349916738786,3.148407400474166,no
116856.0,46.0,blue-collar,married,primary,yes,,,7.0,may,Afternoon,1.0,1.0,0.0,,no,143.0,102.88558087220942,5.950548519325119,no
121367.0,27.0,admin.,single,tertiary,yes,no,,23.0,may,eve,1.0,1.0,0.0,,no,,98.42084548830952,4.06520180684098,no
127329.0,57.0,retired,married,,yes,no,,19.0,jun,Morning,1.0,1.0,0.0,,no,1621.0,86.64189545935099,5.971119427125735,no
138596.0,45.0,blue-collar,married,secondary,no,yes,call,25.0,aug,eve,4.0,4.0,0.0,,no,221.0,99.63776950466736,5.504561179327336,no
146550.0,60.0,blue-collar,married,primary,yes,no,call,6.0,feb,Morning,2.0,2.0,0.0,,no,5798.0,111.45089395550121,4.356258640524923,no
117150.0,49.0,admin.,married,primary,yes,no,,8.0,may,Morning,1.0,1.0,0.0,,no,458.0,115.37215036038023,7.761080620991862,no
119693.0,28.0,blue-collar,married,primary,yes,no,,16.0,may,morning,1.0,1.0,0.0,,no,507.0,102.53636281050117,5.558794444417516,no
159489.0,40.0,unemployed,single,tertiary,no,no,call,30.0,apr,morning,1.0,1.0,0.0,,no,72.0,106.99092702655,3.1713792662255864,yes
136753.0,52.0,management,single,tertiary,no,no,call,13.0,aug,Night ,6.0,6.0,0.0,,no,556.0,106.25212322950885,4.377534032477835,no
154916.0,27.0,management,single,tertiary,,no,call,18.0,may,Night ,5.0,5.0,0.0,,no,438.0,98.22029074743502,6.295081844712443,no
146545.0,29.0,unemployed,single,secondary,no,no,call,6.0,feb,Night,1.0,1.0,0.0,,no,2424.0,99.6448402110232,3.7394322000740687,no
155272.0,30.0,management,married,tertiary,no,no,call,22.0,may,Evening,2.0,2.0,3.0,failure,no,877.0,87.52788160487974,4.884596764170965,no
135171.0,57.0,technician,married,secondary,no,no,call,6.0,aug,Morning,2.0,2.0,0.0,,no,29.0,107.27167378381971,3.1677854382790938,no
153717.0,33.0,housemaid,single,secondary,yes,no,call,14.0,may,Afternoon,6.0,6.0,0.0,,no,96.0,113.85783463070793,5.084502225617167,no
120116.0,41.0,blue-collar,married,primary,yes,no,,19.0,may,morning,1.0,1.0,0.0,,no,262.0,100.69760506161167,5.00884207359071,no
160798.0,32.0,management,single,tertiary,no,no,,29.0,sep,Morning,1.0,1.0,5.0,failure,no,414.0,83.4179902066863,5.268762888557583,no
130327.0,41.0,technician,divorced,tertiary,yes,no,call,14.0,jul,Afternoon,4.0,4.0,0.0,,no,533.0,99.7629731959553,7.175679947215591,no
158363.0,61.0,retired,married,primary,no,no,call,10.0,dec,Afternoon,2.0,2.0,0.0,,no,421.0,105.51550530966836,6.5614994940181735,no
148037.0,50.0,self-employed,married,tertiary,yes,no,call,15.0,apr,Morning,1.0,1.0,4.0,failure,no,202.0,91.09799012271174,4.621388702135468,no
159310.0,30.0,technician,single,tertiary,no,no,call,5.0,apr,Morning,3.0,3.0,4.0,other,no,2325.0,107.45166562806791,7.881915817092113,no
127671.0,57.0,admin.,married,tertiary,no,no,,20.0,jun,Afternoon,3.0,3.0,0.0,,no,9311.0,101.22248529660573,5.143659565301753,no
131419.0,32.0,blue-collar,divorced,secondary,no,no,call,18.0,jul,Night ,1.0,1.0,0.0,,no,473.0,90.27859852690668,4.84951409016294,no
159552.0,58.0,blue-collar,married,primary,yes,yes,call,10.0,may,Evening,3.0,3.0,0.0,,no,226.0,106.06204133054581,5.914185113401346,no
158488.0,40.0,admin.,divorced,secondary,no,no,,7.0,jan,Afternoon,1.0,1.0,0.0,,no,212.0,114.90376785715297,2.8710854477404277,no
132422.0,32.0,housemaid,single,tertiary,no,No,call,23.0,jul,Morning,2.0,2.0,0.0,,no,93.0,108.83420039006285,3.7932921515085876,no
118311.0,34.0,management,married,tertiary,yes,yes,,,may,eve,1.0,1.0,0.0,,no,1557.0,95.76542040275055,6.554861975553822,no
123069.0,32.0,admin.,married,tertiary,no,no,,29.0,may,Night ,10.0,10.0,0.0,,no,118.0,100.88282661730021,5.8935845065719565,no
145694.0,48.0,self-employed,married,secondary,no,No,call,4.0,feb,Night,2.0,2.0,0.0,,no,1559.0,91.77085365863147,5.664291530609222,no
134953.0,34.0,management,married,tertiary,no,no,call,5.0,aug,morning,1.0,1.0,0.0,,no,697.0,97.64347696753407,3.071923472638817,no
129454.0,40.0,services,married,secondary,yes,yes,email,9.0,jul,morning,2.0,2.0,0.0,,no,22.0,94.48404683761467,6.402415198793402,no
130909.0,26.0,blue-collar,married,secondary,yes,yes,call,17.0,jul,Morning,3.0,3.0,0.0,,no,-11.0,117.50002711955528,1.7481600392809873,yes
120233.0,45.0,blue-collar,married,,yes,no,,19.0,may,morning,3.0,3.0,0.0,,no,1263.0,98.25014045692525,4.925030604640488,no
121080.0,47.0,services,married,,yes,no,,21.0,may,Night,5.0,5.0,0.0,,no,4822.0,89.1423202662182,4.8327537047706945,no
148388.0,41.0,services,married,secondary,yes,no,call,17.0,apr,Morning,1.0,1.0,1.0,other,no,121.0,98.56890143328981,4.93962794892724,no
151341.0,38.0,services,married,primary,yes,yes,call,7.0,may,Morning,1.0,1.0,2.0,other,no,0.0,103.54139180961103,6.749193031748216,no
126976.0,52.0,retired,married,secondary,no,no,,18.0,jun,Afternoon,3.0,3.0,0.0,,no,424.0,117.65085536579926,6.075091285169362,no
128885.0,47.0,services,married,secondary,no,yes,call,7.0,jul,Evening,2.0,2.0,0.0,,no,24.0,100.15859415451332,5.16218103481183,no
150576.0,24.0,admin.,single,tertiary,yes,no,call,5.0,may,Afternoon,2.0,2.0,0.0,,no,805.0,109.05965715066807,6.161434814142314,no
127836.0,48.0,blue-collar,divorced,primary,no,no,,20.0,jun,Evening,3.0,3.0,0.0,,no,2677.0,89.23306694772295,3.6593310647592214,no
123612.0,32.0,blue-collar,married,secondary,yes,yes,,30.0,may,morning,1.0,1.0,0.0,,no,883.0,110.58053078233883,6.181895307233303,no
137012.0,60.0,housemaid,married,secondary,no,no,call,14.0,aug,eve,5.0,5.0,0.0,,no,5.0,100.97317098893949,,no
152246.0,34.0,admin.,married,secondary,yes,no,call,11.0,may,Night,2.0,2.0,0.0,,no,148.0,113.72961720599838,3.9037263070484305,no
140794.0,41.0,services,married,secondary,yes,no,call,18.0,nov,Afternoon,1.0,1.0,1.0,success,no,446.0,114.294748550587,5.724271058696955,no
145969.0,30.0,admin.,married,secondary,no,,call,4.0,feb,eve,2.0,2.0,0.0,,yes,23.0,110.34670994688086,,no
116186.0,34.0,technician,married,secondary,yes,,,5.0,,Evening,4.0,4.0,0.0,,no,19.0,94.85420337201018,4.0184225200556,no
148962.0,26.0,technician,single,secondary,no,No,call,20.0,apr,Evening,2.0,2.0,0.0,,no,181.0,96.34131338281472,5.743331949751977,yes
119172.0,57.0,retired,married,primary,yes,no,,,may,Evening,1.0,1.0,0.0,,no,3123.0,78.72900588379409,4.608882108100698,no
145598.0,33.0,blue-collar,married,secondary,yes,no,call,3.0,feb,Night,3.0,3.0,0.0,,no,640.0,99.27965064657398,4.516155655556393,no
131978.0,27.0,technician,single,secondary,no,no,call,22.0,jul,eve,1.0,1.0,0.0,,no,285.0,104.9811650423897,4.369099333547298,no
130051.0,41.0,admin.,married,secondary,no,yes,SMS,11.0,jul,eve,2.0,2.0,0.0,,,488.0,84.36640446325806,6.136598454815332,no
134611.0,31.0,management,divorced,tertiary,yes,yes,call,31.0,jul,morning,10.0,10.0,0.0,,no,-547.0,88.51912204818206,3.790291122095204,no
153849.0,24.0,blue-collar,single,secondary,yes,no,call,14.0,may,Night,2.0,2.0,0.0,,no,-169.0,104.98748998457859,5.91215351469129,no
141045.0,48.0,blue-collar,married,secondary,yes,yes,call,18.0,nov,Afternoon,1.0,1.0,3.0,failure,no,3008.0,87.70133840015183,6.077705889227214,no
157526.0,36.0,technician,married,tertiary,yes,no,call,25.0,sep,Night ,1.0,1.0,0.0,,no,1179.0,90.20627951549326,5.237144121872442,no
116184.0,24.0,student,single,secondary,yes,no,,5.0,may,Evening,3.0,3.0,0.0,,no,423.0,94.44235952339768,5.189060106424575,no
160775.0,36.0,self-employed,married,tertiary,no,no,call,24.0,sep,Afternoon,2.0,2.0,8.0,failure,no,980.0,88.50300847470518,4.559877203468934,no
137793.0,56.0,retired,married,primary,no,no,call,20.0,aug,Afternoon,4.0,4.0,0.0,,no,681.0,85.42364162867199,3.8457348461318563,no
123735.0,38.0,services,married,secondary,yes,yes,,30.0,may,Evening,2.0,2.0,0.0,,no,-762.0,93.98432488260715,5.497079565947409,no
141911.0,32.0,technician,married,secondary,no,no,call,19.0,nov,Night,2.0,2.0,0.0,,no,1119.0,100.45184660536508,5.5519468146134985,no
122889.0,51.0,blue-collar,married,primary,yes,No,,28.0,may,Night,2.0,2.0,0.0,,,593.0,93.95866267164386,6.221738183829436,no
126878.0,39.0,blue-collar,married,primary,yes,no,,17.0,jun,Morning,3.0,3.0,0.0,,no,2303.0,86.45233360198279,3.516352589462673,yes
141892.0,35.0,management,married,tertiary,no,no,call,19.0,nov,Afternoon,4.0,4.0,0.0,,no,376.0,104.75090204284706,3.9107154424028603,no
158008.0,58.0,admin.,married,secondary,,no,email,2.0,nov,Morning,3.0,3.0,0.0,,no,2777.0,98.40496757520245,0.6100315877542553,no
133459.0,51.0,technician,married,secondary,yes,no,call,29.0,jul,Night,6.0,6.0,0.0,,no,-396.0,112.62129304612776,4.586802597491559,no
134675.0,56.0,admin.,married,secondary,no,no,SMS,31.0,jul,Afternoon,3.0,3.0,0.0,,no,2796.0,110.10559921629125,6.944137833388385,no
141137.0,36.0,entrepreneur,single,secondary,no,no,call,18.0,nov,Morning,2.0,2.0,2.0,failure,no,296.0,94.53216239218885,2.9478613506364946,no
156075.0,22.0,blue-collar,single,secondary,no,no,call,5.0,jun,Night,2.0,2.0,1.0,success,no,682.0,99.75074621026647,7.005917106093168,yes
151493.0,,management,married,tertiary,yes,no,call,7.0,may,Evening,2.0,2.0,3.0,failure,no,734.0,110.1181212148468,5.374847925572054,no
121955.0,33.0,services,married,secondary,yes,yes,,26.0,may,eve,2.0,2.0,0.0,,no,2065.0,106.05456197989888,4.880458722263413,no
123312.0,28.0,services,single,secondary,yes,no,,29.0,may,eve,4.0,4.0,0.0,,no,6332.0,111.20988861005544,3.6007093425272636,no
139936.0,36.0,self-employed,single,tertiary,yes,yes,SMS,17.0,oct,Night ,1.0,1.0,0.0,,no,,100.9028019977515,4.226608950267546,yes
126148.0,40.0,blue-collar,married,primary,yes,no,,11.0,jun,Night,3.0,3.0,0.0,,no,5560.0,103.84625420564231,6.417277861447418,no
140373.0,57.0,management,married,tertiary,yes,no,SMS,17.0,,eve,1.0,1.0,0.0,,yes,-24.0,110.64358003138705,3.5504916567720546,no
146419.0,40.0,unemployed,married,tertiary,yes,No,call,5.0,feb,Night,5.0,5.0,1.0,failure,no,2135.0,105.64846599909703,3.7990443110058556,no
126436.0,41.0,technician,married,secondary,no,no,,16.0,jun,morning,6.0,6.0,0.0,,no,902.0,96.09602469901013,5.186172427430943,no
139672.0,32.0,technician,single,secondary,no,no,call,29.0,aug,Morning,2.0,2.0,0.0,,no,792.0,111.72542727529226,6.38878701860166,no
120163.0,43.0,services,divorced,secondary,yes,no,,,may,Morning,3.0,3.0,0.0,,no,1040.0,106.86866848833563,2.6841303502569605,yes
141217.0,49.0,blue-collar,married,primary,yes,no,call,18.0,nov,Afternoon,2.0,2.0,0.0,,no,-14.0,113.629654697628,3.124015790838739,no
140117.0,48.0,management,married,tertiary,yes,no,call,17.0,nov,eve,1.0,1.0,0.0,,no,3419.0,106.50853260812131,3.5977416232669106,no
129878.0,26.0,management,,tertiary,no,no,call,10.0,jul,eve,3.0,3.0,0.0,,no,45.0,88.69900232155167,3.5372261953684143,yes
135824.0,46.0,technician,single,tertiary,no,no,call,8.0,aug,morning,4.0,4.0,0.0,,no,2739.0,96.74891611331547,3.932184343679159,no
119759.0,44.0,admin.,married,secondary,yes,yes,,16.0,may,Evening,1.0,1.0,0.0,,no,0.0,103.69783770288383,6.149892218938487,no
122975.0,42.0,blue-collar,single,primary,yes,no,,29.0,may,Morning,2.0,2.0,0.0,,no,181.0,90.65725875066664,5.6370742997557635,no
145532.0,44.0,entrepreneur,married,tertiary,no,no,call,,feb,Evening,2.0,2.0,0.0,,no,3850.0,96.60913185827289,5.1790384301658134,no
125815.0,54.0,management,married,tertiary,yes,no,,9.0,jun,eve,3.0,3.0,0.0,,no,2226.0,93.31417364974897,3.025501719090283,no
119053.0,43.0,services,married,secondary,yes,no,,14.0,may,Night ,3.0,3.0,0.0,,no,0.0,89.53241724022249,4.5215033961178746,no
130595.0,49.0,blue-collar,divorced,secondary,yes,no,call,15.0,jul,Night,4.0,4.0,0.0,,no,4177.0,106.73767098085007,7.320361334155248,no
125467.0,37.0,self-employed,divorced,tertiary,yes,,,6.0,jun,Evening,2.0,2.0,0.0,,no,160.0,102.09106582232012,6.1025961588421165,no
115950.0,40.0,blue-collar,single,,yes,no,,,may,Evening,1.0,1.0,0.0,,no,24.0,104.62152779222072,4.295277516480838,no
155929.0,33.0,management,single,tertiary,yes,no,call,3.0,jun,morning,2.0,2.0,0.0,,no,1439.0,102.18940106267353,2.2545600603522282,no
143626.0,53.0,,married,,no,no,email,28.0,jan,Afternoon,1.0,1.0,0.0,,no,13.0,88.82243523764437,5.988746754373478,no
117165.0,41.0,admin.,married,secondary,yes,no,,8.0,may,morning,2.0,2.0,0.0,,no,55.0,94.64727606924579,3.86908287999726,yes
139318.0,54.0,blue-collar,married,secondary,yes,no,call,27.0,aug,Night ,7.0,7.0,0.0,,no,-102.0,107.97334968886375,4.80720918775751,no
117554.0,49.0,services,divorced,secondary,yes,no,,,may,eve,2.0,2.0,0.0,,no,470.0,93.73848798186084,4.304122807518245,no
153636.0,41.0,blue-collar,single,secondary,no,yes,call,14.0,may,Night ,1.0,1.0,10.0,other,no,1880.0,100.77900064566425,5.675406762759542,no
138708.0,32.0,management,single,tertiary,no,no,call,25.0,aug,Night,8.0,8.0,0.0,,no,776.0,93.23436353500776,4.072167581974277,no
129433.0,39.0,services,divorced,secondary,yes,no,call,9.0,jul,Morning,1.0,1.0,0.0,,no,687.0,101.62729674949466,3.1079966702923265,yes
120283.0,33.0,admin.,single,secondary,yes,no,,20.0,may,Morning,1.0,1.0,0.0,,no,434.0,90.90896879520055,2.625069397200453,no
139946.0,48.0,student,single,,no,no,SMS,20.0,oct,Evening,1.0,1.0,0.0,,no,1279.0,110.33087278836227,6.422718218595762,no
125853.0,58.0,blue-collar,married,secondary,no,no,,9.0,jun,morning,3.0,3.0,0.0,,no,25.0,92.99100672164917,8.813711447805808,yes
133403.0,31.0,technician,single,tertiary,yes,yes,call,29.0,jul,Evening,4.0,4.0,0.0,,no,-749.0,112.37061863348985,5.223070221949225,no
133960.0,50.0,entrepreneur,married,tertiary,no,no,SMS,30.0,jul,Evening,4.0,4.0,0.0,,no,230.0,103.49091538251828,6.277685962387647,yes
121808.0,42.0,blue-collar,married,secondary,yes,no,,26.0,may,morning,2.0,2.0,0.0,,no,-921.0,78.55102454458208,3.8468450344480507,no
157344.0,36.0,technician,married,tertiary,no,no,call,7.0,sep,Evening,3.0,3.0,2.0,success,no,1354.0,101.1729440999008,4.676279178470793,yes
121894.0,46.0,management,divorced,tertiary,no,no,,26.0,may,eve,2.0,2.0,0.0,,no,25.0,98.27141880942469,5.693658745196214,no
156611.0,44.0,admin.,single,secondary,no,no,call,7.0,aug,Night ,1.0,1.0,2.0,other,no,1534.0,93.47128142541737,3.793454317747826,yes
147144.0,48.0,management,married,primary,no,no,call,5.0,mar,Afternoon,6.0,6.0,0.0,,no,606.0,82.48779381559484,6.050603687959567,no
129381.0,39.0,blue-collar,married,secondary,yes,yes,call,,jul,Evening,13.0,13.0,0.0,,no,1045.0,104.98596853690701,6.01974057453203,no
143251.0,59.0,management,married,tertiary,yes,yes,call,21.0,nov,eve,1.0,1.0,0.0,,no,261.0,86.90094555927305,3.0481335131894047,no
122564.0,39.0,blue-collar,divorced,secondary,no,no,,28.0,may,Evening,1.0,1.0,0.0,,no,412.0,92.57779981646978,6.298951289810081,no
130054.0,32.0,management,married,tertiary,yes,no,call,11.0,jul,Evening,2.0,2.0,0.0,,no,1660.0,85.76418407123117,3.9743954242583577,no
122943.0,44.0,blue-collar,married,primary,yes,no,,28.0,may,Night,2.0,2.0,0.0,,no,194.0,108.62864579434824,5.370840927555568,no
123886.0,44.0,entrepreneur,married,tertiary,yes,no,,2.0,jun,eve,2.0,2.0,0.0,,no,307.0,97.22086814186153,1.2763763130837154,no
143951.0,53.0,management,married,tertiary,no,no,call,28.0,jan,Night,3.0,3.0,0.0,,no,811.0,99.64308721208727,4.492157226614987,no
153489.0,37.0,services,divorced,secondary,yes,no,call,14.0,may,morning,1.0,1.0,1.0,failure,no,241.0,100.64064570804797,5.103705284549661,no
123179.0,44.0,management,married,secondary,yes,no,,29.0,may,eve,1.0,1.0,0.0,,no,27.0,101.62988278637077,7.3756758666726165,no
154795.0,44.0,entrepreneur,married,primary,yes,no,call,18.0,may,Night,3.0,3.0,0.0,,no,1434.0,99.99972691692989,6.409644506927251,no
138861.0,49.0,unemployed,married,primary,no,no,call,26.0,aug,Night,2.0,2.0,0.0,,no,50.0,105.35606156892885,6.143083542633601,no
136369.0,58.0,retired,married,primary,no,no,call,12.0,aug,Night ,2.0,2.0,0.0,,no,1472.0,106.09336810030666,3.596694179125074,no
121908.0,43.0,services,married,primary,yes,no,,26.0,may,eve,6.0,6.0,0.0,,no,448.0,101.30910197169224,4.5240488910611925,no
147882.0,40.0,admin.,married,secondary,yes,no,call,13.0,apr,Morning,2.0,2.0,0.0,,no,5087.0,102.98838644856293,2.525693953048842,no
141323.0,48.0,management,married,tertiary,yes,no,SMS,,nov,Night,3.0,3.0,0.0,,no,1175.0,101.77857235733613,2.1317124037335713,no
146358.0,29.0,admin.,single,secondary,no,No,call,5.0,feb,Evening,2.0,2.0,0.0,,no,209.0,94.9077903350245,7.059230504090908,no
120460.0,54.0,housemaid,married,secondary,yes,no,,20.0,may,Night,7.0,7.0,0.0,,no,167.0,109.07115222324245,5.6509750350276144,no
146013.0,37.0,management,married,tertiary,yes,no,call,4.0,feb,Night ,3.0,3.0,3.0,other,no,1639.0,93.76852285068937,7.736165542463067,no
135104.0,45.0,admin.,married,secondary,no,no,call,6.0,aug,Evening,2.0,2.0,0.0,,no,925.0,94.44482853646828,4.958349710010067,yes
155055.0,34.0,technician,married,secondary,yes,no,call,18.0,may,Night ,4.0,4.0,7.0,other,no,966.0,91.39087697787676,6.909993808432814,no
128275.0,56.0,management,married,tertiary,no,no,,27.0,jun,Evening,2.0,2.0,0.0,,no,382.0,110.12224580608839,4.088237392369648,no
147607.0,37.0,technician,divorced,tertiary,yes,no,call,7.0,apr,Afternoon,1.0,1.0,2.0,failure,no,1174.0,84.690700347536,4.6939460975427805,no
120306.0,30.0,management,single,tertiary,yes,no,,20.0,may,Night,1.0,1.0,0.0,,no,3110.0,94.56469040767053,3.2414547789441635,no
154990.0,34.0,management,single,,yes,No,call,18.0,may,Afternoon,1.0,1.0,0.0,,no,6013.0,106.18939790153452,4.790616974513782,yes
136921.0,34.0,management,single,tertiary,no,no,call,14.0,aug,eve,4.0,4.0,0.0,,no,416.0,106.29508379875541,5.44719649509218,no
136549.0,42.0,technician,single,tertiary,no,no,call,12.0,aug,Afternoon,4.0,4.0,0.0,,no,166.0,106.02925952886746,5.29436071491911,no
131391.0,58.0,housemaid,married,primary,no,no,email,18.0,jul,morning,3.0,3.0,0.0,,no,237.0,103.86432845884855,3.69300596298806,no
116545.0,39.0,admin.,married,secondary,yes,no,,6.0,may,Night ,1.0,1.0,0.0,,no,104.0,78.56468403588977,5.199502459319072,no
124873.0,49.0,blue-collar,married,,no,no,,5.0,jun,eve,1.0,1.0,0.0,,no,1944.0,94.24530137536613,4.394243786725788,no
133387.0,43.0,blue-collar,married,secondary,no,no,email,28.0,jul,morning,12.0,12.0,0.0,,,536.0,99.32645327946538,2.149942370916992,no
136381.0,30.0,technician,single,tertiary,yes,No,call,12.0,aug,Evening,2.0,2.0,0.0,,no,8138.0,91.55735443541107,6.460986427147574,no
149099.0,61.0,management,married,tertiary,no,no,call,20.0,apr,morning,1.0,1.0,0.0,,no,267.0,88.45278644770184,6.026506096688836,yes
148857.0,53.0,technician,divorced,secondary,yes,No,call,17.0,apr,Evening,2.0,2.0,9.0,other,no,281.0,107.57051361754857,7.915379175758348,no
126462.0,57.0,services,married,secondary,no,no,,16.0,jun,Night,1.0,1.0,0.0,,no,197.0,95.96777946687979,,no
131392.0,33.0,technician,married,secondary,yes,no,call,18.0,jul,eve,2.0,2.0,0.0,,no,272.0,101.47266235271168,6.1935253715015435,no
117110.0,48.0,blue-collar,single,,yes,no,,8.0,may,Afternoon,2.0,2.0,0.0,,no,71.0,90.79189840395489,6.1434370737228114,no
153085.0,29.0,management,single,tertiary,yes,no,call,13.0,may,Morning,1.0,1.0,1.0,failure,no,0.0,103.65139962648338,5.492257354854772,no
134763.0,46.0,blue-collar,married,primary,yes,no,call,4.0,aug,Night ,1.0,1.0,0.0,,no,783.0,101.74326257759364,2.4791418989741847,no
128207.0,40.0,technician,married,secondary,no,yes,,26.0,jun,Afternoon,2.0,2.0,0.0,,no,0.0,108.38462336776936,4.247561878767017,no
150871.0,32.0,technician,single,secondary,yes,no,call,6.0,may,eve,1.0,1.0,1.0,other,yes,-92.0,98.96732230819445,5.872099113064852,no
138188.0,54.0,management,married,tertiary,no,no,call,21.0,aug,Afternoon,7.0,7.0,0.0,,no,1090.0,106.06136483813627,7.3129218973134895,no
148944.0,49.0,technician,married,,no,no,call,17.0,apr,Night ,3.0,3.0,0.0,,no,1359.0,92.80320029821335,6.36734961459017,no
148226.0,38.0,technician,divorced,secondary,yes,no,call,16.0,apr,Afternoon,1.0,1.0,0.0,,no,0.0,113.22070333485533,5.682244017253992,no
126203.0,,services,married,secondary,yes,no,,12.0,jun,Night,1.0,1.0,0.0,,no,440.0,98.96181686570452,4.529403164568605,no
152713.0,33.0,management,single,tertiary,yes,No,email,12.0,may,morning,2.0,2.0,0.0,,no,1150.0,96.66004814414028,6.907104451151124,no
131104.0,52.0,housemaid,married,primary,yes,no,call,17.0,jul,morning,1.0,1.0,0.0,,no,,91.01828508546953,4.675821168906188,yes
151853.0,38.0,management,divorced,tertiary,yes,no,call,8.0,may,Morning,2.0,2.0,1.0,other,no,637.0,102.95304216776104,2.2813387968120846,no
132896.0,25.0,technician,single,secondary,yes,no,call,25.0,jul,Morning,2.0,2.0,0.0,,no,1036.0,116.07496308860024,5.802892550762789,no
160858.0,28.0,services,single,secondary,no,No,email,11.0,oct,Afternoon,2.0,2.0,14.0,other,no,1347.0,109.8006878068946,5.318147935436218,no
127425.0,60.0,,married,,no,no,,19.0,jun,Night ,1.0,1.0,0.0,,no,652.0,86.20710539347237,5.310134412925639,no
154146.0,32.0,self-employed,divorced,tertiary,yes,no,call,15.0,may,Evening,1.0,1.0,3.0,other,no,3695.0,97.44505393448004,4.870663849413411,no
126831.0,49.0,retired,divorced,primary,no,no,,17.0,jun,Night,1.0,1.0,0.0,,no,150.0,95.01034281003169,3.8438552623394084,no
139509.0,55.0,services,married,secondary,no,no,call,28.0,aug,Morning,8.0,8.0,0.0,,no,879.0,87.05988295290729,6.4222641742093876,no
150495.0,32.0,management,single,tertiary,yes,yes,call,5.0,may,eve,1.0,1.0,0.0,,no,11.0,87.88742027236063,5.694050165945876,no
137383.0,32.0,management,single,tertiary,no,no,call,19.0,aug,Evening,2.0,2.0,0.0,,no,470.0,95.12305156920766,5.0857241459445754,no
133876.0,30.0,services,divorced,secondary,yes,yes,call,30.0,jul,Night,3.0,3.0,0.0,,no,0.0,87.78218059648296,4.1220862121767645,no
120880.0,35.0,blue-collar,married,secondary,yes,no,,21.0,may,Night ,1.0,1.0,0.0,,no,463.0,83.92606159544601,5.437690900125974,no
142822.0,32.0,admin.,married,secondary,yes,no,call,21.0,nov,Night ,1.0,1.0,0.0,,no,9049.0,90.88537166300998,5.8582406586774916,no
143877.0,55.0,technician,married,secondary,no,no,call,28.0,jan,Evening,2.0,2.0,12.0,failure,no,3207.0,87.01556348262443,4.988750539631503,no
142916.0,31.0,self-employed,married,tertiary,yes,yes,call,21.0,nov,morning,1.0,1.0,2.0,failure,no,5.0,,5.213966302291886,yes
153801.0,49.0,management,divorced,tertiary,yes,no,call,14.0,may,Night,2.0,2.0,0.0,,no,1253.0,90.1974566015672,3.137082023551233,no
151075.0,39.0,management,single,tertiary,yes,no,call,7.0,may,eve,1.0,1.0,6.0,failure,no,968.0,86.74234828086837,5.715908599202113,no
116597.0,40.0,blue-collar,divorced,primary,no,no,,6.0,may,Evening,2.0,2.0,0.0,,no,369.0,92.29688649946158,4.724822490380012,no
128726.0,40.0,management,divorced,tertiary,no,yes,call,7.0,jul,Night,2.0,2.0,0.0,,no,492.0,97.07126488993515,3.5789337947671216,no
139828.0,55.0,blue-collar,married,primary,no,no,call,29.0,aug,Evening,19.0,19.0,0.0,,no,771.0,108.0277332049254,,no
143846.0,34.0,blue-collar,single,,no,no,call,28.0,jan,Afternoon,1.0,1.0,0.0,,no,5901.0,94.30127732592904,7.941681250046921,no
117744.0,43.0,blue-collar,married,primary,yes,no,,9.0,may,Night ,5.0,5.0,0.0,,no,336.0,108.706442949328,4.15046249012642,no
157230.0,32.0,technician,married,tertiary,yes,no,call,28.0,aug,Morning,1.0,1.0,4.0,success,no,636.0,110.42357460732929,5.564468314216741,yes
152321.0,44.0,blue-collar,single,secondary,yes,no,call,11.0,may,morning,2.0,2.0,0.0,,no,184.0,94.46518160940437,6.807026095004757,no
,,management,married,secondary,yes,no,,,may,Afternoon,11.0,11.0,0.0,,no,2294.0,114.33941274561838,6.259281785680148,no
120478.0,34.0,management,married,tertiary,yes,no,,20.0,may,Morning,1.0,1.0,0.0,,no,0.0,93.24185989949687,5.963900198568766,no
126589.0,28.0,blue-collar,single,secondary,yes,no,,16.0,jun,Morning,46.0,46.0,0.0,,no,235.0,83.34502267645563,4.328435760897609,no
128276.0,33.0,blue-collar,single,primary,yes,no,,27.0,jun,Afternoon,8.0,8.0,0.0,,no,837.0,90.4770181163268,1.1596479341278272,no
126709.0,36.0,admin.,single,secondary,yes,no,,17.0,jun,Night ,1.0,1.0,0.0,,no,,110.83548479799683,5.038881739527607,no
127877.0,49.0,services,divorced,secondary,no,No,,20.0,jun,Night,2.0,2.0,0.0,,no,947.0,101.51290527433343,5.2748162870855575,yes
151983.0,41.0,blue-collar,married,primary,yes,no,SMS,11.0,may,Night ,1.0,1.0,2.0,failure,no,236.0,93.34261688890318,7.745502271658044,no
132501.0,45.0,services,divorced,secondary,no,no,email,24.0,jul,Morning,11.0,11.0,0.0,,no,138.0,79.2897093643267,7.060546347212165,no
117983.0,36.0,services,married,tertiary,yes,yes,,12.0,may,morning,2.0,2.0,0.0,,no,2167.0,,6.126504088655485,no
130958.0,39.0,management,married,primary,no,yes,call,17.0,jul,Morning,1.0,1.0,0.0,,no,3760.0,91.15217713897411,8.629100653421002,no
140466.0,36.0,management,divorced,tertiary,yes,no,call,17.0,nov,Morning,1.0,1.0,1.0,success,no,3837.0,109.5241216763617,5.5405200661701945,no
121715.0,34.0,blue-collar,married,,no,no,,26.0,may,Afternoon,1.0,1.0,0.0,,no,-465.0,91.43281563766857,6.908756798343587,no
140743.0,46.0,management,married,tertiary,yes,yes,call,18.0,nov,eve,1.0,1.0,2.0,failure,no,4301.0,96.42521030154872,5.449718102944719,no
150193.0,33.0,management,married,tertiary,no,no,call,4.0,may,Night ,5.0,5.0,1.0,other,no,415.0,101.493559783607,4.62624013254848,no
157660.0,72.0,blue-collar,married,primary,no,no,email,13.0,oct,Night ,1.0,1.0,0.0,,no,4415.0,95.020522044286,4.7889518688792085,no
132140.0,59.0,technician,married,secondary,no,yes,email,23.0,jul,eve,1.0,1.0,0.0,,no,,73.49901229810995,5.152726054124609,no
120043.0,60.0,admin.,married,,no,no,,19.0,may,Morning,3.0,3.0,0.0,,no,738.0,105.85761029429933,3.394148560859053,no
139381.0,51.0,management,married,secondary,no,no,call,28.0,aug,Night,18.0,18.0,0.0,,no,1573.0,93.32627853593377,4.810354170910439,no
151393.0,46.0,entrepreneur,,tertiary,yes,,call,7.0,may,Evening,8.0,8.0,0.0,,no,193.0,97.94688752750184,3.022207695534017,no
128989.0,55.0,entrepreneur,married,tertiary,no,yes,call,8.0,jul,Evening,1.0,1.0,0.0,,no,22.0,103.95415156875285,4.794761006406913,no
127880.0,46.0,services,divorced,,no,no,,20.0,jun,eve,3.0,3.0,0.0,,no,3390.0,104.85076119243408,3.2466119409421927,no
152422.0,41.0,blue-collar,married,primary,yes,no,call,12.0,may,Night,4.0,4.0,11.0,other,no,164.0,132.32625497898735,4.171434850847373,no
137434.0,49.0,technician,divorced,tertiary,no,no,call,19.0,aug,Night,2.0,2.0,0.0,,no,0.0,116.58171467500112,6.291916866569171,no
125604.0,35.0,blue-collar,single,primary,no,No,,6.0,jun,Evening,1.0,1.0,0.0,,no,3798.0,110.56848244052725,4.832309163889322,no
140204.0,51.0,entrepreneur,married,tertiary,no,no,call,17.0,nov,Morning,1.0,1.0,2.0,failure,no,209.0,82.02204657427183,4.444216220985533,no
139930.0,46.0,technician,divorced,secondary,no,yes,email,17.0,oct,Night,1.0,1.0,0.0,,no,-90.0,99.07781513039043,6.7628310703995265,yes
139258.0,48.0,management,married,tertiary,no,No,call,27.0,aug,Evening,11.0,11.0,0.0,,no,2460.0,102.1450652029954,5.567287358547771,no
142290.0,39.0,blue-collar,single,secondary,yes,yes,call,20.0,nov,morning,1.0,1.0,14.0,failure,no,519.0,94.59628361535206,4.1988237790237575,no
126440.0,37.0,blue-collar,married,primary,yes,no,,16.0,jun,Evening,3.0,3.0,0.0,,no,3154.0,85.12126387964327,5.164507568040517,no
121267.0,29.0,blue-collar,single,secondary,yes,No,,23.0,may,morning,1.0,1.0,0.0,,no,208.0,93.77372692382328,3.64856898565943,no
153623.0,30.0,admin.,single,secondary,yes,no,call,14.0,may,Afternoon,1.0,1.0,2.0,failure,no,43.0,101.29274965262958,5.945878281209262,no
149786.0,47.0,blue-collar,married,secondary,yes,no,call,30.0,apr,Evening,1.0,1.0,1.0,success,no,1230.0,76.18121970660724,1.8985940074282759,yes
131937.0,31.0,management,single,tertiary,yes,no,call,22.0,jul,morning,2.0,2.0,0.0,,no,78.0,,3.8763344180199746,no
120438.0,37.0,technician,single,tertiary,yes,no,,20.0,may,Morning,1.0,1.0,0.0,,no,5122.0,101.39839094707933,3.4558885684857783,no
152844.0,40.0,services,married,secondary,yes,no,call,12.0,may,Morning,3.0,3.0,8.0,failure,no,949.0,105.62328614961395,7.056951048166297,no
119998.0,55.0,services,married,secondary,yes,no,,19.0,may,Night,1.0,1.0,0.0,,no,283.0,95.09453946276905,2.5298763026973115,no
150255.0,34.0,blue-collar,married,secondary,no,no,call,4.0,may,Night ,4.0,4.0,3.0,success,no,315.0,100.22886588489985,5.952107314229658,no
125872.0,39.0,admin.,divorced,secondary,no,no,,9.0,jun,Afternoon,3.0,3.0,0.0,,no,765.0,99.20131648586485,6.65241864985814,no
153116.0,35.0,blue-collar,married,primary,yes,no,call,13.0,may,Night,7.0,7.0,3.0,failure,no,455.0,108.58431378184295,3.0294868640296384,no
125454.0,59.0,retired,divorced,primary,,no,,6.0,jun,Night ,1.0,1.0,0.0,,no,40.0,115.74829152111491,3.9767597542585955,no
156511.0,66.0,retired,married,primary,no,no,email,4.0,aug,Night ,2.0,2.0,0.0,,no,12767.0,79.45626307790455,4.436390758028308,no
151849.0,47.0,retired,married,primary,no,yes,SMS,8.0,may,morning,2.0,2.0,3.0,failure,no,1374.0,87.3654966449451,5.4323699442230975,yes
155015.0,26.0,blue-collar,single,secondary,yes,No,call,18.0,may,morning,2.0,2.0,2.0,failure,no,154.0,106.1228739566035,3.9418204280901277,no
125537.0,50.0,,married,primary,no,no,,6.0,jun,Night,2.0,2.0,0.0,,no,1502.0,108.23706561388363,5.282549205432543,no
125476.0,37.0,blue-collar,married,secondary,yes,no,,6.0,jun,Afternoon,2.0,2.0,0.0,,no,287.0,118.61555641191202,4.468755677781397,no
131775.0,32.0,technician,married,tertiary,yes,no,call,21.0,jul,Night ,3.0,3.0,0.0,,no,-1053.0,115.29644740853897,2.5274141158820767,no
133867.0,45.0,blue-collar,single,,no,no,call,30.0,jul,Night,2.0,2.0,0.0,,no,713.0,97.69703284682915,4.605381376418359,no
120701.0,31.0,management,married,secondary,yes,No,,21.0,may,Evening,2.0,2.0,0.0,,no,8629.0,,4.607352296733778,no
131692.0,43.0,management,married,tertiary,yes,No,call,21.0,jul,Night ,1.0,1.0,0.0,,no,0.0,111.48670864819444,6.427809397392256,no
152888.0,29.0,student,single,secondary,yes,no,call,13.0,may,Night,6.0,6.0,9.0,failure,no,154.0,108.04890999744768,4.969172941417674,no
147127.0,34.0,blue-collar,single,secondary,no,no,call,3.0,mar,Morning,3.0,3.0,0.0,,no,215.0,93.2674098138203,5.745682210887676,yes
122515.0,28.0,admin.,married,secondary,yes,yes,,28.0,may,Afternoon,2.0,2.0,0.0,,no,9779.0,96.90262451313754,5.706327203027026,no
159920.0,39.0,management,married,tertiary,no,no,call,29.0,jun,Afternoon,1.0,1.0,2.0,success,no,2939.0,94.46105778484305,5.703464968428688,no
129541.0,52.0,admin.,married,secondary,,yes,email,9.0,jul,Night,1.0,1.0,0.0,,no,0.0,99.56925303196901,4.43224592381703,no
149633.0,64.0,management,married,tertiary,no,no,SMS,22.0,apr,Night,3.0,3.0,0.0,,no,679.0,115.85860381141259,4.541127048055228,no
131050.0,59.0,retired,married,tertiary,yes,no,call,17.0,jul,Evening,2.0,2.0,0.0,,no,6108.0,100.92123381383502,2.3120619144327232,no
117106.0,30.0,management,single,tertiary,yes,yes,,8.0,may,Morning,1.0,1.0,0.0,,no,59.0,85.48789492122859,6.462551217311406,no
140469.0,35.0,entrepreneur,single,tertiary,no,no,call,17.0,nov,Evening,2.0,2.0,0.0,,no,16.0,88.63594569372468,7.706150761920023,no
148785.0,29.0,services,single,secondary,yes,no,call,,apr,morning,1.0,1.0,0.0,,no,441.0,105.7575199212635,6.550798566003115,no
116208.0,36.0,blue-collar,married,secondary,yes,yes,,5.0,may,eve,2.0,2.0,0.0,,no,539.0,95.05723379221126,3.7448113075497833,no
156392.0,39.0,management,single,tertiary,no,no,call,7.0,jul,eve,1.0,1.0,0.0,,no,257.0,100.46375425470661,4.622039829408359,no
130599.0,38.0,technician,divorced,tertiary,yes,no,call,15.0,jul,Morning,4.0,4.0,0.0,,no,1425.0,97.25338290035404,3.035519233310715,no
138922.0,41.0,management,married,tertiary,no,no,call,26.0,aug,Morning,10.0,10.0,0.0,,no,725.0,100.2819570260197,4.914623929472348,no
120907.0,35.0,technician,married,secondary,yes,yes,,21.0,may,Afternoon,1.0,1.0,0.0,,no,1.0,104.72654176001734,4.721938683433813,no
126183.0,53.0,retired,married,secondary,yes,no,,12.0,jun,eve,1.0,1.0,0.0,,no,340.0,102.99560403034339,5.735151066134197,no
133413.0,56.0,services,married,secondary,no,yes,SMS,29.0,jul,eve,8.0,8.0,0.0,,no,467.0,101.6430388483133,6.5411477951272445,no
156536.0,39.0,admin.,divorced,secondary,yes,no,call,5.0,aug,Night,1.0,1.0,0.0,,no,160.0,91.52113646407133,6.051476971201398,no
158824.0,84.0,retired,divorced,primary,no,no,email,8.0,feb,Evening,2.0,2.0,2.0,failure,no,2619.0,99.02656207061851,7.756354731042392,no
119969.0,42.0,management,divorced,tertiary,no,no,,19.0,may,Night ,2.0,2.0,0.0,,no,0.0,104.5801570949926,4.95400248538998,no
131846.0,42.0,technician,divorced,secondary,yes,no,call,22.0,jul,morning,1.0,1.0,0.0,,no,-263.0,98.65279259680199,4.592652694480397,no
138781.0,35.0,technician,married,secondary,no,no,call,25.0,aug,eve,8.0,8.0,0.0,,no,31.0,103.04369745150089,4.525560637659127,no
116990.0,47.0,blue-collar,married,primary,yes,no,,7.0,may,Afternoon,2.0,2.0,0.0,,no,117.0,111.28942351294945,4.8577554680141635,no
138694.0,43.0,technician,married,secondary,no,No,call,25.0,aug,Evening,6.0,6.0,0.0,,,275.0,92.75662240060811,7.476171659732696,no
154979.0,23.0,blue-collar,single,,yes,no,call,18.0,may,Morning,1.0,1.0,0.0,,no,817.0,87.55302150839017,5.833279969082695,no
158804.0,,management,divorced,tertiary,no,no,call,5.0,feb,morning,2.0,2.0,0.0,,no,1057.0,104.76592113977048,7.415378384425039,no
147107.0,26.0,admin.,married,secondary,no,no,call,2.0,mar,Afternoon,1.0,1.0,0.0,,no,1595.0,115.5406749798143,5.3974734345537225,no
121355.0,40.0,admin.,married,secondary,yes,no,,23.0,may,Afternoon,2.0,2.0,0.0,,no,0.0,112.14928206926662,6.020816382771137,no
138587.0,33.0,management,single,tertiary,yes,no,call,25.0,aug,Night,4.0,4.0,0.0,,no,9135.0,106.68247715517907,5.261501108326778,no
128132.0,42.0,management,married,tertiary,yes,no,,20.0,jun,Night,18.0,18.0,0.0,,no,-1613.0,97.81366985844939,4.730619613390145,no
119083.0,50.0,blue-collar,married,primary,yes,no,,15.0,may,Evening,2.0,2.0,0.0,,no,,102.87299015155175,4.401113059452859,no
117515.0,42.0,management,divorced,secondary,yes,no,,9.0,may,Afternoon,1.0,1.0,0.0,,no,117.0,82.62549814957704,4.581566476452879,no
121684.0,34.0,blue-collar,single,primary,yes,no,,26.0,may,Morning,1.0,1.0,0.0,,no,-175.0,88.4659169741256,6.244237350173741,no
158977.0,27.0,student,single,tertiary,no,no,call,22.0,feb,Afternoon,1.0,1.0,2.0,failure,no,5741.0,91.16951254410202,5.624028148166962,no
156922.0,49.0,technician,married,tertiary,no,no,call,13.0,aug,Evening,3.0,3.0,0.0,,no,1235.0,105.55507668635018,4.179125300816413,yes
138333.0,32.0,technician,single,secondary,no,no,call,22.0,aug,eve,2.0,2.0,0.0,,no,90.0,93.9310125333206,7.965855231902632,no
149733.0,42.0,admin.,married,secondary,yes,yes,call,28.0,apr,Afternoon,3.0,3.0,0.0,,no,71.0,81.80012468208402,2.3137525083721786,no
136105.0,34.0,management,single,tertiary,yes,no,call,11.0,aug,Night ,2.0,2.0,0.0,,no,-292.0,100.53592521727202,4.054366247523944,no
120157.0,,management,single,tertiary,yes,no,,19.0,may,Evening,1.0,1.0,0.0,,no,-233.0,89.06990645217391,5.218849923298848,no
146435.0,48.0,admin.,married,secondary,yes,no,call,5.0,feb,eve,3.0,3.0,0.0,,no,191.0,96.66865149054772,4.883041769648245,no
155830.0,39.0,management,single,tertiary,no,no,call,2.0,jun,Evening,2.0,2.0,0.0,,no,3797.0,94.89140736402342,3.4282097391589827,no
130965.0,34.0,management,married,tertiary,yes,no,call,17.0,jul,morning,1.0,1.0,0.0,,no,3064.0,94.36466905116059,3.948172800069363,no
120503.0,36.0,management,single,secondary,yes,No,,20.0,may,Evening,1.0,1.0,0.0,,no,360.0,75.35154176074575,7.360580273067489,no
122394.0,47.0,entrepreneur,married,tertiary,yes,no,,27.0,may,morning,5.0,5.0,0.0,,no,362.0,108.91865180389652,2.2804325856806784,no
144906.0,57.0,unemployed,married,primary,yes,no,call,2.0,feb,Afternoon,2.0,2.0,0.0,,no,5126.0,112.18957055687488,,no
129273.0,47.0,services,married,secondary,yes,no,email,9.0,jul,eve,1.0,1.0,0.0,,no,0.0,90.0316278928813,6.327267777754467,no
156407.0,81.0,management,married,tertiary,no,no,call,7.0,jul,morning,1.0,1.0,0.0,,no,0.0,105.98680195933589,5.448228951442766,no
158153.0,43.0,unemployed,divorced,secondary,no,no,call,13.0,nov,Morning,2.0,2.0,1.0,success,no,1854.0,107.61949339313946,5.536306218860556,no
140730.0,42.0,admin.,,secondary,yes,yes,call,18.0,nov,morning,2.0,2.0,2.0,success,no,-247.0,97.83137362519234,5.309540653842403,no
143649.0,40.0,technician,single,secondary,yes,no,call,28.0,jan,Evening,1.0,1.0,1.0,other,no,2017.0,108.86044462261006,3.6624807864281665,no
130598.0,38.0,technician,married,secondary,yes,yes,call,15.0,jul,Evening,4.0,4.0,0.0,,no,0.0,106.69883615662384,5.0783675464847295,no
122983.0,53.0,retired,married,secondary,yes,no,,29.0,may,Evening,1.0,1.0,0.0,,no,1004.0,108.66496544815249,6.6887104460038405,no
144685.0,58.0,management,married,tertiary,yes,no,call,30.0,jan,Morning,1.0,1.0,0.0,,no,911.0,103.72831408448367,4.457669493647833,no
117771.0,33.0,technician,single,secondary,yes,no,,9.0,may,Evening,4.0,4.0,0.0,,no,513.0,116.96590025898946,4.5316819258223315,no
152524.0,32.0,blue-collar,married,secondary,no,no,call,12.0,may,Evening,1.0,1.0,0.0,,no,456.0,100.78560190890357,2.5976725670238996,no
126002.0,58.0,admin.,married,primary,no,no,,11.0,jun,Night ,1.0,1.0,0.0,,no,2232.0,88.27818911672455,5.891681891956519,no
117393.0,59.0,entrepreneur,married,tertiary,,no,,8.0,may,Night ,2.0,2.0,0.0,,no,-820.0,97.43152945815659,1.749480115355487,no
130317.0,35.0,technician,married,secondary,no,no,call,14.0,jul,Morning,3.0,3.0,0.0,,no,0.0,86.35760073607666,3.0206610632671307,no
138915.0,53.0,technician,married,secondary,no,no,call,26.0,aug,Afternoon,2.0,2.0,0.0,,no,0.0,106.62620409320022,4.820020204993376,no
154575.0,43.0,blue-collar,married,primary,,no,SMS,15.0,may,Afternoon,7.0,7.0,1.0,failure,no,-67.0,97.30686810701103,3.205020890130741,no
156627.0,60.0,management,single,tertiary,yes,no,call,7.0,aug,Morning,3.0,3.0,0.0,,no,1034.0,79.40500338608082,4.883506783668049,yes
149214.0,34.0,blue-collar,married,secondary,yes,yes,call,20.0,apr,eve,1.0,1.0,0.0,,no,470.0,101.49308279831199,6.713026446393024,no
143298.0,32.0,admin.,married,tertiary,no,no,call,21.0,nov,eve,4.0,4.0,10.0,failure,no,118.0,118.40138430844206,5.392559667309207,no
160351.0,29.0,admin.,single,tertiary,no,no,,6.0,aug,morning,1.0,1.0,0.0,,no,-197.0,103.67578004493164,5.05080653441212,no
123868.0,42.0,admin.,single,tertiary,yes,no,,2.0,jun,Night,3.0,3.0,0.0,,no,519.0,105.39036909164915,4.176646638521021,no
126975.0,44.0,blue-collar,married,secondary,no,no,,18.0,jun,eve,7.0,7.0,0.0,,no,0.0,107.17365673544536,3.5043380275375253,no
139457.0,55.0,retired,married,secondary,no,no,call,28.0,,Night,8.0,8.0,0.0,,no,123.0,94.76059619061172,4.651570343423331,no
125995.0,38.0,housemaid,married,secondary,no,no,,11.0,jun,Morning,4.0,4.0,0.0,,no,634.0,98.87472873445986,,no
149910.0,26.0,admin.,single,secondary,no,no,call,30.0,apr,morning,1.0,1.0,1.0,success,no,255.0,92.6860354856824,,yes
142183.0,32.0,blue-collar,married,primary,yes,yes,call,20.0,nov,Night,1.0,1.0,3.0,failure,no,2085.0,106.25490031686645,4.531983342458727,no
149039.0,58.0,retired,married,primary,yes,no,call,,apr,morning,1.0,1.0,0.0,,no,745.0,98.88961080716629,4.5893655429625415,no
142153.0,42.0,blue-collar,married,secondary,yes,no,email,20.0,nov,Evening,1.0,1.0,1.0,failure,no,3.0,105.41423952068264,7.37517521455155,no
136960.0,39.0,management,divorced,tertiary,yes,no,call,14.0,aug,Morning,2.0,2.0,0.0,,no,1387.0,94.14507386417297,6.472636688897479,no
123770.0,51.0,retired,divorced,secondary,yes,no,,30.0,may,Night ,2.0,2.0,0.0,,no,343.0,104.25504738256781,7.811498698358811,no
143126.0,44.0,management,married,tertiary,yes,yes,email,21.0,nov,Morning,1.0,1.0,0.0,,no,4119.0,94.52494840918658,3.0362954894300707,yes
154557.0,34.0,blue-collar,married,primary,yes,no,call,15.0,may,morning,3.0,3.0,0.0,,no,72.0,97.48112794446165,5.10135249293971,no
144482.0,28.0,technician,,tertiary,no,yes,call,29.0,jan,Afternoon,3.0,3.0,0.0,,no,203.0,101.30842628462288,5.179763819613891,no
116750.0,40.0,blue-collar,married,secondary,yes,no,,7.0,may,Night ,1.0,1.0,0.0,,no,563.0,86.6179245102778,3.621275008620724,no
149593.0,37.0,admin.,married,secondary,no,no,call,21.0,apr,Afternoon,1.0,1.0,0.0,,no,749.0,91.13088247158528,6.74826190065967,no
159612.0,57.0,retired,married,primary,no,No,call,14.0,may,Morning,4.0,4.0,7.0,success,no,9367.0,104.09461487606458,5.044095654986592,yes
157281.0,30.0,admin.,single,tertiary,no,no,call,1.0,sep,Night ,1.0,1.0,0.0,,no,4129.0,100.70989531000657,4.532916495561693,no
135209.0,60.0,blue-collar,married,primary,no,no,call,6.0,aug,Afternoon,2.0,2.0,0.0,,no,2221.0,91.29713956964224,3.377819301083213,no
143020.0,37.0,blue-collar,married,secondary,yes,no,call,21.0,nov,Evening,1.0,1.0,5.0,other,no,0.0,92.6981943168206,3.7495600599691623,no
129638.0,32.0,technician,married,tertiary,no,yes,call,10.0,jul,eve,1.0,1.0,0.0,,no,113.0,96.13978221674166,3.3884687826009534,no
135995.0,49.0,blue-collar,married,primary,no,yes,call,11.0,aug,Night,2.0,2.0,0.0,,no,-232.0,94.58170447043796,4.882956043703238,no
126828.0,40.0,self-employed,married,tertiary,no,no,,17.0,jun,Night ,1.0,1.0,0.0,,no,1603.0,92.96137200079504,6.473124606190739,no
141161.0,55.0,retired,divorced,tertiary,no,no,call,18.0,nov,eve,3.0,3.0,0.0,,no,816.0,94.05236468063747,3.4639367527364104,no
134824.0,53.0,admin.,married,tertiary,no,no,call,4.0,aug,morning,1.0,1.0,0.0,,no,1379.0,99.80615584540728,5.2653546474551565,no
120730.0,30.0,technician,single,secondary,yes,no,,21.0,may,Night,1.0,1.0,0.0,,no,908.0,119.91059184776125,6.74129200426581,no
120004.0,25.0,blue-collar,single,secondary,yes,no,,19.0,may,Evening,6.0,6.0,0.0,,no,815.0,100.61394615106792,3.488609324702992,no
131468.0,41.0,blue-collar,single,secondary,no,yes,call,21.0,jul,Night,6.0,6.0,0.0,,no,98.0,109.06228181216052,2.83344375960396,no
145953.0,48.0,unemployed,married,secondary,no,no,email,4.0,feb,Morning,2.0,2.0,0.0,,no,1724.0,70.48003082096017,5.2554075214046945,no
147930.0,22.0,student,single,secondary,no,no,call,14.0,apr,Evening,1.0,1.0,0.0,,no,107.0,100.90830624738868,4.953363116140467,yes
128013.0,45.0,admin.,married,secondary,yes,no,,20.0,jun,eve,6.0,6.0,0.0,,no,14902.0,70.96108403036646,4.788922471782176,no
131018.0,57.0,management,divorced,tertiary,yes,no,call,17.0,jul,Afternoon,1.0,1.0,0.0,,no,429.0,124.67015713075135,5.221494276018312,no
152248.0,38.0,services,married,secondary,yes,yes,call,11.0,may,morning,2.0,2.0,0.0,,no,3039.0,93.86919506145408,4.342193081871949,no
141310.0,51.0,entrepreneur,married,primary,no,no,call,18.0,nov,Morning,4.0,4.0,0.0,,no,538.0,111.97853438785283,6.640215637021358,yes
129202.0,34.0,blue-collar,married,secondary,yes,no,call,8.0,jul,Morning,3.0,3.0,0.0,,no,123.0,111.40976728797298,6.5657100087631814,no
117996.0,47.0,blue-collar,married,primary,yes,no,,12.0,may,Night,1.0,1.0,0.0,,no,304.0,82.40370851633308,6.6054715898322005,no
127683.0,38.0,blue-collar,married,secondary,no,no,,20.0,jun,Afternoon,12.0,12.0,0.0,,no,1005.0,93.1880930033177,5.304353541038796,no
116353.0,39.0,blue-collar,married,primary,yes,no,,6.0,may,Afternoon,2.0,2.0,0.0,,no,0.0,110.2499168772062,7.780812558306931,no
119992.0,49.0,technician,married,secondary,yes,no,,19.0,may,Evening,2.0,2.0,0.0,,no,4667.0,101.12802186075834,4.518351952952086,no
117436.0,33.0,unemployed,single,secondary,no,No,,8.0,may,Morning,4.0,4.0,0.0,,no,177.0,104.9375739827208,5.910891252298716,no
153170.0,34.0,technician,married,secondary,yes,no,call,13.0,may,Morning,2.0,2.0,0.0,,no,-56.0,90.79800273593376,4.080054560401997,no
145735.0,39.0,management,divorced,tertiary,yes,no,call,4.0,feb,morning,2.0,2.0,1.0,failure,no,-980.0,104.64530212676132,1.83003404007342,no
158473.0,27.0,admin.,married,secondary,no,no,call,29.0,dec,Night,2.0,2.0,2.0,success,no,1595.0,110.99642666366803,6.1377696292359865,yes
150860.0,55.0,blue-collar,married,primary,yes,no,call,6.0,may,Morning,1.0,1.0,0.0,,no,663.0,109.12028867599147,3.5178165287274537,no
120419.0,39.0,blue-collar,married,secondary,yes,no,,20.0,may,Night,1.0,1.0,0.0,,no,327.0,103.24124743523195,4.368755388212204,no
139166.0,31.0,technician,,secondary,yes,yes,call,27.0,aug,morning,4.0,4.0,0.0,,no,522.0,99.44873695840568,3.9375428405561506,no
123424.0,37.0,blue-collar,married,primary,yes,no,,30.0,may,morning,1.0,1.0,0.0,,no,949.0,108.07066438990589,2.7074389786354596,no
138044.0,35.0,technician,married,secondary,no,no,call,21.0,aug,Morning,8.0,8.0,0.0,,no,249.0,109.24447863403913,2.327577352232554,no
131714.0,47.0,management,divorced,tertiary,no,yes,call,21.0,jul,Night ,1.0,1.0,0.0,,no,2105.0,101.89579534867532,5.667407759441968,no
130688.0,31.0,technician,single,secondary,no,yes,call,16.0,jul,eve,1.0,1.0,0.0,,no,35.0,91.3119677655786,6.826841145130743,no
159513.0,34.0,self-employed,married,tertiary,no,no,call,4.0,may,eve,1.0,1.0,8.0,other,no,263.0,109.16462453858028,9.197149528064921,no
132263.0,28.0,blue-collar,single,secondary,no,yes,call,23.0,jul,Morning,2.0,2.0,0.0,,no,-403.0,95.60346614675532,4.67405265617087,no
158179.0,24.0,student,single,secondary,no,No,call,13.0,nov,Evening,2.0,2.0,3.0,failure,no,382.0,120.74737189334783,3.6791205974422123,yes
149916.0,28.0,management,single,tertiary,no,no,call,30.0,apr,eve,1.0,1.0,0.0,,no,1808.0,95.16971468405987,6.595441578906943,yes
133434.0,46.0,unemployed,married,secondary,no,no,call,29.0,jul,Night,5.0,5.0,0.0,,no,931.0,103.10934672976359,5.050470353970616,no
147624.0,49.0,entrepreneur,divorced,tertiary,yes,yes,call,7.0,apr,Night ,1.0,1.0,1.0,failure,no,1342.0,107.73204401050393,3.1684492002512226,no
160267.0,53.0,admin.,single,secondary,yes,no,call,2.0,aug,eve,1.0,1.0,2.0,failure,no,2398.0,112.45062844626067,5.463190977893563,yes
151027.0,48.0,blue-collar,married,primary,yes,No,call,7.0,may,morning,2.0,2.0,1.0,other,no,-254.0,108.00906157790632,3.727460456414062,no
146005.0,31.0,management,single,tertiary,no,no,call,4.0,feb,Night,2.0,2.0,0.0,,no,3.0,112.2759683196004,4.377042340200154,no
128865.0,53.0,blue-collar,married,secondary,yes,No,call,7.0,jul,Evening,5.0,5.0,0.0,,no,143.0,116.65475579904377,5.795917775343609,no
126769.0,38.0,blue-collar,married,primary,no,no,,17.0,jun,Evening,2.0,2.0,0.0,,no,246.0,102.70524719790836,4.9676948659496025,no
122687.0,38.0,technician,single,secondary,yes,no,,28.0,may,Afternoon,2.0,2.0,0.0,,no,12.0,101.0514774039407,3.3585027676437313,no
152974.0,42.0,admin.,single,secondary,yes,no,call,13.0,may,morning,1.0,1.0,0.0,,no,664.0,95.85026408089485,4.267801366797295,no
142146.0,34.0,self-employed,single,tertiary,no,no,call,20.0,nov,eve,2.0,2.0,0.0,,no,6.0,92.85890391105539,6.168508845999913,no
120457.0,34.0,management,single,tertiary,yes,yes,,20.0,may,Evening,1.0,1.0,0.0,,no,673.0,105.81295302165707,3.0553345720675757,no
127613.0,35.0,housemaid,divorced,primary,no,no,,20.0,jun,Night,1.0,1.0,0.0,,no,1465.0,119.936667636562,5.536907273682082,no
145416.0,54.0,management,married,tertiary,no,no,call,3.0,feb,morning,1.0,1.0,0.0,,no,1303.0,79.31626702647787,5.8736357714666365,yes
154195.0,23.0,services,single,,yes,no,call,15.0,may,morning,2.0,2.0,2.0,other,no,15.0,106.11940730485861,8.173447506385228,no
139510.0,37.0,technician,married,secondary,no,No,call,28.0,aug,Night ,8.0,8.0,0.0,,no,729.0,98.98456597171297,9.50712150674623,no
142178.0,49.0,blue-collar,married,secondary,yes,yes,call,20.0,nov,Morning,1.0,1.0,0.0,,no,8545.0,87.63039791629453,5.4148843615967595,no
141806.0,41.0,management,married,tertiary,yes,no,call,19.0,nov,Night ,6.0,6.0,0.0,,no,-608.0,108.4408219300303,2.253136301998034,no
116075.0,38.0,technician,married,secondary,yes,no,,5.0,may,Night ,1.0,1.0,0.0,,no,253.0,83.07865307864311,4.1575166265820425,no
157460.0,28.0,management,single,tertiary,no,no,call,14.0,sep,Afternoon,2.0,2.0,0.0,,no,2380.0,119.64990473055465,5.101655716776586,no
128603.0,41.0,services,married,secondary,yes,no,call,7.0,jul,Night ,2.0,2.0,0.0,,no,841.0,118.75196246011811,4.4190306718139345,no
123517.0,36.0,services,married,secondary,yes,no,,30.0,may,Evening,2.0,2.0,0.0,,no,-260.0,102.88423884777777,7.446574365412311,no
118704.0,45.0,management,married,tertiary,yes,no,,14.0,may,Afternoon,2.0,2.0,0.0,,no,740.0,93.13498669298089,4.791420942915845,no
137606.0,33.0,technician,single,tertiary,no,no,call,19.0,aug,Afternoon,1.0,1.0,0.0,,no,,95.14745026419759,4.300833282227577,no
156334.0,46.0,management,divorced,tertiary,no,No,call,3.0,jul,Afternoon,2.0,2.0,0.0,,no,1329.0,100.77213192075499,5.654223576645684,yes
149221.0,59.0,management,married,tertiary,yes,no,call,20.0,apr,Night ,2.0,2.0,8.0,failure,no,287.0,89.88988337931191,5.488452793740681,no
136606.0,52.0,technician,married,secondary,yes,no,call,13.0,aug,Afternoon,4.0,4.0,0.0,,,-384.0,111.30253219118006,4.6069490046598025,no
125320.0,34.0,technician,married,secondary,yes,yes,,6.0,jun,Night,13.0,13.0,0.0,,no,139.0,100.90223734424812,6.534869218218329,no
138618.0,43.0,housemaid,married,primary,yes,no,call,25.0,aug,Night ,3.0,3.0,0.0,,no,0.0,108.11742345058781,3.4561716510912213,no
118203.0,30.0,self-employed,married,tertiary,yes,yes,,12.0,may,Night,3.0,3.0,0.0,,no,227.0,100.204736714377,4.48408646160545,no
136141.0,48.0,blue-collar,married,,no,no,call,11.0,aug,Night ,13.0,13.0,0.0,,no,113.0,100.60203665524988,5.521261675785677,no
158956.0,48.0,admin.,married,secondary,no,no,call,18.0,feb,Afternoon,1.0,1.0,2.0,success,no,660.0,94.73300369274737,7.4635102869127365,yes
143005.0,41.0,management,married,tertiary,no,no,SMS,21.0,nov,eve,1.0,1.0,0.0,,no,9935.0,101.77367322594984,5.548342957120689,no
147912.0,35.0,blue-collar,married,secondary,yes,no,call,14.0,apr,Night ,3.0,3.0,1.0,failure,no,120.0,110.56674529614187,3.70673551123692,no
155462.0,54.0,,married,secondary,no,no,call,26.0,may,Afternoon,2.0,2.0,0.0,,no,1157.0,103.61785883853064,4.373976968508232,no
147800.0,35.0,admin.,married,secondary,no,no,call,9.0,apr,Evening,1.0,1.0,0.0,,no,-312.0,81.77866540966603,5.606475937516477,no
128448.0,44.0,technician,single,tertiary,yes,yes,,,jul,morning,1.0,1.0,0.0,,no,222.0,102.07356872609344,5.862707791868635,no
142787.0,48.0,services,married,secondary,yes,no,call,21.0,nov,Night ,5.0,5.0,0.0,,no,485.0,113.19387206691215,7.51093207307111,no
122502.0,31.0,services,single,secondary,yes,no,,28.0,may,Morning,2.0,2.0,0.0,,no,0.0,91.19008511338953,4.794571547152932,no
127910.0,60.0,management,married,tertiary,no,no,,20.0,jun,Morning,2.0,2.0,0.0,,no,651.0,102.71826253221394,4.7702976503603365,no
153142.0,32.0,blue-collar,single,primary,yes,no,call,13.0,may,Night ,1.0,1.0,0.0,,no,398.0,97.92734517450667,4.553811910110961,yes
119415.0,,blue-collar,married,primary,yes,no,,15.0,may,Morning,2.0,2.0,0.0,,no,559.0,119.74252218020646,2.2446338343326717,no
132452.0,46.0,blue-collar,married,primary,no,no,call,24.0,jul,Night,1.0,1.0,0.0,,no,0.0,107.67678654170655,6.094005233474153,no
136107.0,60.0,retired,married,secondary,no,no,call,11.0,aug,eve,2.0,2.0,0.0,,no,1210.0,91.69811253515584,1.3953608089743854,no
117434.0,50.0,blue-collar,married,primary,no,No,,8.0,may,morning,2.0,2.0,0.0,,no,749.0,93.41256911832137,4.259709252184004,no
139790.0,60.0,retired,married,primary,no,no,call,29.0,aug,Afternoon,2.0,2.0,0.0,,no,219.0,100.5975724670393,6.864127523846953,no
123183.0,50.0,blue-collar,married,primary,yes,no,,29.0,may,Evening,1.0,1.0,0.0,,no,414.0,98.25745832556689,6.098956817901558,no
132027.0,33.0,blue-collar,married,secondary,yes,no,call,22.0,jul,Afternoon,2.0,2.0,0.0,,no,-130.0,78.49331606875316,5.678486420549347,no
139392.0,30.0,technician,single,tertiary,no,no,call,,aug,Morning,6.0,6.0,0.0,,no,0.0,111.5946748683479,6.793302864719589,no
128063.0,35.0,blue-collar,single,primary,no,no,,20.0,jun,eve,7.0,7.0,0.0,,no,1772.0,101.17599016765851,8.279479782867746,no
128642.0,46.0,,married,,no,no,email,7.0,jul,Night,9.0,9.0,0.0,,no,2911.0,97.33126250107166,4.911148861259169,no
133560.0,47.0,technician,single,secondary,no,no,call,29.0,jul,eve,2.0,2.0,0.0,,no,736.0,104.61612973136114,6.610440893611377,no
130835.0,41.0,entrepreneur,married,tertiary,yes,no,email,16.0,jul,Night,5.0,5.0,0.0,,no,2249.0,124.08701844797622,2.74999536777622,no
126450.0,60.0,admin.,married,secondary,no,no,,16.0,jun,Night,4.0,4.0,0.0,,no,504.0,94.5523309330479,4.419395579401559,no
151464.0,43.0,admin.,divorced,secondary,yes,no,call,7.0,may,morning,3.0,3.0,2.0,failure,no,146.0,112.626408719583,8.105510573006676,no
152814.0,34.0,blue-collar,married,secondary,no,yes,call,12.0,may,morning,3.0,3.0,0.0,,no,634.0,99.14820260123298,4.3830571636764715,yes
144718.0,26.0,unemployed,single,tertiary,no,no,call,,jan,Afternoon,1.0,1.0,0.0,,no,370.0,95.00248240205018,6.6486295838872005,no
137000.0,40.0,technician,single,secondary,yes,no,call,14.0,aug,morning,4.0,4.0,0.0,,no,282.0,98.73915714302285,2.038828794474455,no
126893.0,55.0,admin.,divorced,secondary,no,no,,17.0,jun,Morning,2.0,2.0,0.0,,no,0.0,95.62123454337681,4.718372323154104,no
141633.0,42.0,self-employed,married,secondary,no,no,call,19.0,nov,Afternoon,2.0,2.0,1.0,failure,no,3211.0,99.29694387623412,6.153786659412657,no
137943.0,31.0,technician,married,secondary,no,yes,call,20.0,aug,Afternoon,3.0,3.0,0.0,,no,-305.0,98.41401700920379,4.822628490698591,no
149071.0,56.0,admin.,married,secondary,no,no,call,20.0,apr,Afternoon,1.0,1.0,0.0,,no,382.0,98.96708953164989,1.800414578420062,no
153559.0,31.0,self-employed,single,tertiary,yes,no,call,14.0,may,Morning,1.0,1.0,3.0,failure,no,17924.0,94.24222971742564,5.626215108105128,yes
135251.0,58.0,blue-collar,married,primary,no,no,call,6.0,aug,morning,2.0,2.0,0.0,,no,47.0,93.49045160740556,2.8635687819081963,no
142824.0,31.0,admin.,married,secondary,yes,no,call,21.0,nov,Night ,1.0,1.0,0.0,,no,3540.0,93.24687647884673,4.544888132080894,no
116262.0,34.0,services,married,secondary,yes,No,,6.0,may,morning,1.0,1.0,0.0,,no,22.0,78.7886326440835,3.285185623960796,no
152228.0,53.0,blue-collar,divorced,secondary,yes,no,call,11.0,may,eve,2.0,2.0,0.0,,no,640.0,87.40814445709577,2.325539601657955,no
133829.0,37.0,housemaid,married,,no,no,email,30.0,jul,Morning,4.0,4.0,0.0,,no,0.0,98.4995894165521,1.9904626677230453,no
155577.0,25.0,management,single,tertiary,no,no,call,27.0,may,Night,2.0,2.0,0.0,,no,808.0,102.96027503232276,3.945433098889304,no
125863.0,,entrepreneur,married,tertiary,no,no,,9.0,jun,Morning,4.0,4.0,0.0,,no,4343.0,87.50688321594671,5.804749527673225,no
116903.0,34.0,technician,divorced,secondary,yes,yes,,7.0,may,Evening,1.0,1.0,0.0,,no,1107.0,102.50588021485444,3.0555193032408736,no
128291.0,52.0,blue-collar,single,secondary,yes,yes,,27.0,jun,Night,3.0,3.0,0.0,,no,2430.0,91.45486562441933,4.64626558797187,no
137362.0,31.0,housemaid,married,primary,no,yes,call,18.0,aug,Night,10.0,10.0,0.0,,no,979.0,89.83134972467451,3.681669392695726,no
144353.0,31.0,services,single,secondary,no,no,call,29.0,jan,eve,1.0,1.0,0.0,,no,1015.0,90.42245812207301,7.104643266934403,no
150060.0,49.0,housemaid,divorced,secondary,no,no,email,30.0,apr,eve,2.0,2.0,0.0,,no,0.0,98.29793236919659,4.18503538121474,no
157472.0,31.0,student,single,tertiary,no,no,call,15.0,sep,Afternoon,1.0,1.0,2.0,success,no,64.0,101.10375119794533,5.345839198065237,no
132899.0,59.0,retired,married,secondary,yes,No,call,25.0,jul,Night,2.0,2.0,0.0,,no,5706.0,113.81081877521027,6.5580757956333775,no
157570.0,37.0,management,single,tertiary,yes,No,call,1.0,oct,Afternoon,1.0,1.0,1.0,failure,no,1027.0,98.54104788016977,5.098364195232562,yes
127067.0,45.0,,single,secondary,no,no,,18.0,jun,Morning,1.0,1.0,0.0,,no,0.0,103.159480530479,6.477036077632724,no
135280.0,47.0,management,single,tertiary,no,yes,call,6.0,aug,Afternoon,1.0,1.0,0.0,,no,324.0,98.16951011011533,5.9828264719283855,no
121742.0,27.0,unemployed,married,secondary,yes,no,,26.0,,Morning,3.0,3.0,0.0,,no,293.0,90.59533002405796,5.50434561645037,no
157297.0,71.0,retired,married,tertiary,no,no,email,3.0,sep,Night ,1.0,1.0,1.0,success,no,653.0,99.86120022071185,5.58908604709937,yes
127476.0,51.0,management,divorced,secondary,yes,no,,19.0,jun,eve,2.0,2.0,0.0,,no,2843.0,100.31622392277723,4.75830388816688,no
124181.0,42.0,blue-collar,married,secondary,yes,yes,,2.0,jun,Morning,8.0,8.0,0.0,,no,4.0,87.68680300979969,5.3053366653211995,no
118693.0,40.0,technician,married,secondary,yes,no,,14.0,may,Afternoon,1.0,1.0,0.0,,no,770.0,97.70419432513975,5.171306967310325,no
143753.0,41.0,services,divorced,secondary,no,no,call,28.0,jan,Afternoon,1.0,1.0,0.0,,no,1400.0,96.69826677962092,7.316411448618812,no
137004.0,33.0,technician,single,tertiary,no,no,SMS,14.0,aug,Afternoon,4.0,4.0,0.0,,no,3255.0,98.79986533697476,4.314484377303801,no
154468.0,34.0,management,single,tertiary,yes,yes,call,15.0,may,Night,3.0,3.0,1.0,other,no,-184.0,74.30676270968178,3.9787969559842087,no
128334.0,34.0,services,single,secondary,no,yes,,30.0,jun,Evening,2.0,2.0,0.0,,no,66.0,118.13570976223039,3.224856920661865,no
157196.0,31.0,management,single,tertiary,no,no,call,27.0,aug,eve,7.0,7.0,0.0,,no,404.0,87.21141104111487,5.649150130518595,no
135253.0,57.0,retired,married,primary,yes,No,call,6.0,aug,Morning,2.0,2.0,0.0,,no,0.0,105.17471602333077,5.0387423984615705,no
150181.0,51.0,blue-collar,married,primary,yes,no,call,4.0,may,morning,5.0,5.0,0.0,,no,296.0,100.5448715919292,3.897178756766259,no
121313.0,46.0,management,married,tertiary,no,no,,23.0,may,eve,3.0,3.0,0.0,,no,-267.0,101.29170867952845,7.5255327969008725,no
135292.0,31.0,management,single,tertiary,no,no,call,6.0,aug,Night,1.0,1.0,0.0,,no,130.0,94.08152158383935,8.172769127365587,no
127815.0,47.0,management,married,tertiary,no,no,,20.0,jun,Afternoon,3.0,3.0,0.0,,no,2820.0,104.73611689306105,5.112594877703349,no
143183.0,42.0,services,divorced,secondary,no,no,call,21.0,nov,Evening,1.0,1.0,0.0,,no,444.0,93.3807479109532,7.291568144939795,no
145258.0,37.0,technician,married,tertiary,yes,no,call,2.0,feb,eve,2.0,2.0,0.0,,no,0.0,100.50808306614395,6.148120133660871,no
117411.0,41.0,blue-collar,married,secondary,yes,no,,8.0,may,Morning,2.0,2.0,0.0,,no,213.0,108.08849806735978,7.177613708654162,no
139641.0,32.0,technician,married,secondary,no,no,call,28.0,aug,Evening,10.0,10.0,0.0,,no,1011.0,92.29987535754609,7.0662907934448915,no
155705.0,43.0,management,divorced,tertiary,no,no,call,1.0,jun,Morning,1.0,1.0,2.0,other,no,2367.0,114.68895141634708,6.878401188075443,yes
126635.0,57.0,admin.,divorced,primary,no,no,,16.0,jun,Morning,2.0,2.0,0.0,,no,987.0,91.00116502488416,2.683117335485575,no
144011.0,43.0,management,married,tertiary,no,No,call,28.0,jan,Night ,1.0,1.0,0.0,,no,182.0,100.60313827956202,5.65060512478307,no
161070.0,34.0,blue-collar,married,secondary,yes,no,call,12.0,nov,Night ,1.0,1.0,3.0,success,no,320.0,100.5074134898175,3.7242470813942967,yes
144538.0,39.0,self-employed,married,secondary,no,no,call,29.0,jan,Morning,3.0,3.0,0.0,,no,656.0,104.74927050259139,6.002868312026808,no
143440.0,49.0,management,married,tertiary,yes,no,call,21.0,nov,eve,3.0,3.0,0.0,,no,5711.0,109.52979896978229,7.645690791458013,no
158570.0,39.0,management,married,tertiary,no,no,call,15.0,jan,morning,2.0,2.0,0.0,,no,2939.0,114.97868533780814,5.284244243878664,yes
143589.0,49.0,technician,married,tertiary,yes,no,call,21.0,nov,eve,4.0,4.0,0.0,,no,1077.0,101.66830193310449,4.2589618559182885,no
158427.0,31.0,technician,,tertiary,yes,no,call,21.0,dec,Afternoon,2.0,2.0,0.0,,no,3338.0,106.93069548412569,4.380627907976778,yes
131587.0,36.0,technician,single,secondary,yes,no,call,21.0,jul,morning,1.0,1.0,0.0,,no,279.0,91.49741883435756,4.787981396560951,no
140472.0,44.0,management,married,tertiary,yes,no,call,17.0,nov,Night ,1.0,1.0,3.0,failure,no,58.0,96.52192174234698,8.734178317006153,no
147359.0,40.0,technician,single,tertiary,yes,no,call,1.0,apr,Morning,1.0,1.0,0.0,,no,250.0,98.71182557954678,4.133268778120687,no
131590.0,36.0,management,married,secondary,no,no,call,21.0,jul,Afternoon,2.0,2.0,0.0,,no,-267.0,114.62421520706731,4.665816827966853,no
138830.0,46.0,admin.,married,secondary,no,no,call,26.0,aug,Night,6.0,6.0,0.0,,no,22.0,100.18240430276704,5.566232168952201,yes
143544.0,51.0,self-employed,,tertiary,no,no,call,21.0,nov,Evening,3.0,3.0,0.0,,no,2235.0,109.27341716623854,1.780491722514729,no
119923.0,41.0,technician,married,primary,yes,no,,16.0,may,Afternoon,4.0,4.0,0.0,,no,141.0,110.14606480987528,3.2590464697983403,no
127643.0,51.0,blue-collar,married,secondary,no,yes,,20.0,jun,Night,3.0,3.0,0.0,,yes,0.0,107.62041348236707,6.675995230118062,no
137602.0,49.0,blue-collar,married,,no,no,call,19.0,aug,Morning,1.0,1.0,0.0,,no,5.0,101.11950260350264,6.695031674119617,no
120666.0,32.0,technician,married,secondary,yes,no,,21.0,may,eve,1.0,1.0,0.0,,no,641.0,86.21921724401946,3.4383149737155287,no
148574.0,54.0,admin.,married,secondary,yes,no,call,17.0,apr,morning,2.0,2.0,1.0,failure,no,426.0,86.92918916953055,4.548529291782398,no
153508.0,35.0,blue-collar,divorced,secondary,yes,no,call,14.0,may,morning,2.0,2.0,2.0,failure,no,,98.68264972931027,6.6755738696970965,no
134867.0,54.0,retired,married,secondary,no,no,call,4.0,aug,Evening,2.0,2.0,0.0,,no,763.0,72.46738749081405,1.6685475752146255,no
124558.0,48.0,blue-collar,married,secondary,yes,No,,3.0,jun,morning,5.0,5.0,0.0,,no,750.0,101.2917478499348,3.6327005521556117,no
154173.0,27.0,technician,married,secondary,yes,yes,call,15.0,may,Afternoon,1.0,1.0,0.0,,no,317.0,106.99616588992872,4.7001127858192735,no
139202.0,32.0,admin.,married,tertiary,no,no,call,27.0,aug,eve,4.0,4.0,0.0,,no,157.0,105.40072561792275,5.627683593685333,no
160266.0,55.0,technician,married,,yes,no,call,2.0,aug,Afternoon,3.0,3.0,1.0,success,no,240.0,99.00892862557583,5.085734604365751,yes
153104.0,36.0,blue-collar,married,primary,yes,yes,call,13.0,may,Night,1.0,1.0,2.0,other,no,1993.0,102.39141776027576,6.411468377582217,no
127974.0,39.0,admin.,divorced,secondary,yes,no,,20.0,jun,Night ,3.0,3.0,0.0,,no,1022.0,92.02669545685137,5.171602429710468,no
157197.0,29.0,technician,single,secondary,no,no,call,27.0,aug,Afternoon,3.0,3.0,3.0,other,no,382.0,98.2402933423765,3.852284152722746,no
136442.0,30.0,management,single,tertiary,no,no,call,12.0,aug,morning,6.0,6.0,0.0,,no,894.0,87.70573565305368,3.6068615934459674,no
117066.0,36.0,technician,married,secondary,yes,No,,8.0,may,Afternoon,1.0,1.0,0.0,,no,83.0,105.01909760212087,3.900900854673921,no
132971.0,30.0,blue-collar,married,primary,yes,no,call,25.0,jul,Night ,2.0,2.0,0.0,,no,-68.0,115.25962155713265,5.324989370525407,no
125466.0,37.0,blue-collar,,secondary,no,no,,6.0,jun,Evening,1.0,1.0,0.0,,no,5334.0,100.11878183724002,4.737268664875254,no
144204.0,32.0,blue-collar,single,secondary,yes,no,email,29.0,jan,Evening,1.0,1.0,1.0,failure,no,160.0,98.83573807418306,5.0047910721660696,no
148439.0,37.0,management,married,tertiary,yes,no,call,17.0,apr,Night,3.0,3.0,0.0,,no,0.0,98.87531330049617,4.207784631922497,no
133322.0,33.0,services,married,secondary,yes,no,call,28.0,jul,Afternoon,3.0,3.0,0.0,,no,766.0,108.54749075932533,2.350113686200064,no
122826.0,25.0,blue-collar,divorced,secondary,yes,no,,28.0,may,Evening,4.0,4.0,0.0,,no,2428.0,105.52386093352078,5.491555863812761,no
160020.0,27.0,unemployed,single,tertiary,no,no,call,12.0,jul,morning,4.0,4.0,1.0,success,no,77.0,96.72792612354043,5.520715683468805,no
156552.0,58.0,management,married,tertiary,yes,yes,call,6.0,aug,Night ,4.0,4.0,0.0,,no,138.0,109.05675865325267,3.3174897223875295,no
133231.0,29.0,management,married,tertiary,yes,yes,call,28.0,jul,Night ,3.0,3.0,0.0,,no,361.0,107.27201273022332,6.162984440805741,no
123065.0,45.0,technician,married,secondary,yes,no,,29.0,may,eve,1.0,1.0,0.0,,no,0.0,95.56939887142154,3.6591942698664566,no
119519.0,23.0,services,single,secondary,yes,No,,15.0,may,Night ,4.0,4.0,0.0,,no,75.0,96.69248071605676,3.2763133361668704,no
143403.0,,technician,married,secondary,yes,yes,call,21.0,nov,Night ,3.0,3.0,4.0,failure,no,2125.0,97.59932976562492,3.3907190686736977,no
129154.0,57.0,blue-collar,married,secondary,no,no,call,8.0,jul,Morning,8.0,8.0,0.0,,no,75.0,93.43271359675933,6.187363932976391,no
153812.0,31.0,management,married,tertiary,yes,yes,call,14.0,may,Night ,3.0,3.0,0.0,,no,183.0,112.49286092569423,6.445737574648043,no
131593.0,34.0,self-employed,married,tertiary,yes,no,call,21.0,jul,Afternoon,7.0,7.0,0.0,,no,865.0,80.86770934086917,7.191928754135996,no
141926.0,39.0,admin.,married,secondary,yes,yes,call,19.0,nov,Afternoon,3.0,3.0,2.0,other,no,-982.0,108.42498352142297,2.3891816375848998,no
134978.0,36.0,management,married,tertiary,no,yes,call,5.0,aug,Night,1.0,1.0,0.0,,no,287.0,95.79471576688282,5.379973612841656,no
147899.0,30.0,blue-collar,married,primary,yes,,call,13.0,apr,eve,4.0,4.0,0.0,,no,-93.0,114.89664517951533,4.808471971202566,no
146554.0,40.0,management,married,secondary,yes,no,call,6.0,feb,morning,1.0,1.0,1.0,failure,no,6695.0,105.82050533033706,6.094226736009572,no
135538.0,51.0,management,married,tertiary,no,yes,call,7.0,aug,Morning,2.0,2.0,0.0,,no,2125.0,99.32209556140306,2.114489835554614,no
124738.0,36.0,technician,married,tertiary,yes,no,,4.0,jun,Evening,1.0,1.0,0.0,,no,606.0,107.5150062736126,3.862244905663882,no
136686.0,55.0,technician,married,secondary,no,yes,call,13.0,aug,Morning,2.0,2.0,0.0,,no,303.0,113.80907897994535,3.8043606697034225,no
120763.0,,entrepreneur,married,primary,yes,no,,21.0,may,Morning,7.0,7.0,0.0,,no,-98.0,90.51497271728081,4.392710034560249,no
150614.0,56.0,management,married,tertiary,yes,yes,call,5.0,may,Afternoon,1.0,1.0,3.0,failure,no,505.0,105.43922559118842,5.21969221524907,no
120086.0,34.0,technician,divorced,tertiary,yes,no,,19.0,may,eve,12.0,12.0,0.0,,no,501.0,114.518352472185,7.366891563000003,no
119429.0,54.0,blue-collar,married,primary,yes,no,,15.0,may,eve,4.0,4.0,0.0,,no,-219.0,102.57238707861787,7.65650064032135,no
140689.0,31.0,management,married,tertiary,yes,no,call,18.0,nov,morning,1.0,1.0,0.0,,no,2.0,84.52504817522896,6.248245635387853,no
131595.0,32.0,services,married,primary,yes,no,call,21.0,jul,Evening,6.0,6.0,0.0,,no,228.0,100.21034411642714,4.337545923220823,yes
119965.0,40.0,management,single,tertiary,yes,no,,19.0,may,eve,1.0,1.0,0.0,,no,2784.0,100.4007697696068,4.820043717509246,no
133294.0,41.0,admin.,married,tertiary,yes,no,call,28.0,jul,Night ,7.0,7.0,0.0,,no,96.0,114.25929642224007,8.072686615378474,no
151767.0,33.0,admin.,divorced,tertiary,no,No,call,8.0,may,Afternoon,2.0,2.0,0.0,,no,891.0,103.56618301007131,3.0627100258458735,yes
129730.0,34.0,blue-collar,married,secondary,yes,no,call,10.0,jul,Evening,1.0,1.0,0.0,,no,290.0,88.24565542275087,5.442862940014949,no
127111.0,57.0,management,married,tertiary,no,no,,18.0,jun,Evening,1.0,1.0,0.0,,no,1172.0,86.87693873056625,6.420033870203417,no
147787.0,35.0,blue-collar,married,secondary,yes,no,call,9.0,apr,Night,1.0,1.0,0.0,,no,63.0,102.35267129307718,2.4207030250328945,no
137091.0,31.0,technician,married,secondary,,no,call,14.0,aug,Morning,6.0,6.0,0.0,,no,547.0,106.65418904143822,5.454657098052961,no
148768.0,29.0,management,married,tertiary,yes,no,call,17.0,apr,Morning,1.0,1.0,2.0,failure,no,103.0,92.60107937577077,5.391930418742856,no
132213.0,39.0,technician,divorced,secondary,no,yes,call,23.0,jul,Evening,1.0,1.0,0.0,,no,511.0,98.75377975375955,4.830106026705104,no
159212.0,31.0,student,single,tertiary,no,no,call,17.0,mar,eve,2.0,2.0,3.0,failure,no,64.0,84.83278545779405,3.9302155076281715,no
133490.0,49.0,admin.,divorced,secondary,no,yes,call,29.0,jul,Morning,4.0,4.0,0.0,,no,1697.0,94.65805247884192,4.276684166106381,no
133468.0,57.0,retired,married,primary,no,yes,call,29.0,jul,Afternoon,3.0,3.0,0.0,,no,0.0,100.90310153774355,4.549076975232729,no
133809.0,43.0,blue-collar,married,primary,no,no,call,30.0,jul,eve,9.0,9.0,0.0,,no,548.0,87.23246836903913,5.068558283604174,no
141042.0,36.0,self-employed,married,secondary,yes,No,call,18.0,nov,Evening,1.0,1.0,0.0,,no,44.0,108.71225904702456,5.000084330368215,no
158638.0,55.0,management,married,,yes,yes,email,27.0,jan,Afternoon,1.0,1.0,6.0,failure,no,831.0,107.57916874339816,3.0543615549496224,no
136083.0,54.0,management,married,tertiary,yes,no,call,11.0,aug,eve,4.0,4.0,0.0,,no,500.0,93.15360943351473,6.299822342930277,no
120286.0,32.0,services,single,secondary,yes,no,,20.0,may,morning,1.0,1.0,0.0,,,228.0,103.91624797631,8.00142808104368,no
133953.0,40.0,technician,married,secondary,yes,no,call,30.0,jul,Afternoon,2.0,2.0,0.0,,no,657.0,120.26161590066144,3.5097302056507127,no
154614.0,32.0,self-employed,married,secondary,yes,no,SMS,15.0,may,Morning,4.0,4.0,0.0,,no,329.0,104.26078724834828,4.064117371541049,no
117107.0,46.0,blue-collar,married,primary,yes,no,,8.0,may,Night,1.0,1.0,0.0,,no,45.0,86.49518369672796,3.48455677152472,no
149672.0,76.0,management,married,,yes,no,SMS,23.0,apr,Evening,3.0,3.0,0.0,,no,,106.26536309295605,5.649214923990817,yes
123232.0,40.0,admin.,married,secondary,yes,No,,29.0,may,Night ,1.0,1.0,0.0,,no,223.0,91.68999705824461,3.242923759408035,no
153904.0,34.0,admin.,married,secondary,yes,no,email,14.0,may,Morning,4.0,4.0,2.0,other,no,124.0,89.84653868486346,4.182225489792691,yes
133543.0,42.0,technician,single,secondary,no,no,call,29.0,jul,Night,3.0,3.0,0.0,,no,275.0,106.56461578278363,5.803408432699091,no
128449.0,33.0,services,single,secondary,no,yes,,3.0,jul,Afternoon,1.0,1.0,0.0,,no,1038.0,84.57920649951708,7.3823826424605805,no
154809.0,26.0,self-employed,single,tertiary,yes,no,call,18.0,may,Afternoon,1.0,1.0,0.0,,no,16563.0,86.89140484952175,4.937691980632278,no
152495.0,,blue-collar,married,primary,yes,no,call,12.0,may,Afternoon,1.0,1.0,0.0,,no,63.0,89.20021194853514,6.779813402719505,no
146541.0,47.0,retired,divorced,secondary,yes,no,call,6.0,feb,Evening,3.0,3.0,0.0,,no,700.0,103.38248275237494,5.607119536190039,no
117706.0,28.0,management,single,,yes,no,,9.0,may,Night ,3.0,3.0,0.0,,yes,101.0,96.78564251220703,7.11715666720098,no
130517.0,37.0,admin.,married,secondary,yes,no,SMS,15.0,jul,Night ,6.0,6.0,0.0,,no,0.0,77.36735231196454,3.836426914842326,no
122974.0,34.0,services,single,secondary,yes,yes,,29.0,may,Evening,3.0,3.0,0.0,,no,34.0,106.607917510302,4.036415343615813,no
126035.0,52.0,blue-collar,married,primary,no,no,,11.0,jun,Evening,4.0,4.0,0.0,,no,1884.0,77.01858204084897,7.24866835024857,no
123029.0,55.0,entrepreneur,divorced,tertiary,no,no,,29.0,may,Night ,1.0,1.0,0.0,,no,1119.0,90.6419938350854,6.836698157940166,no
154296.0,55.0,services,married,primary,yes,no,call,15.0,may,Morning,7.0,7.0,0.0,,no,-747.0,96.16549667387622,4.365224758318476,no
132800.0,57.0,entrepreneur,married,secondary,no,yes,call,25.0,jul,eve,1.0,1.0,0.0,,yes,-525.0,84.60359650916877,4.565447943522569,no
158735.0,64.0,housemaid,married,,no,no,SMS,3.0,feb,Afternoon,2.0,2.0,0.0,,no,2645.0,106.23958556954486,4.739894388152688,yes
141402.0,48.0,unemployed,married,secondary,yes,no,email,19.0,nov,Morning,4.0,4.0,3.0,failure,no,1811.0,107.89399288429802,4.208400163969768,no
146493.0,32.0,student,single,,no,no,call,6.0,feb,Night,7.0,7.0,0.0,,no,5969.0,112.43486419579872,3.748844439792084,no
135231.0,59.0,retired,married,secondary,no,no,call,6.0,aug,Evening,4.0,4.0,0.0,,no,,89.6542229350997,4.598663293645984,no
159884.0,30.0,technician,single,secondary,no,no,call,25.0,jun,Evening,1.0,1.0,3.0,other,no,938.0,91.07515327494784,3.6706872152829026,no
152772.0,49.0,blue-collar,married,primary,yes,no,call,12.0,may,Evening,2.0,2.0,3.0,other,no,3028.0,96.5647047212212,4.327119806236689,no
128067.0,58.0,technician,divorced,secondary,no,no,,20.0,jun,Afternoon,4.0,4.0,0.0,,no,2270.0,82.89207320040732,4.291461398517418,no
153516.0,38.0,blue-collar,divorced,secondary,no,yes,call,14.0,may,Morning,1.0,1.0,0.0,,no,2048.0,94.34663110059279,5.100400417677968,no
133129.0,39.0,services,divorced,secondary,yes,yes,email,28.0,jul,Morning,2.0,2.0,0.0,,no,293.0,81.34173214394659,5.9801664073979275,no
133739.0,32.0,technician,married,secondary,no,yes,call,29.0,jul,Evening,6.0,6.0,0.0,,no,1.0,93.78083922269151,5.7380389022954565,no
123617.0,45.0,services,married,secondary,yes,no,,30.0,may,Night,2.0,2.0,0.0,,no,475.0,97.81345253010271,4.75747607010865,no
146078.0,49.0,services,divorced,secondary,no,no,call,5.0,feb,Night ,1.0,1.0,0.0,,no,1162.0,103.14145088788564,6.037045086450384,no
130439.0,34.0,housemaid,married,secondary,yes,no,call,15.0,jul,eve,3.0,3.0,0.0,,no,390.0,96.54069303321974,3.9464868559244595,no
142327.0,37.0,admin.,single,secondary,no,no,call,20.0,nov,morning,1.0,1.0,2.0,failure,no,862.0,90.0721706680793,4.250287384890374,no
133783.0,56.0,retired,divorced,primary,no,no,call,30.0,jul,morning,2.0,2.0,0.0,,no,1177.0,97.28599980673096,2.424119399031992,no
124725.0,32.0,technician,married,secondary,yes,No,,4.0,jun,Night,3.0,3.0,0.0,,no,253.0,106.46957728082543,3.2362471677382603,no
144679.0,45.0,services,divorced,secondary,no,yes,call,30.0,jan,Morning,1.0,1.0,0.0,,no,-28.0,92.24095913987362,4.093392439623262,no
119795.0,56.0,retired,divorced,secondary,yes,no,,16.0,may,Night ,1.0,1.0,0.0,,no,4166.0,101.18973204691504,4.775334555019684,no
150528.0,35.0,technician,married,secondary,yes,no,call,5.0,may,Evening,2.0,2.0,0.0,,no,784.0,96.83954618724492,5.385568850248556,no
158115.0,28.0,student,single,tertiary,no,no,call,11.0,nov,Evening,2.0,2.0,1.0,other,no,3.0,106.27755933143891,5.900881826348101,no
149956.0,,management,single,tertiary,no,no,call,30.0,apr,Night,3.0,3.0,1.0,success,no,86.0,93.94069902487257,7.466729998493895,yes
121482.0,35.0,management,married,tertiary,yes,no,,23.0,may,Night,3.0,3.0,0.0,,,317.0,91.72468172080794,7.386286466929798,no
149580.0,24.0,student,single,secondary,yes,no,call,20.0,apr,Night,3.0,3.0,0.0,,no,597.0,81.19003340817572,5.25776802085281,yes
156056.0,34.0,technician,married,secondary,no,no,call,5.0,jun,morning,2.0,2.0,0.0,,no,657.0,95.10519695812798,2.5655878291054224,no
155692.0,57.0,retired,married,tertiary,no,no,call,1.0,jun,Night ,1.0,1.0,1.0,failure,no,1292.0,,3.84468281191204,no
121179.0,30.0,blue-collar,married,primary,yes,no,,23.0,may,morning,1.0,1.0,0.0,,no,597.0,100.70536626337723,7.410632499452257,no
144248.0,36.0,management,single,tertiary,no,no,call,29.0,jan,Evening,2.0,2.0,0.0,,no,188.0,109.52889008785948,4.490726380645208,no
142286.0,31.0,technician,married,secondary,no,yes,call,20.0,nov,morning,2.0,2.0,4.0,failure,no,450.0,102.73705797826867,7.680509502146567,no
120604.0,32.0,blue-collar,married,primary,yes,no,,20.0,,morning,2.0,2.0,0.0,,no,7406.0,94.73335216831629,3.8394283398978875,no
136017.0,55.0,management,married,tertiary,no,no,call,11.0,aug,Evening,2.0,2.0,0.0,,no,161.0,101.29771018137086,6.879054517098791,no
150178.0,30.0,management,single,tertiary,no,no,call,4.0,may,Afternoon,3.0,3.0,0.0,,no,11278.0,109.20131749915882,5.711249379302507,no
118789.0,48.0,blue-collar,married,secondary,yes,no,,14.0,,eve,1.0,1.0,0.0,,no,1596.0,116.76856705977501,4.912850579472935,yes
148982.0,28.0,blue-collar,married,secondary,yes,no,call,20.0,apr,eve,2.0,2.0,1.0,other,no,1021.0,104.92992965278576,5.243949758220097,no
119111.0,43.0,retired,married,secondary,yes,yes,,15.0,may,Afternoon,1.0,1.0,0.0,,no,56.0,110.78875601995874,6.297775127450876,no
117813.0,31.0,blue-collar,single,secondary,yes,no,,9.0,may,Evening,1.0,1.0,0.0,,no,216.0,103.16402562383317,5.245817285869282,no
150028.0,,admin.,single,secondary,yes,,call,30.0,apr,Morning,2.0,2.0,0.0,,no,206.0,100.04210343073952,,no
146410.0,37.0,blue-collar,married,primary,yes,no,call,5.0,feb,morning,2.0,2.0,4.0,failure,no,655.0,137.2793684733036,6.74585696798863,no
145766.0,38.0,management,married,tertiary,yes,no,call,4.0,feb,Night ,1.0,1.0,0.0,,no,0.0,104.3646312534129,6.260802957566607,no
116383.0,29.0,blue-collar,married,secondary,yes,No,,6.0,may,Afternoon,1.0,1.0,0.0,,no,1.0,107.14412971299723,3.610674429318301,no
155368.0,30.0,admin.,married,tertiary,yes,yes,call,25.0,may,morning,1.0,1.0,0.0,,no,501.0,84.09198149047222,4.909265707846363,no
118813.0,40.0,technician,married,secondary,yes,no,,14.0,may,Afternoon,2.0,2.0,0.0,,no,782.0,107.07782452720197,4.344580614390999,no
132798.0,50.0,technician,married,secondary,yes,no,call,25.0,jul,morning,5.0,5.0,0.0,,no,59.0,106.17944788139329,5.493738780488239,no
140996.0,50.0,management,married,tertiary,yes,no,call,18.0,nov,Morning,2.0,2.0,0.0,,no,-151.0,93.85010912942415,4.410154128516272,no
143201.0,33.0,admin.,divorced,secondary,yes,no,call,21.0,nov,Night,1.0,1.0,2.0,failure,no,335.0,100.21162020469005,7.641345076384514,no
119181.0,57.0,retired,divorced,tertiary,yes,no,,15.0,may,Night ,1.0,1.0,0.0,,no,2516.0,99.47014378661878,5.870161173859584,no
139009.0,30.0,technician,single,tertiary,yes,no,call,26.0,aug,Evening,5.0,5.0,0.0,,no,1271.0,104.57911030372921,5.444995378327583,no
121169.0,40.0,blue-collar,married,primary,yes,no,,23.0,may,Afternoon,1.0,1.0,0.0,,yes,-509.0,113.35484627476276,2.751604165168364,no
121620.0,53.0,technician,married,secondary,no,yes,,26.0,may,Afternoon,1.0,1.0,0.0,,no,137.0,89.16856896527213,4.282647776108847,no
144019.0,30.0,management,married,tertiary,no,no,call,29.0,jan,Morning,1.0,1.0,1.0,other,no,370.0,109.9488072360714,2.1529954722324636,no
139360.0,52.0,blue-collar,married,primary,no,no,call,28.0,aug,morning,8.0,8.0,0.0,,no,-27.0,106.63827397663754,5.306941077537693,no
134950.0,48.0,blue-collar,married,primary,no,no,call,5.0,aug,eve,1.0,1.0,0.0,,no,574.0,113.13793873215604,4.211216542260246,no
158206.0,43.0,management,married,tertiary,no,no,call,16.0,nov,Morning,1.0,1.0,1.0,failure,no,3186.0,102.35043330574408,4.877955346469544,yes
134679.0,26.0,admin.,single,secondary,no,no,call,31.0,jul,eve,31.0,31.0,0.0,,no,-14.0,106.17144060539442,6.281388583021227,no
119094.0,41.0,housemaid,married,primary,yes,no,,15.0,may,Night,4.0,4.0,0.0,,no,3291.0,98.97190676972008,4.745019260624193,no
135794.0,35.0,management,married,tertiary,no,no,call,8.0,aug,Night ,2.0,2.0,0.0,,no,3161.0,107.77308963373041,5.363790417277142,no
127690.0,56.0,retired,married,secondary,no,no,,20.0,jun,Night,3.0,3.0,0.0,,no,878.0,106.2270381085951,3.199378719275872,no
142971.0,30.0,blue-collar,single,primary,no,no,call,21.0,nov,Night ,1.0,1.0,0.0,,no,395.0,125.51082276240325,4.487620865381762,no
124515.0,31.0,blue-collar,married,primary,yes,yes,,3.0,jun,eve,3.0,3.0,0.0,,no,576.0,132.09799776690932,4.386896216679466,no
130997.0,42.0,technician,married,secondary,yes,no,call,17.0,jul,Night,2.0,2.0,0.0,,no,782.0,114.43086292755497,4.30330685410814,no
134057.0,42.0,entrepreneur,married,,yes,No,call,30.0,jul,Evening,2.0,2.0,0.0,,no,206.0,124.81259496510008,5.149262251537181,yes
124754.0,29.0,blue-collar,married,primary,yes,no,,4.0,jun,eve,2.0,2.0,0.0,,no,220.0,92.73763165187084,7.311963258444884,no
157908.0,63.0,retired,married,tertiary,no,no,call,28.0,oct,eve,2.0,2.0,0.0,,no,937.0,92.80393024118241,5.169585253973167,no
118080.0,32.0,blue-collar,married,primary,yes,no,,12.0,may,Morning,1.0,1.0,0.0,,no,1064.0,106.58269746322415,4.967297765501793,no
152264.0,37.0,technician,married,primary,yes,yes,call,11.0,may,eve,2.0,2.0,10.0,failure,no,1653.0,127.77289588778508,2.346854406542459,no
142599.0,31.0,entrepreneur,married,tertiary,no,no,call,20.0,nov,Morning,2.0,2.0,0.0,,no,5191.0,87.89473054412592,4.213183475849064,no
121886.0,43.0,technician,divorced,secondary,yes,no,,26.0,may,Morning,2.0,2.0,0.0,,no,87.0,107.90001059937778,7.379231644921472,no
150743.0,44.0,blue-collar,married,primary,yes,no,call,6.0,may,Morning,4.0,4.0,0.0,,no,513.0,101.28591573137261,5.897765170312857,no
158400.0,56.0,retired,married,secondary,no,yes,call,17.0,dec,eve,1.0,1.0,1.0,failure,no,393.0,95.90343515398092,4.097951263282032,no
131753.0,29.0,management,single,tertiary,yes,no,call,21.0,jul,Afternoon,2.0,2.0,0.0,,no,872.0,98.92263350183387,7.361068311895411,no
122275.0,35.0,blue-collar,married,primary,yes,no,,27.0,may,Evening,2.0,2.0,0.0,,no,1383.0,95.59914689631388,7.975966198591431,no
122294.0,34.0,management,single,tertiary,yes,No,,27.0,may,morning,9.0,9.0,0.0,,no,3635.0,83.31064381555885,4.812103512050899,no
139957.0,58.0,retired,married,tertiary,no,no,SMS,21.0,oct,Night,1.0,1.0,0.0,,no,2199.0,104.54424832433118,5.958011625710776,no
140699.0,48.0,entrepreneur,married,secondary,yes,yes,call,18.0,nov,eve,1.0,1.0,0.0,,no,104.0,,4.389304397933307,no
135848.0,59.0,retired,divorced,secondary,no,yes,call,8.0,aug,eve,2.0,2.0,0.0,,no,93.0,86.48383618517889,7.349074263262757,no
142371.0,50.0,management,married,secondary,no,No,call,20.0,nov,Night,5.0,5.0,0.0,,yes,421.0,112.80795370272453,6.881229186745994,no
148813.0,47.0,management,married,secondary,yes,no,call,17.0,apr,Afternoon,3.0,3.0,0.0,,no,407.0,81.9356609316577,7.0047126282713785,no
147250.0,31.0,technician,married,secondary,no,no,call,17.0,mar,eve,2.0,2.0,0.0,,no,180.0,98.56692681895498,2.2200915085245363,yes
140151.0,39.0,entrepreneur,married,tertiary,no,no,call,17.0,nov,Afternoon,1.0,1.0,0.0,,no,1654.0,100.49583630408303,4.672464557191553,no
142429.0,38.0,management,married,tertiary,,no,call,20.0,nov,Evening,1.0,1.0,0.0,,no,5506.0,105.73323914648459,2.6062304397049028,no
142936.0,58.0,blue-collar,married,primary,no,yes,call,21.0,nov,Night,1.0,1.0,0.0,,no,3108.0,99.65750598698256,3.33315943678484,no
123632.0,35.0,blue-collar,married,secondary,yes,no,,30.0,may,Night ,3.0,3.0,0.0,,no,535.0,98.25735913653537,5.485763726844202,no
156311.0,30.0,management,single,tertiary,no,no,call,,jul,morning,1.0,1.0,0.0,,no,536.0,119.46536258789436,7.332193338512458,yes
117928.0,31.0,management,married,tertiary,yes,no,,9.0,may,Afternoon,2.0,2.0,0.0,,no,713.0,95.59217531162206,7.567636528781973,no
138055.0,41.0,technician,married,secondary,yes,no,call,21.0,aug,Night,2.0,2.0,0.0,,no,1032.0,99.73743871872945,4.987891531803838,no
143674.0,37.0,unemployed,divorced,secondary,yes,no,call,28.0,jan,Night ,1.0,1.0,0.0,,no,57.0,106.50235978310877,7.038952003340966,no
148703.0,40.0,blue-collar,married,secondary,yes,no,call,17.0,apr,Morning,2.0,2.0,1.0,other,no,668.0,113.72121503078064,4.492742213996832,no
151755.0,36.0,management,single,tertiary,yes,no,call,8.0,may,Night ,3.0,3.0,1.0,failure,no,1531.0,105.03462646330527,3.9406448794347364,no
131795.0,46.0,admin.,married,secondary,no,no,call,22.0,jul,Evening,14.0,14.0,0.0,,no,5169.0,104.559351958665,6.151989278420407,no
143714.0,58.0,technician,married,secondary,no,no,call,28.0,jan,Evening,1.0,1.0,0.0,,no,,93.41742389662659,7.201476912661374,no
156014.0,27.0,admin.,married,secondary,no,no,call,5.0,jun,Night,1.0,1.0,0.0,,no,897.0,98.72312399867808,5.134864415777755,yes
159197.0,38.0,housemaid,single,secondary,yes,no,call,16.0,mar,Night,1.0,1.0,3.0,success,no,465.0,96.92001264147687,4.575808206023386,yes
133801.0,51.0,housemaid,married,tertiary,yes,no,call,30.0,jul,Evening,3.0,3.0,0.0,,no,390.0,124.28992168737004,1.014596323012765,no
138232.0,30.0,technician,married,secondary,yes,no,call,22.0,aug,morning,2.0,2.0,0.0,,no,398.0,94.15399549632535,,no
131698.0,44.0,housemaid,married,primary,yes,no,call,21.0,jul,Morning,1.0,1.0,0.0,,no,1037.0,99.7914030847473,6.4534659391364,no
160594.0,26.0,technician,single,secondary,yes,no,call,6.0,sep,Morning,1.0,1.0,3.0,other,no,1105.0,99.82379526248461,8.113813257664763,yes
156266.0,79.0,retired,married,secondary,no,No,email,22.0,jun,Evening,3.0,3.0,0.0,,no,723.0,98.51453795725125,5.948903181636017,no
137247.0,47.0,technician,divorced,secondary,no,no,call,18.0,aug,Evening,4.0,4.0,0.0,,,236.0,91.1356455518699,4.903014835349635,no
129967.0,47.0,admin.,divorced,secondary,yes,no,call,11.0,jul,Night ,2.0,2.0,0.0,,no,1139.0,98.19210006527753,3.5586648910865892,no
132342.0,28.0,services,single,secondary,no,yes,call,23.0,jul,Night ,12.0,12.0,0.0,,no,-221.0,99.13788431452636,9.65048425255225,no
142209.0,43.0,blue-collar,single,primary,yes,no,call,20.0,nov,Night,1.0,1.0,0.0,,no,13620.0,113.29409474801768,4.729744666040042,no
128861.0,35.0,management,married,tertiary,no,no,call,7.0,jul,Morning,4.0,4.0,0.0,,no,122.0,82.74031740993411,3.975986851882194,no
159448.0,63.0,blue-collar,married,primary,,no,email,27.0,apr,Evening,1.0,1.0,7.0,failure,no,115.0,92.64195509650277,5.634941648444887,yes
123808.0,31.0,unemployed,divorced,primary,yes,no,,30.0,may,Evening,12.0,12.0,0.0,,no,0.0,96.76942763779599,5.593420692417865,yes
151167.0,32.0,blue-collar,married,secondary,yes,no,call,7.0,may,morning,1.0,1.0,1.0,failure,no,428.0,94.45449221766494,5.585140765085831,no
121999.0,43.0,services,married,secondary,yes,no,,27.0,may,Morning,1.0,1.0,0.0,,no,0.0,109.73284964863383,4.407842580010636,no
145366.0,34.0,technician,married,secondary,no,no,call,3.0,feb,Night ,1.0,1.0,0.0,,no,2467.0,93.64379068382371,4.447251842994914,no
134973.0,38.0,management,single,tertiary,no,yes,call,5.0,aug,Afternoon,1.0,1.0,0.0,,no,1637.0,,4.477396168354404,no
126412.0,29.0,technician,single,secondary,yes,no,,16.0,jun,Evening,15.0,15.0,0.0,,no,510.0,90.8956052891439,2.3722163930841624,no
138749.0,31.0,technician,married,secondary,yes,no,call,25.0,aug,morning,2.0,2.0,0.0,,no,518.0,99.7339218401897,4.723320690876094,no
126262.0,59.0,entrepreneur,married,tertiary,yes,no,,12.0,jun,Afternoon,1.0,1.0,0.0,,no,631.0,98.9837425926025,5.491514295593013,no
127052.0,43.0,management,married,tertiary,no,no,,18.0,jun,Night ,1.0,1.0,0.0,,no,657.0,102.63272320059019,6.7108110045110845,no
121171.0,32.0,management,single,tertiary,,No,,23.0,may,Evening,1.0,1.0,0.0,,no,11315.0,104.26648111295253,4.35476021859622,no
145922.0,34.0,services,married,secondary,yes,yes,call,4.0,feb,morning,2.0,2.0,7.0,failure,no,382.0,106.37556358034874,4.8931391550657555,no
129542.0,38.0,management,single,tertiary,no,No,call,9.0,jul,morning,3.0,3.0,0.0,,no,633.0,102.74402216278943,6.300651529963896,no
122354.0,30.0,blue-collar,married,secondary,no,No,,27.0,may,Evening,2.0,2.0,0.0,,no,-202.0,97.52841038085181,5.535469312100177,no
159895.0,31.0,services,single,secondary,no,no,,28.0,jun,eve,1.0,1.0,0.0,,no,334.0,104.3988566974864,2.891840780899293,no
158880.0,33.0,unemployed,married,secondary,no,no,call,11.0,feb,morning,1.0,1.0,1.0,success,no,1211.0,93.13713610049105,3.433859271699301,yes
154929.0,32.0,blue-collar,married,primary,yes,yes,call,18.0,may,eve,1.0,1.0,0.0,,no,268.0,102.88890739447527,4.888492553858111,no
161073.0,46.0,blue-collar,married,secondary,no,no,call,15.0,nov,Night,2.0,2.0,3.0,failure,no,6879.0,92.2911837190629,3.9623671000064187,no
122204.0,24.0,self-employed,single,tertiary,yes,no,,27.0,may,Night,1.0,1.0,0.0,,no,2984.0,89.99285576861905,6.872246146849994,yes
153207.0,43.0,management,divorced,secondary,yes,yes,call,13.0,may,Night ,1.0,1.0,0.0,,no,229.0,104.70594722244475,3.9072832301003246,no
144907.0,60.0,technician,married,secondary,yes,yes,call,2.0,,Afternoon,1.0,1.0,0.0,,no,,82.31603101887787,4.372916281500046,no
145661.0,47.0,blue-collar,married,secondary,yes,no,call,4.0,feb,Evening,1.0,1.0,4.0,failure,no,243.0,97.98832118020727,5.645971943473924,no
128822.0,25.0,services,single,secondary,no,yes,call,7.0,jul,Evening,1.0,1.0,0.0,,no,402.0,114.15611331340885,3.4554549533740877,no
158469.0,32.0,services,married,secondary,no,no,call,29.0,dec,Night,1.0,1.0,1.0,success,no,914.0,105.22159757663263,6.1070012207749444,no
139431.0,32.0,technician,single,secondary,yes,no,call,28.0,aug,Night,8.0,8.0,0.0,,no,2421.0,108.70900523570569,6.589616457023065,no
137402.0,47.0,blue-collar,married,primary,no,no,call,19.0,aug,Evening,2.0,2.0,0.0,,no,43.0,94.70899150856854,5.983746813601696,no
149019.0,37.0,blue-collar,married,primary,yes,yes,call,20.0,apr,Morning,3.0,3.0,0.0,,no,15.0,74.74335986769898,4.276092754863964,no
126740.0,38.0,blue-collar,married,primary,no,no,,17.0,jun,Night ,1.0,1.0,0.0,,no,6091.0,89.6852424726001,7.237216716862835,no
141704.0,45.0,blue-collar,married,secondary,yes,yes,call,19.0,nov,morning,3.0,3.0,2.0,failure,no,2926.0,92.1301552692559,6.508198273650919,no
124288.0,30.0,technician,married,secondary,yes,no,,3.0,jun,morning,1.0,1.0,0.0,,no,418.0,108.2231604166765,6.120391170117593,no
136677.0,40.0,technician,married,secondary,yes,no,call,13.0,aug,Morning,2.0,2.0,0.0,,no,372.0,101.20964508476382,5.340300223423472,no
148927.0,35.0,entrepreneur,single,tertiary,yes,no,call,17.0,apr,Evening,2.0,2.0,1.0,failure,no,1295.0,96.92455378754795,6.5116779014881585,no
129883.0,26.0,services,single,secondary,no,no,call,10.0,jul,Night,3.0,3.0,0.0,,no,235.0,90.803288160952,5.5553104793329755,no
152324.0,47.0,technician,divorced,tertiary,yes,no,call,11.0,may,Night,4.0,4.0,0.0,,no,694.0,,6.171199923630425,no
147033.0,21.0,student,single,secondary,no,no,call,19.0,feb,Afternoon,5.0,5.0,0.0,,no,164.0,107.07938849889958,6.870037810297036,no
122223.0,32.0,management,married,tertiary,no,no,,27.0,may,morning,1.0,1.0,0.0,,no,124.0,104.18394675812985,4.792774809837589,no
132316.0,53.0,technician,divorced,secondary,yes,no,call,23.0,jul,eve,4.0,4.0,0.0,,no,2156.0,104.5535231161001,2.4217460857271256,no
131280.0,32.0,technician,married,secondary,no,yes,call,18.0,jul,Night ,2.0,2.0,0.0,,,95.0,94.872095580627,5.9631058351500075,no
132483.0,51.0,retired,divorced,primary,no,No,call,,jul,morning,2.0,2.0,0.0,,no,43.0,92.65313982771453,4.805265469633409,no
134753.0,55.0,self-employed,married,secondary,no,no,call,4.0,aug,Morning,1.0,1.0,0.0,,no,181.0,90.96747873280538,4.2487404068838295,no
123399.0,58.0,blue-collar,married,secondary,yes,no,,29.0,may,Evening,4.0,4.0,0.0,,no,1298.0,104.7757739611784,6.405044026699816,no
117350.0,35.0,blue-collar,single,primary,yes,no,,8.0,may,eve,1.0,1.0,0.0,,no,,100.60618507773893,7.112544585012495,no
131764.0,36.0,admin.,married,tertiary,no,no,call,21.0,jul,Night,4.0,4.0,0.0,,no,289.0,106.35007755534308,3.038049167238829,no
139400.0,31.0,management,married,tertiary,no,No,call,28.0,aug,eve,17.0,17.0,0.0,,no,3.0,99.90130505638348,4.0688388274774345,no
134355.0,35.0,blue-collar,married,,no,no,call,31.0,jul,Morning,2.0,2.0,0.0,,no,1662.0,89.15070634019459,8.08151682565802,no
122326.0,29.0,management,married,tertiary,yes,no,,27.0,may,Morning,2.0,2.0,0.0,,no,7832.0,114.45275690444072,7.392188125687547,no
158715.0,40.0,blue-collar,married,secondary,yes,no,call,1.0,feb,Morning,2.0,2.0,0.0,,no,275.0,95.32145735535285,4.521651139745878,no
151693.0,36.0,management,single,secondary,no,no,call,8.0,may,Afternoon,2.0,2.0,0.0,,no,278.0,99.03307660911047,5.549227027220365,no
154720.0,36.0,entrepreneur,single,tertiary,yes,no,call,18.0,may,Afternoon,2.0,2.0,2.0,success,no,145.0,110.29107661952762,,no
131914.0,57.0,blue-collar,married,secondary,no,yes,call,22.0,jul,Night,2.0,2.0,0.0,,no,0.0,87.3076212284798,1.36973139815857,no
157478.0,33.0,management,married,tertiary,no,no,call,15.0,sep,Evening,2.0,2.0,1.0,success,no,1323.0,97.98956178026509,4.402441839224342,no
123801.0,56.0,admin.,married,secondary,yes,yes,,30.0,may,morning,3.0,3.0,0.0,,no,346.0,99.19301275792475,4.011372929552536,no
146772.0,57.0,management,married,tertiary,no,no,call,9.0,feb,Afternoon,4.0,4.0,0.0,,no,105.0,89.58823454059348,3.9270253447289107,no
140486.0,52.0,technician,married,,yes,no,call,17.0,nov,Night ,1.0,1.0,0.0,,no,0.0,99.0056297882117,3.7211366337798233,no
146301.0,33.0,services,single,secondary,yes,no,call,5.0,feb,Evening,1.0,1.0,1.0,failure,no,406.0,108.92780853804805,4.142705477083783,no
129721.0,35.0,management,single,tertiary,no,yes,call,,jul,Evening,1.0,1.0,0.0,,no,292.0,82.03798913551381,6.255032903737499,no
145781.0,33.0,blue-collar,married,primary,yes,no,call,4.0,feb,Afternoon,1.0,1.0,4.0,failure,no,158.0,108.28758429320264,5.328151991362544,no
145902.0,29.0,services,single,secondary,no,no,call,4.0,feb,Evening,1.0,1.0,0.0,,no,887.0,118.80058171324842,5.9595899846332605,no
159315.0,80.0,retired,married,secondary,no,no,email,6.0,apr,Afternoon,1.0,1.0,11.0,success,no,8304.0,105.40699001781582,2.5491741486754216,no
136178.0,55.0,technician,single,secondary,yes,no,call,11.0,aug,Evening,15.0,15.0,0.0,,no,149.0,104.03576493341228,6.217334458938578,no
141899.0,44.0,entrepreneur,married,secondary,yes,No,call,19.0,nov,Afternoon,2.0,2.0,0.0,,no,6649.0,89.46448552287892,3.5734880998785785,no
147942.0,44.0,admin.,divorced,secondary,no,no,call,14.0,apr,Afternoon,1.0,1.0,1.0,failure,no,0.0,108.43933159720606,4.966893843157599,yes
138651.0,33.0,technician,married,secondary,no,no,call,25.0,aug,Evening,2.0,2.0,0.0,,no,430.0,88.19785296058951,5.6801490045582606,no
130867.0,42.0,technician,married,secondary,no,no,call,16.0,jul,Morning,5.0,5.0,0.0,,no,166.0,96.57641488927152,1.721497367715406,no
156996.0,77.0,retired,married,tertiary,no,No,call,17.0,aug,eve,1.0,1.0,0.0,,no,0.0,89.64528407195536,3.2539818129612303,yes
151051.0,35.0,blue-collar,married,secondary,,yes,call,7.0,may,Afternoon,3.0,3.0,0.0,,no,-701.0,99.72222966070419,3.7060021785222914,no
139794.0,46.0,blue-collar,married,secondary,yes,no,call,29.0,aug,morning,2.0,2.0,0.0,,no,1685.0,98.13943099219688,,no
146146.0,36.0,blue-collar,single,secondary,no,no,call,5.0,feb,morning,1.0,1.0,0.0,,no,767.0,108.82050125014572,4.339653396092155,no
126136.0,52.0,admin.,,secondary,no,no,,11.0,jun,Night,2.0,2.0,0.0,,no,4233.0,114.63845332755349,3.729143815936308,no
142345.0,55.0,management,married,tertiary,no,no,call,20.0,nov,Evening,5.0,5.0,3.0,failure,no,10065.0,101.1438459339878,4.133233608598024,no
137601.0,56.0,technician,divorced,secondary,no,no,call,19.0,aug,Evening,1.0,1.0,0.0,,no,5.0,93.91324020488054,4.949080066955753,no
160451.0,30.0,services,single,secondary,no,no,,13.0,aug,Morning,1.0,1.0,0.0,,no,63.0,103.71199859708798,5.947163654459359,no
152436.0,43.0,blue-collar,married,primary,yes,yes,call,12.0,may,Night,1.0,1.0,0.0,,no,238.0,85.39227240273942,6.045800273133315,no
138558.0,59.0,blue-collar,married,primary,yes,no,call,25.0,aug,Afternoon,5.0,5.0,0.0,,no,6271.0,88.71750064137207,4.5533390262029405,no
149856.0,51.0,technician,married,tertiary,yes,yes,call,30.0,apr,Morning,1.0,1.0,2.0,success,no,1347.0,100.86544592827236,4.331217531641113,no
147572.0,35.0,technician,single,primary,yes,no,call,7.0,apr,Evening,1.0,1.0,0.0,,no,744.0,121.69785171690094,5.113576698627336,no
141412.0,46.0,technician,married,tertiary,yes,no,call,19.0,nov,Evening,1.0,1.0,0.0,,no,3941.0,109.98300294357475,6.235274911375997,no
117850.0,32.0,admin.,divorced,secondary,yes,no,,9.0,may,Night ,2.0,2.0,0.0,,no,43.0,94.56629244994618,2.9876299785021994,no
122862.0,39.0,blue-collar,married,primary,yes,yes,,28.0,may,Night ,5.0,5.0,0.0,,no,-310.0,83.10673533570152,5.4598165692980425,no
130637.0,37.0,management,married,tertiary,yes,no,call,15.0,jul,eve,6.0,6.0,0.0,,no,6014.0,87.95418548676523,5.741424203199144,no
131620.0,26.0,blue-collar,married,secondary,yes,no,call,21.0,jul,Evening,2.0,2.0,0.0,,no,622.0,81.64836930648882,4.4061570018467515,no
156322.0,22.0,services,single,secondary,no,yes,call,2.0,jul,Morning,1.0,1.0,0.0,,no,2273.0,94.05373128880926,3.010283841978402,no
159939.0,32.0,technician,single,tertiary,no,no,call,30.0,jun,Night,2.0,2.0,0.0,,no,4071.0,100.8493587429403,4.187279319911222,yes
128818.0,56.0,blue-collar,married,secondary,no,no,SMS,7.0,jul,Evening,2.0,2.0,0.0,,no,58932.0,,3.4797503703325723,no
157857.0,35.0,technician,single,secondary,no,no,call,23.0,oct,morning,1.0,1.0,4.0,failure,no,183.0,81.62089550527054,3.8007873139821053,yes
148801.0,41.0,blue-collar,divorced,secondary,yes,no,call,17.0,apr,Morning,2.0,2.0,2.0,failure,no,927.0,103.52791722747706,3.191818755559643,no
136294.0,59.0,admin.,divorced,secondary,no,No,call,12.0,aug,morning,4.0,4.0,0.0,,no,636.0,108.21082002020935,4.289035412480734,no
137246.0,60.0,housemaid,married,secondary,no,no,SMS,18.0,aug,Morning,2.0,2.0,0.0,,no,1211.0,79.35749137533037,2.6311532775856348,no
151899.0,42.0,services,married,secondary,yes,yes,call,8.0,may,Morning,1.0,1.0,5.0,failure,no,714.0,108.94168110805916,4.6597537230121695,no
155417.0,32.0,technician,single,tertiary,yes,no,call,25.0,may,morning,2.0,2.0,4.0,failure,no,705.0,105.0026616544053,3.6232879651331635,yes
120275.0,28.0,student,single,secondary,yes,no,,20.0,may,eve,9.0,9.0,0.0,,no,154.0,85.52978233268351,6.811209520784509,no
116368.0,50.0,management,married,tertiary,yes,no,,6.0,may,Afternoon,1.0,1.0,0.0,,no,964.0,114.11121178650598,4.945746008562957,no
130343.0,50.0,management,married,tertiary,yes,no,SMS,14.0,jul,Night,3.0,3.0,0.0,,no,305.0,98.78171472566085,4.563137248757507,no
131671.0,40.0,blue-collar,married,secondary,yes,no,call,21.0,jul,Night ,1.0,1.0,0.0,,no,-60.0,86.74203964487829,2.006428208871358,no
142551.0,38.0,blue-collar,married,secondary,yes,no,call,20.0,nov,Evening,4.0,4.0,1.0,other,no,789.0,93.25670152163629,6.006657056981582,no
136364.0,30.0,management,single,secondary,no,No,call,12.0,aug,Morning,2.0,2.0,0.0,,no,1913.0,100.15921693685733,5.333075741782145,no
152798.0,32.0,technician,married,secondary,yes,no,call,12.0,may,morning,2.0,2.0,0.0,,no,465.0,94.9988926806754,6.218204345032292,no
132104.0,48.0,technician,divorced,secondary,yes,no,call,23.0,jul,Morning,2.0,2.0,0.0,,no,485.0,96.83489386448947,6.968898226586058,no
152198.0,39.0,technician,married,secondary,yes,no,call,11.0,may,Evening,1.0,1.0,2.0,failure,no,381.0,104.31148263579199,6.865750154005463,no
138096.0,48.0,technician,divorced,secondary,no,,call,21.0,aug,Night,4.0,4.0,0.0,,no,0.0,96.38730587860866,3.1649709438105367,no
117651.0,43.0,admin.,married,secondary,yes,,,9.0,may,Afternoon,2.0,2.0,0.0,,no,616.0,87.04579738738931,3.4859914936751206,no
123828.0,51.0,blue-collar,married,primary,yes,yes,,30.0,may,Morning,3.0,3.0,0.0,,no,610.0,88.68346492571808,5.246216807256691,no
136996.0,36.0,technician,single,secondary,no,no,call,14.0,aug,morning,4.0,4.0,0.0,,no,318.0,100.0931456783583,4.172439969640896,no
134937.0,52.0,,married,,no,no,call,5.0,aug,Morning,3.0,3.0,0.0,,no,5361.0,103.14428103869942,5.610270815131105,yes
138706.0,34.0,management,married,secondary,no,no,call,25.0,aug,Night ,7.0,7.0,0.0,,no,15.0,93.49818657687106,4.7135846978833,no
127068.0,49.0,blue-collar,married,secondary,no,no,,18.0,jun,Afternoon,1.0,1.0,0.0,,no,1743.0,95.58446562663809,7.693566190166086,no
149316.0,30.0,blue-collar,married,primary,yes,no,call,20.0,apr,Evening,4.0,4.0,3.0,other,no,262.0,103.75157920808212,3.3566034827179307,no
152705.0,56.0,management,married,primary,yes,no,call,12.0,may,Afternoon,2.0,2.0,0.0,,no,31.0,102.45654597561649,7.37696619403156,no
123344.0,56.0,services,married,secondary,yes,No,,29.0,may,Morning,2.0,2.0,0.0,,no,705.0,88.49177708006373,4.316319999871523,no
160539.0,30.0,self-employed,married,tertiary,yes,no,,1.0,sep,Evening,1.0,1.0,2.0,other,no,805.0,111.83600535490656,4.692966691516879,no
149962.0,25.0,technician,married,tertiary,no,no,call,30.0,apr,morning,1.0,1.0,0.0,,no,400.0,93.28034270696892,5.285626988868085,no
135238.0,36.0,technician,married,secondary,no,no,call,6.0,aug,Morning,4.0,4.0,0.0,,no,361.0,101.50520240001046,5.667538898343238,no
146471.0,30.0,technician,single,secondary,no,no,call,6.0,feb,Afternoon,2.0,2.0,0.0,,no,1282.0,97.32868229958576,4.689123937135179,no
124361.0,24.0,blue-collar,married,secondary,yes,no,,3.0,jun,Afternoon,2.0,2.0,0.0,,no,1073.0,94.02062520650772,3.1122040643108657,no
145359.0,,entrepreneur,married,tertiary,no,no,call,3.0,feb,Afternoon,3.0,3.0,0.0,,no,8118.0,112.0641711237493,5.167954159349283,no
139920.0,32.0,management,single,tertiary,no,no,email,29.0,aug,Night,11.0,11.0,0.0,,no,123.0,98.88563683237128,4.640372611104739,no
128048.0,53.0,management,married,primary,no,no,,20.0,jun,Night,3.0,3.0,0.0,,no,4086.0,112.23560620182839,5.968262695186832,no
134628.0,48.0,admin.,married,primary,yes,yes,email,31.0,jul,Evening,9.0,9.0,0.0,,no,3644.0,95.86688792534491,6.829447591397762,yes
149553.0,33.0,admin.,divorced,tertiary,no,no,call,20.0,apr,Night ,4.0,4.0,0.0,,no,1586.0,98.51111678446485,4.744628224982931,no
152859.0,46.0,entrepreneur,married,secondary,yes,no,SMS,12.0,may,Afternoon,7.0,7.0,2.0,failure,no,404.0,85.26146354027847,1.7280546314370695,no
137740.0,42.0,management,married,tertiary,no,no,call,20.0,aug,Night,2.0,2.0,0.0,,no,160.0,98.0012579461398,3.6678946295583623,no
133613.0,40.0,management,married,tertiary,no,no,SMS,29.0,jul,morning,2.0,2.0,0.0,,no,4381.0,113.77247147022055,2.582900957477736,no
136832.0,40.0,housemaid,married,secondary,no,no,call,13.0,aug,Evening,7.0,7.0,0.0,,no,163.0,96.25293143200135,5.642196445320601,no
155743.0,37.0,admin.,married,secondary,yes,no,call,2.0,jun,Night ,1.0,1.0,0.0,,no,0.0,116.30678887988887,4.61442037360783,yes
145096.0,29.0,management,single,tertiary,no,No,call,2.0,feb,morning,1.0,1.0,0.0,,no,29.0,108.73209206109252,4.349197539602534,no
129633.0,48.0,entrepreneur,married,secondary,no,yes,call,10.0,jul,morning,1.0,1.0,0.0,,no,725.0,98.39139307820226,4.882735176121689,no
128758.0,59.0,blue-collar,divorced,primary,no,yes,call,7.0,jul,morning,1.0,1.0,0.0,,no,1265.0,87.4140843478391,6.809113162218071,yes
149705.0,29.0,management,married,tertiary,no,no,call,27.0,apr,Night ,8.0,8.0,0.0,,no,4328.0,79.87157419364512,5.415334866402415,no
117293.0,26.0,student,single,,yes,no,,8.0,may,eve,2.0,2.0,0.0,,no,-41.0,98.07437678695496,4.32153070332026,no
135264.0,60.0,retired,married,primary,no,no,email,6.0,aug,Afternoon,5.0,5.0,0.0,,no,1720.0,119.35864709754827,3.4990294963305573,no
128008.0,38.0,services,single,secondary,no,no,,20.0,jun,Night,12.0,12.0,0.0,,no,1315.0,109.50055903868966,4.656051931042682,no
136385.0,41.0,management,married,tertiary,yes,no,call,12.0,aug,Night ,2.0,2.0,0.0,,no,2781.0,119.85217378192364,4.158841313897767,no
139345.0,30.0,technician,single,secondary,no,no,call,28.0,aug,eve,10.0,10.0,0.0,,no,0.0,114.87255052989015,4.515309682316199,no
151154.0,30.0,admin.,married,secondary,yes,no,call,7.0,may,Morning,1.0,1.0,1.0,failure,no,187.0,118.47344773856169,4.254228640303884,no
138996.0,33.0,technician,single,secondary,yes,no,call,26.0,aug,Evening,14.0,14.0,0.0,,no,487.0,92.48247111706632,5.218173362721399,no
137276.0,40.0,management,married,tertiary,no,yes,call,,aug,Afternoon,6.0,6.0,0.0,,no,42.0,102.26115161043361,5.144271115155174,no
141940.0,54.0,management,married,tertiary,no,yes,call,19.0,nov,Night ,3.0,3.0,0.0,,no,0.0,86.48707307995606,3.321438970111675,no
138594.0,42.0,technician,divorced,tertiary,no,no,call,25.0,aug,Night,4.0,4.0,0.0,,no,343.0,108.34968440288203,6.17335286011898,no
148848.0,49.0,blue-collar,married,secondary,yes,yes,call,17.0,apr,Afternoon,2.0,2.0,1.0,failure,no,1127.0,101.98032860625267,3.974058487723886,no
160411.0,51.0,management,married,tertiary,no,No,call,11.0,aug,morning,1.0,1.0,6.0,success,no,346.0,90.28775352893258,5.50187824052859,yes
156152.0,52.0,entrepreneur,married,secondary,no,no,call,15.0,jun,Night,1.0,1.0,0.0,,no,1306.0,109.89532517845441,4.708059965231101,yes
149262.0,40.0,admin.,single,tertiary,yes,no,call,20.0,apr,Evening,1.0,1.0,4.0,failure,no,283.0,89.98620296316669,4.538175952841546,no
159803.0,27.0,admin.,single,,no,no,call,14.0,jun,morning,4.0,4.0,0.0,,no,861.0,98.83694789911857,8.220677573555927,yes
137519.0,57.0,admin.,married,secondary,no,no,call,19.0,aug,Night ,4.0,4.0,0.0,,no,2120.0,87.63393143069985,4.461359795961921,yes
138642.0,45.0,admin.,married,secondary,no,no,call,25.0,aug,Evening,4.0,4.0,0.0,,no,309.0,95.37217202000261,5.018449387249533,no
118576.0,55.0,retired,married,secondary,yes,no,,13.0,may,Morning,7.0,7.0,0.0,,no,493.0,108.02685474825965,6.279991763466928,no
124548.0,28.0,blue-collar,married,secondary,yes,No,,3.0,jun,eve,2.0,2.0,0.0,,no,5611.0,82.37645858042825,5.5611326386871305,no
160843.0,48.0,services,divorced,,no,no,call,8.0,oct,Night,1.0,1.0,2.0,success,no,973.0,105.13749391632678,5.903646244830237,yes
115916.0,40.0,retired,married,primary,yes,yes,,5.0,may,Night ,1.0,1.0,0.0,,no,0.0,91.86084935508545,3.0345639942528977,no
136456.0,32.0,technician,single,tertiary,no,no,call,12.0,aug,Evening,4.0,4.0,0.0,,no,720.0,101.39914877415774,6.282724386860556,no
148580.0,56.0,services,single,secondary,yes,yes,call,17.0,apr,Night ,1.0,1.0,0.0,,no,1222.0,100.7195832943185,6.429657638653973,no
149279.0,33.0,blue-collar,married,secondary,,no,email,20.0,apr,morning,1.0,1.0,1.0,failure,no,35.0,122.78847008105014,2.546483450994877,no
151908.0,46.0,admin.,divorced,primary,yes,no,call,11.0,may,Evening,3.0,3.0,2.0,failure,no,1807.0,106.19166257493328,4.74322603430654,no
144137.0,52.0,unemployed,married,primary,no,no,call,29.0,jan,Morning,1.0,1.0,0.0,,no,1724.0,93.66272804288631,6.754736803118968,no
145778.0,34.0,housemaid,married,primary,yes,No,call,4.0,feb,Night,1.0,1.0,0.0,,no,0.0,94.51843502252177,0.6813675980626499,no
122052.0,39.0,blue-collar,married,secondary,yes,yes,,27.0,may,Afternoon,1.0,1.0,0.0,,no,-131.0,102.4199592952522,7.043294535665739,no
150839.0,45.0,management,married,tertiary,yes,no,call,6.0,may,eve,3.0,3.0,0.0,,no,-192.0,103.13804697843875,5.060377496085938,no
155987.0,24.0,unemployed,single,secondary,no,no,call,4.0,jun,Morning,3.0,3.0,0.0,,no,572.0,96.39055386594332,5.336196061692227,no
134377.0,42.0,services,married,secondary,yes,no,call,31.0,jul,morning,2.0,2.0,0.0,,no,2219.0,97.2018031810549,3.152054399408944,no
140620.0,48.0,technician,divorced,secondary,no,yes,call,17.0,nov,eve,1.0,1.0,0.0,,no,0.0,108.95970022206936,4.252532797033286,no
128631.0,,self-employed,married,secondary,no,yes,call,7.0,jul,eve,2.0,2.0,0.0,,no,1523.0,112.96282900326726,4.377870045741427,no
117601.0,31.0,blue-collar,married,secondary,yes,no,,9.0,may,eve,1.0,1.0,0.0,,no,428.0,99.1187801207631,7.1040503453674875,no
142378.0,47.0,management,married,tertiary,yes,no,call,20.0,nov,eve,4.0,4.0,0.0,,no,3844.0,97.1617998893569,5.333029012575494,no
141610.0,31.0,services,single,secondary,no,no,call,19.0,nov,eve,1.0,1.0,0.0,,no,252.0,102.81353244215947,3.520253984439625,no
148756.0,51.0,blue-collar,married,primary,yes,,call,17.0,apr,morning,3.0,3.0,,,,1126.0,97.77522868584877,5.214274414911919,no
120476.0,33.0,services,married,secondary,yes,yes,,20.0,may,Night,1.0,1.0,0.0,,no,210.0,84.25239541550086,6.896590500417496,no
156566.0,74.0,retired,married,,no,no,call,6.0,aug,Afternoon,3.0,3.0,0.0,,no,7819.0,100.54897543106698,5.314730342918223,no
144214.0,32.0,admin.,single,secondary,no,no,call,,jan,morning,1.0,1.0,5.0,other,no,-32.0,,6.135430494419483,no
125992.0,45.0,blue-collar,married,,no,yes,,11.0,jun,Evening,1.0,1.0,0.0,,no,2056.0,105.29883679778271,6.942074828965709,no
134995.0,58.0,retired,married,secondary,no,no,call,5.0,aug,Night,3.0,3.0,0.0,,no,571.0,99.9898715714969,3.899022032861473,no
140444.0,36.0,technician,married,tertiary,yes,yes,call,17.0,nov,Night ,1.0,1.0,0.0,,no,99.0,110.69436208717696,4.049848668574127,no
137442.0,37.0,admin.,divorced,secondary,yes,yes,call,19.0,aug,eve,2.0,2.0,0.0,,no,295.0,93.30958600162724,5.350011863232136,no
147771.0,33.0,services,married,secondary,yes,no,call,9.0,apr,morning,1.0,1.0,0.0,,no,-329.0,88.0923006563173,,no
118687.0,46.0,blue-collar,married,secondary,yes,yes,,14.0,may,Afternoon,2.0,2.0,0.0,,no,6085.0,89.67672983732729,7.877829705612545,no
128915.0,50.0,blue-collar,divorced,primary,no,no,call,7.0,jul,Afternoon,1.0,1.0,0.0,,no,5.0,102.71089763103123,5.366103145713085,no
116508.0,31.0,blue-collar,single,tertiary,yes,yes,,6.0,may,Morning,1.0,1.0,0.0,,no,60.0,106.18802415930176,4.278440986628574,no
118872.0,47.0,self-employed,married,tertiary,yes,no,,14.0,may,Afternoon,1.0,1.0,0.0,,no,4543.0,93.38565477250835,4.366725199775456,no
154051.0,47.0,blue-collar,divorced,secondary,yes,No,call,15.0,may,Night ,1.0,1.0,1.0,failure,no,1480.0,106.22441181920153,3.3031352204437487,no
133980.0,30.0,technician,married,tertiary,yes,yes,SMS,30.0,jul,Night ,8.0,8.0,0.0,,no,-340.0,103.06586744459894,2.661291453559096,no
159646.0,46.0,management,single,secondary,no,no,call,20.0,may,Morning,1.0,1.0,3.0,failure,no,5993.0,83.2694877265173,6.932304131747536,no
141697.0,31.0,management,divorced,tertiary,yes,no,call,19.0,nov,Morning,1.0,1.0,0.0,,no,883.0,92.31525763881808,3.5365585864843325,no
139680.0,31.0,technician,married,tertiary,no,no,call,29.0,aug,Morning,2.0,2.0,0.0,,no,0.0,115.79326449813045,5.430989030133992,no
122727.0,31.0,services,single,secondary,yes,no,,28.0,may,Afternoon,2.0,2.0,0.0,,no,-779.0,99.92511149078281,3.414766069852843,no
159328.0,69.0,retired,married,primary,no,no,call,12.0,apr,Evening,1.0,1.0,1.0,failure,no,2398.0,105.67637360267918,6.020301238365716,no
116446.0,33.0,blue-collar,married,secondary,yes,no,,6.0,may,Evening,1.0,1.0,0.0,,no,-10.0,108.99059761510696,4.701779635273369,no
156573.0,66.0,retired,married,tertiary,no,no,call,6.0,aug,Night ,1.0,1.0,0.0,,no,3.0,116.97695895558013,8.043577526115566,yes
138226.0,31.0,technician,divorced,tertiary,no,,call,22.0,aug,Night ,2.0,2.0,0.0,,no,0.0,97.6901434839003,2.4381369326690927,no
142908.0,50.0,self-employed,divorced,secondary,yes,yes,SMS,21.0,nov,Afternoon,1.0,1.0,0.0,,no,985.0,127.7416012075595,4.090017069107151,no
156313.0,42.0,entrepreneur,married,secondary,yes,No,SMS,2.0,jul,eve,1.0,1.0,1.0,failure,no,2959.0,80.98738499049054,3.8303924060832037,yes
159425.0,41.0,management,divorced,tertiary,,No,call,23.0,apr,Night ,9.0,9.0,5.0,other,no,5037.0,98.61176391617902,5.02834394040275,yes
148308.0,53.0,admin.,married,secondary,yes,no,call,16.0,apr,Evening,1.0,1.0,1.0,failure,no,3703.0,101.5679057578506,4.488971369878029,no
146878.0,37.0,unemployed,married,secondary,no,no,call,9.0,feb,Morning,2.0,2.0,1.0,failure,no,356.0,102.53067302626835,6.832835035243662,no
153457.0,45.0,blue-collar,single,secondary,yes,no,call,14.0,may,Night,7.0,7.0,13.0,other,yes,0.0,84.11731932989244,3.8066548452246165,no
116126.0,,blue-collar,married,primary,yes,no,,5.0,may,Afternoon,1.0,1.0,0.0,,no,627.0,101.50301496186117,5.277344415554264,no
131004.0,37.0,management,married,tertiary,no,yes,call,17.0,jul,Morning,1.0,1.0,0.0,,no,50.0,105.69795435033991,4.675238856877075,no
149090.0,30.0,admin.,single,secondary,yes,no,call,20.0,apr,Night,1.0,1.0,0.0,,no,1473.0,80.79012492433185,4.692691790403112,no
119877.0,46.0,,married,,yes,no,,16.0,may,Afternoon,3.0,3.0,0.0,,no,300.0,87.19366642869646,5.676273927483818,no
147038.0,28.0,management,single,tertiary,yes,no,call,26.0,feb,Morning,1.0,1.0,0.0,,no,1287.0,80.88617578730643,2.4864039340457413,yes
118212.0,56.0,admin.,married,secondary,no,no,,13.0,may,Night ,3.0,3.0,0.0,,no,11.0,106.97958717985651,5.962516679728368,no
117440.0,37.0,blue-collar,married,primary,yes,no,,8.0,may,Night ,2.0,2.0,0.0,,no,496.0,110.54626460767467,5.320296672280019,no
117858.0,37.0,blue-collar,married,primary,yes,no,,9.0,may,Afternoon,2.0,2.0,0.0,,no,2378.0,96.33105207148279,3.045473933633367,no
152442.0,32.0,technician,married,secondary,yes,no,call,,may,Night,4.0,4.0,1.0,failure,no,169.0,82.04324212798537,7.075349343524828,no
151595.0,30.0,technician,married,secondary,yes,no,call,8.0,may,eve,5.0,5.0,0.0,,no,4.0,97.40808609571364,5.948481517962753,no
135107.0,46.0,admin.,married,secondary,no,no,call,6.0,aug,morning,2.0,2.0,0.0,,no,44.0,94.70840117566435,5.8027564009383825,no
136206.0,47.0,services,married,primary,no,no,call,11.0,aug,Morning,3.0,3.0,0.0,,no,206.0,113.6677310424122,6.778350782123692,no
139904.0,33.0,technician,married,secondary,no,no,call,29.0,aug,Morning,4.0,4.0,0.0,,no,23.0,93.42694637053546,4.816796154732659,no
135348.0,49.0,blue-collar,married,,,no,call,7.0,,Night,2.0,2.0,0.0,,no,2635.0,96.24649938106771,3.2385784418367396,no
148514.0,32.0,student,single,secondary,yes,no,call,17.0,apr,Afternoon,1.0,1.0,0.0,,no,329.0,94.55160467993919,6.8669157743078415,no
135936.0,52.0,services,married,primary,no,no,call,8.0,aug,Morning,4.0,4.0,0.0,,no,432.0,93.83204189671214,7.623554351114963,no
126703.0,39.0,admin.,married,secondary,no,no,,17.0,jun,Night,1.0,1.0,0.0,,no,1891.0,107.67349786261926,4.728143363935868,no
144644.0,47.0,unemployed,single,tertiary,no,No,call,30.0,jan,Night ,1.0,1.0,0.0,,no,2500.0,96.8279263889157,5.290299620353976,no
138549.0,31.0,management,single,tertiary,no,no,call,25.0,aug,morning,5.0,5.0,0.0,,no,0.0,110.55975668573113,7.213128960042331,no
128421.0,50.0,management,married,secondary,no,,,3.0,jul,eve,1.0,1.0,0.0,,no,5.0,99.65811056729522,7.97049900771883,no
160742.0,36.0,management,single,tertiary,,no,call,22.0,sep,Morning,1.0,1.0,1.0,success,no,5958.0,90.63955573878893,5.834234434899704,yes
122041.0,32.0,blue-collar,married,secondary,yes,no,,27.0,may,Morning,1.0,1.0,0.0,,yes,-238.0,84.58212447081546,4.088247158663544,no
128295.0,34.0,admin.,single,secondary,yes,yes,,27.0,jun,morning,4.0,4.0,0.0,,no,-478.0,90.91888319673923,2.9885477910861917,no
145472.0,36.0,blue-collar,married,secondary,no,yes,call,3.0,feb,Night ,4.0,4.0,0.0,,yes,13.0,131.33230931046148,5.208673288113438,no
147137.0,23.0,student,single,secondary,no,no,call,3.0,mar,Night,1.0,1.0,0.0,,no,486.0,105.1229800488236,8.658716972481173,no
147924.0,82.0,housemaid,married,primary,no,no,SMS,14.0,apr,eve,6.0,6.0,0.0,,no,2140.0,91.83772901641953,3.9291090020321953,no
134187.0,45.0,management,married,tertiary,no,yes,call,31.0,jul,Morning,16.0,16.0,0.0,,no,385.0,100.42732190417414,2.1543576741678963,no
158666.0,36.0,management,married,tertiary,no,no,call,28.0,jan,Afternoon,2.0,2.0,0.0,,no,3949.0,114.90585222800256,2.9654109253378955,yes
147454.0,34.0,blue-collar,single,secondary,no,no,call,3.0,apr,eve,1.0,1.0,1.0,failure,yes,-60.0,101.97064444723914,3.659734322836338,no
131214.0,34.0,services,married,secondary,yes,No,call,18.0,jul,Night ,1.0,1.0,0.0,,no,-102.0,99.51054134551643,3.7755225932462264,no
154389.0,40.0,admin.,married,secondary,yes,no,call,15.0,may,Morning,1.0,1.0,1.0,failure,no,2574.0,99.51413159331854,6.249412083011093,yes
142533.0,32.0,admin.,married,secondary,yes,no,call,20.0,nov,Afternoon,1.0,1.0,0.0,,no,901.0,100.03697670388571,5.2809933828904985,no
120573.0,40.0,self-employed,married,secondary,yes,no,,20.0,may,Night ,2.0,2.0,0.0,,no,311.0,92.10282720993962,7.287076228793982,no
143186.0,35.0,technician,single,tertiary,no,no,call,21.0,nov,Afternoon,2.0,2.0,0.0,,no,5301.0,90.1785328607426,4.336580663266858,yes
122038.0,37.0,services,married,secondary,yes,no,,27.0,may,Afternoon,1.0,1.0,0.0,,no,-24.0,101.18436615704891,5.347770917974714,no
156515.0,62.0,retired,married,secondary,no,No,call,,aug,Night,1.0,1.0,1.0,failure,no,3340.0,109.98872142463682,2.823203353759957,no
118648.0,49.0,admin.,married,secondary,yes,yes,,14.0,may,Night,3.0,3.0,0.0,,no,512.0,104.43965067189988,5.122342985931648,no
156494.0,45.0,housemaid,married,primary,no,no,call,4.0,aug,Morning,1.0,1.0,0.0,,no,106.0,97.33502528977405,5.459200460532196,no
146666.0,34.0,services,married,secondary,no,no,call,,feb,Evening,3.0,3.0,0.0,,no,196.0,111.11980353330226,4.599124161540907,no
133618.0,45.0,services,married,secondary,yes,no,email,29.0,jul,Night,1.0,1.0,0.0,,no,-158.0,86.77443141062412,6.503165516594196,no
141257.0,46.0,blue-collar,married,secondary,no,no,call,18.0,nov,eve,3.0,3.0,2.0,failure,no,942.0,113.26502842571492,3.349109751083526,no
125542.0,37.0,services,married,secondary,yes,no,,6.0,jun,Morning,2.0,2.0,0.0,,no,1372.0,95.0179096826974,4.564127763406605,no
148060.0,54.0,blue-collar,divorced,primary,yes,no,call,15.0,apr,Evening,2.0,2.0,2.0,success,no,2656.0,99.91423506703411,4.340129159242876,no
153217.0,45.0,blue-collar,married,tertiary,yes,yes,call,13.0,may,Evening,3.0,3.0,0.0,,no,23.0,88.45591450381542,6.6078116138863585,no
127115.0,,blue-collar,divorced,primary,no,no,,18.0,jun,Evening,6.0,6.0,0.0,,no,2870.0,99.76226053075294,7.513741545403338,no
139371.0,39.0,technician,married,tertiary,yes,no,call,28.0,aug,Night ,4.0,4.0,0.0,,no,-204.0,91.67557534680294,5.180003954326574,no
134674.0,26.0,blue-collar,single,primary,no,yes,call,31.0,jul,Afternoon,32.0,32.0,0.0,,no,36.0,100.31281270628975,4.503763463923763,no
136097.0,53.0,services,married,secondary,no,no,call,11.0,aug,Night ,2.0,2.0,0.0,,no,1242.0,91.63267177230365,6.875151877807573,no
156431.0,52.0,admin.,married,secondary,no,yes,call,8.0,jul,Morning,1.0,1.0,0.0,,no,1113.0,92.74513079800276,5.2913916602281486,no
150303.0,,blue-collar,single,secondary,yes,yes,call,5.0,may,Night ,5.0,5.0,0.0,,no,-289.0,107.90173026936284,1.7345589716508556,no
139645.0,30.0,management,single,tertiary,no,no,call,28.0,,eve,7.0,7.0,0.0,,no,0.0,77.98920929472861,3.8506868198633475,no
142420.0,32.0,blue-collar,married,secondary,yes,no,call,20.0,nov,Morning,1.0,1.0,0.0,,no,10142.0,106.32648930619933,7.101317251306687,no
143509.0,36.0,admin.,single,secondary,yes,,call,21.0,nov,Night ,2.0,2.0,0.0,,no,0.0,79.1126879980056,4.378335525343308,no
134022.0,49.0,technician,married,secondary,yes,no,call,30.0,jul,Night,3.0,3.0,0.0,,no,1712.0,113.42807734972357,7.605938605960187,no
132430.0,39.0,blue-collar,married,primary,yes,no,email,23.0,jul,eve,5.0,5.0,0.0,,no,163.0,91.65444186694225,6.700072976361872,no
134784.0,58.0,retired,married,,no,no,SMS,4.0,,Night ,2.0,2.0,0.0,,no,928.0,104.34889113077033,4.964088813107722,no
123729.0,47.0,blue-collar,married,,yes,No,,30.0,may,Night,4.0,4.0,0.0,,no,61.0,100.69986488486948,5.4914678487432464,no
155088.0,25.0,blue-collar,single,primary,yes,yes,call,18.0,may,Night,2.0,2.0,0.0,,no,292.0,125.11559980579128,2.9643290804975857,yes
121714.0,33.0,services,divorced,secondary,yes,,,26.0,may,Morning,2.0,2.0,0.0,,no,-297.0,97.79555772107585,4.015990011164436,no
116578.0,40.0,management,,tertiary,yes,no,,6.0,may,Afternoon,2.0,2.0,0.0,,no,242.0,84.82477806117637,6.471647084616156,no
128946.0,28.0,blue-collar,single,secondary,no,no,call,8.0,jul,eve,1.0,1.0,0.0,,no,476.0,101.15615252376466,4.5688887006534245,no
156252.0,54.0,unemployed,married,tertiary,no,No,call,22.0,jun,morning,4.0,4.0,0.0,,no,6590.0,97.88554626766145,4.719515931196205,no
128519.0,37.0,management,married,tertiary,no,yes,,,jul,eve,1.0,1.0,0.0,,no,1265.0,104.74244161363008,5.357835172456762,no
116059.0,,technician,married,secondary,yes,no,,5.0,may,Morning,1.0,1.0,0.0,,no,1378.0,91.07850548113848,4.377433364075788,no
146994.0,62.0,management,divorced,tertiary,no,no,email,17.0,feb,Morning,4.0,4.0,0.0,,no,5943.0,92.22608979499626,6.279958064389982,yes
144974.0,27.0,services,married,primary,no,no,call,2.0,feb,Night ,1.0,1.0,0.0,,no,921.0,93.9374276016461,6.134032306677426,no
147179.0,38.0,management,married,tertiary,yes,no,call,9.0,mar,eve,2.0,2.0,1.0,failure,no,1101.0,108.02340749349383,4.263839818693494,no
122934.0,25.0,blue-collar,married,secondary,yes,no,,28.0,may,Night,3.0,3.0,0.0,,no,192.0,98.2839283074456,4.049785529951103,no
139069.0,45.0,technician,married,secondary,no,no,call,27.0,aug,Night ,4.0,4.0,0.0,,no,3460.0,124.88180481306932,5.172951781774928,no
121491.0,34.0,blue-collar,married,primary,yes,no,,23.0,may,Night ,4.0,4.0,0.0,,no,358.0,111.82795139749194,6.114038505396991,no
141720.0,30.0,technician,single,secondary,yes,no,call,19.0,nov,Evening,1.0,1.0,0.0,,no,538.0,96.10121541243169,6.910052487128053,no
117035.0,33.0,technician,married,secondary,yes,yes,,7.0,may,Afternoon,2.0,2.0,0.0,,no,367.0,106.3909401253649,5.584417752572658,no
151888.0,54.0,blue-collar,married,primary,yes,no,call,8.0,may,morning,1.0,1.0,0.0,,no,428.0,94.8078942593948,3.871755778798512,no
160306.0,49.0,blue-collar,married,secondary,yes,no,call,4.0,aug,Evening,2.0,2.0,4.0,success,no,1730.0,99.42598042273792,6.699209833332683,yes
125345.0,54.0,self-employed,divorced,primary,yes,no,,6.0,jun,Evening,2.0,2.0,0.0,,no,351.0,99.13090885158509,3.01214962209172,yes
119056.0,52.0,technician,married,secondary,no,no,,14.0,may,Night ,2.0,2.0,0.0,,no,598.0,113.54756766906364,3.4220634869042073,no
154952.0,25.0,technician,married,tertiary,yes,no,call,18.0,may,Afternoon,3.0,3.0,0.0,,no,839.0,91.00196969867841,4.494648615788841,yes
150550.0,30.0,management,married,tertiary,yes,no,call,5.0,may,Night,6.0,6.0,5.0,failure,no,6432.0,90.34391212782488,3.7149073114476265,no
147308.0,58.0,management,married,tertiary,,no,,,mar,Afternoon,1.0,1.0,0.0,,no,1384.0,97.11655382744124,3.1115267699929055,yes
139410.0,59.0,management,divorced,tertiary,no,no,call,28.0,aug,Morning,3.0,3.0,0.0,,no,866.0,98.21021461826284,5.581044225565854,no
152072.0,56.0,technician,married,secondary,yes,yes,call,11.0,may,Afternoon,6.0,6.0,1.0,failure,no,,101.15751167366601,7.095747883514279,no
128204.0,29.0,management,single,tertiary,yes,no,,26.0,jun,Night ,4.0,4.0,0.0,,no,42.0,95.57669632413476,3.0767351741491806,no
132058.0,36.0,admin.,married,secondary,yes,no,call,22.0,jul,eve,9.0,9.0,0.0,,no,286.0,103.42454392680929,5.153091060160056,no
155963.0,29.0,management,married,tertiary,no,no,call,4.0,jun,eve,1.0,1.0,0.0,,no,205.0,87.93416373827613,6.2435817015767965,yes
120369.0,32.0,technician,single,secondary,yes,no,,20.0,may,morning,1.0,1.0,0.0,,no,1698.0,94.16648463318828,5.855435894015768,no
120492.0,46.0,entrepreneur,married,secondary,yes,no,,20.0,may,morning,2.0,2.0,0.0,,no,583.0,82.91426279006407,,no
136267.0,46.0,technician,divorced,tertiary,yes,no,call,11.0,aug,Evening,5.0,5.0,0.0,,no,0.0,89.11098135074182,5.135449255660249,no
137993.0,58.0,retired,married,primary,no,no,call,21.0,aug,morning,2.0,2.0,0.0,,no,358.0,110.02205443527014,3.4855432779983904,no
140954.0,36.0,management,married,tertiary,yes,yes,call,18.0,nov,Afternoon,2.0,2.0,0.0,,no,6172.0,96.81573883642737,5.559940916631503,no
156736.0,57.0,management,married,secondary,no,yes,call,11.0,aug,Morning,2.0,2.0,0.0,,no,2155.0,100.96032529512448,2.8333125720322223,no
133828.0,37.0,admin.,divorced,tertiary,yes,no,call,30.0,jul,morning,2.0,2.0,0.0,,no,43.0,107.09076817479627,4.473198485192442,no
156694.0,20.0,student,single,secondary,no,no,email,11.0,aug,eve,1.0,1.0,3.0,failure,no,130.0,98.03475293063376,5.954048230335184,no
128213.0,32.0,admin.,single,tertiary,yes,yes,,26.0,jun,Night,1.0,1.0,0.0,,no,328.0,103.38477817117297,3.00223385596107,no
119545.0,46.0,admin.,married,secondary,no,no,,16.0,may,Evening,2.0,2.0,0.0,,no,35.0,101.22247894291701,3.369786547304473,no
117458.0,51.0,blue-collar,married,primary,yes,No,,8.0,may,eve,2.0,2.0,0.0,,no,202.0,116.02867073959573,2.853927208034994,no
160095.0,58.0,management,married,tertiary,no,no,call,16.0,jul,eve,1.0,1.0,5.0,failure,no,1318.0,103.47905181911526,3.7341978631331036,no
144799.0,33.0,management,married,tertiary,no,no,call,2.0,feb,Morning,2.0,2.0,4.0,failure,no,1071.0,88.68616507456699,2.2353911881044097,no
120580.0,44.0,blue-collar,married,secondary,yes,no,,20.0,may,Evening,2.0,2.0,0.0,,no,1081.0,102.54434333914624,2.6323984665165643,no
120222.0,45.0,management,married,,yes,no,,19.0,may,Night,63.0,63.0,0.0,,no,9051.0,110.3500012529017,6.820781472189865,no
151687.0,29.0,blue-collar,,secondary,yes,no,call,8.0,may,Morning,1.0,1.0,1.0,other,no,234.0,81.7550869811306,4.713762474510665,no
160471.0,53.0,admin.,married,secondary,no,no,call,17.0,aug,Night ,4.0,4.0,0.0,,no,1252.0,104.70071766827455,3.7768444838438517,no
147790.0,51.0,blue-collar,married,primary,yes,no,call,9.0,apr,Afternoon,1.0,1.0,2.0,failure,no,5131.0,98.03562590052827,7.1343086631678085,no
148725.0,33.0,admin.,married,secondary,yes,no,call,17.0,,Night ,2.0,2.0,0.0,,no,582.0,86.12933140709097,4.426789681675476,no
135168.0,39.0,management,divorced,tertiary,yes,yes,call,6.0,aug,eve,2.0,2.0,0.0,,no,5988.0,99.17970409704294,4.79763408051692,no
133366.0,47.0,admin.,single,secondary,yes,yes,call,28.0,jul,Night,4.0,4.0,0.0,,no,303.0,124.74099801394377,6.211980433627069,no
129373.0,28.0,services,single,secondary,no,no,call,9.0,jul,Night,1.0,1.0,0.0,,no,1950.0,99.91967839259165,5.091440335814889,no
141058.0,54.0,management,married,tertiary,no,yes,call,18.0,nov,eve,1.0,1.0,0.0,,yes,0.0,96.91849761419746,5.237416607552859,no
154494.0,30.0,blue-collar,married,secondary,yes,No,call,15.0,may,Night ,5.0,5.0,0.0,,no,-99.0,86.58208681168338,1.7682094315072834,no
150426.0,31.0,services,single,secondary,yes,no,call,5.0,may,Night ,1.0,1.0,1.0,failure,no,187.0,112.28148790312258,1.8781679046108204,no
153776.0,,retired,divorced,primary,yes,no,call,14.0,may,Afternoon,2.0,2.0,0.0,,no,48.0,90.79617990662383,4.060276166602735,no
119533.0,58.0,blue-collar,married,primary,no,No,,15.0,may,Afternoon,4.0,4.0,0.0,,no,2547.0,94.31740220915009,4.672045720352702,no
124666.0,23.0,blue-collar,single,primary,yes,,,4.0,jun,Night ,1.0,1.0,0.0,,no,145.0,101.72549788750229,4.772708642238401,no
156390.0,66.0,management,married,tertiary,no,no,call,7.0,jul,eve,1.0,1.0,0.0,,no,2169.0,104.85834743966939,3.046927987248705,no
152526.0,30.0,admin.,married,secondary,yes,no,call,12.0,may,morning,1.0,1.0,2.0,failure,no,265.0,87.78762420326848,3.110628823549873,no
151316.0,53.0,technician,single,tertiary,yes,No,call,7.0,may,Night,2.0,2.0,0.0,,no,757.0,98.92479208121628,5.784219972924953,no
148692.0,34.0,management,married,tertiary,yes,no,call,17.0,apr,eve,1.0,1.0,4.0,success,no,520.0,108.44588152238404,5.8866518196234905,no
157122.0,22.0,student,single,secondary,no,no,call,21.0,aug,Night ,1.0,1.0,0.0,,no,144.0,83.5301206480304,1.2016019017480937,yes
137674.0,55.0,blue-collar,married,primary,yes,no,call,19.0,aug,Night ,4.0,4.0,0.0,,no,-1217.0,103.70670413345559,6.26136899950204,no
160503.0,55.0,unemployed,married,primary,no,no,call,31.0,aug,eve,1.0,1.0,1.0,failure,no,1212.0,103.6228175467178,4.510551383360591,no
127496.0,41.0,entrepreneur,married,tertiary,yes,yes,,19.0,jun,morning,2.0,2.0,0.0,,no,5736.0,86.51691374687607,4.9727850059649,no
157253.0,34.0,services,single,secondary,no,No,call,31.0,aug,eve,1.0,1.0,0.0,,no,15.0,95.32447556206291,4.9062221933310095,no
131308.0,27.0,admin.,married,secondary,yes,no,call,18.0,jul,Evening,2.0,2.0,0.0,,no,53.0,102.88801628902863,2.9363303576346986,no
142397.0,33.0,blue-collar,married,primary,yes,no,call,20.0,nov,morning,1.0,1.0,0.0,,no,261.0,110.43017939611674,4.817193963727894,no
148960.0,38.0,admin.,married,primary,yes,no,call,20.0,apr,Afternoon,2.0,2.0,2.0,failure,no,3913.0,113.70747151069756,6.571937445645382,no
120479.0,37.0,entrepreneur,married,secondary,yes,no,,20.0,may,morning,1.0,1.0,0.0,,no,5064.0,114.16493695106709,5.179862441384681,no
125955.0,42.0,admin.,married,secondary,no,no,,11.0,jun,Night ,4.0,4.0,0.0,,no,105.0,86.2395192138675,6.916634665778597,yes
159086.0,90.0,retired,divorced,primary,no,no,SMS,3.0,mar,Night ,1.0,1.0,0.0,,no,712.0,112.54126468455509,6.386146581021528,yes
123549.0,45.0,technician,married,secondary,yes,no,,30.0,may,morning,2.0,2.0,0.0,,no,3601.0,98.1817981931592,5.358893378205912,no
156158.0,26.0,admin.,single,tertiary,no,no,call,,jun,Morning,1.0,1.0,0.0,,no,617.0,118.93693338624759,4.391435017751038,no
135953.0,51.0,technician,married,secondary,no,yes,call,,aug,morning,4.0,4.0,0.0,,no,1113.0,99.9196108039849,3.208978194948548,no
127405.0,48.0,management,,tertiary,no,no,,19.0,jun,Night ,2.0,2.0,0.0,,no,13501.0,100.07460404227477,1.5782419240057055,no
121434.0,44.0,management,divorced,tertiary,no,no,,23.0,may,Night,6.0,6.0,0.0,,no,5773.0,102.86320666323914,4.669219302396071,yes
119471.0,45.0,blue-collar,divorced,primary,yes,no,,15.0,may,Night ,6.0,6.0,0.0,,no,749.0,114.00615602462958,4.381033301472277,no
151562.0,56.0,admin.,divorced,,yes,no,call,8.0,may,Evening,1.0,1.0,2.0,failure,no,789.0,111.76667062767132,5.372919608052609,no
130002.0,34.0,admin.,married,secondary,yes,no,call,11.0,jul,Afternoon,2.0,2.0,0.0,,no,444.0,84.35614804651213,6.167563443240043,no
148046.0,29.0,management,married,tertiary,no,no,call,15.0,apr,Night ,1.0,1.0,1.0,failure,no,5698.0,97.42827793435525,5.164655383607585,no
135784.0,34.0,technician,single,secondary,no,no,call,8.0,aug,Night ,2.0,2.0,0.0,,no,1076.0,101.32959680570404,4.533168187676647,no
133757.0,41.0,blue-collar,married,primary,yes,yes,call,30.0,jul,morning,5.0,5.0,0.0,,no,33.0,100.86241367691903,2.7675861607284364,no
149638.0,30.0,services,married,tertiary,no,no,call,22.0,apr,Night,1.0,1.0,0.0,,no,81.0,95.3975198801569,7.7746161251608,yes
127577.0,50.0,management,married,tertiary,no,yes,,20.0,jun,Night ,3.0,3.0,0.0,,no,67.0,99.37683137445735,4.114835175283262,no
144554.0,,services,married,secondary,yes,no,call,30.0,jan,morning,1.0,1.0,0.0,,no,-509.0,88.32655483223004,5.347017815469457,no
150474.0,39.0,admin.,single,secondary,yes,No,call,5.0,may,eve,4.0,4.0,11.0,other,no,782.0,90.85641794625226,5.013197105189933,no
143337.0,57.0,housemaid,divorced,secondary,no,no,call,21.0,nov,Evening,2.0,2.0,0.0,,no,4969.0,103.2359613298901,3.7816394696789515,no
155535.0,60.0,retired,married,tertiary,no,no,call,26.0,may,Night ,2.0,2.0,2.0,failure,no,3461.0,90.99135813474352,5.247367596951019,no
130926.0,55.0,retired,divorced,secondary,no,no,call,17.0,jul,Night ,1.0,1.0,0.0,,no,138.0,105.78768527796126,9.002880849665402,no
159047.0,27.0,technician,married,secondary,no,yes,,26.0,feb,Night,1.0,1.0,0.0,,no,241.0,87.88905958863694,4.215134290603484,no
129700.0,59.0,admin.,married,secondary,yes,,call,10.0,jul,Night,1.0,1.0,0.0,,no,0.0,100.59973368285479,3.797037471584763,yes
150405.0,30.0,blue-collar,single,secondary,yes,no,call,5.0,may,morning,4.0,4.0,0.0,,no,1073.0,94.98718549213635,1.2049447857297846,no
159838.0,49.0,technician,married,tertiary,no,no,call,17.0,,Night,1.0,1.0,0.0,,no,1071.0,124.96072661718756,4.008905377391771,yes
142526.0,38.0,admin.,single,secondary,no,no,call,20.0,nov,morning,2.0,2.0,0.0,,no,-23.0,98.09161414023052,5.334484876230823,no
127248.0,36.0,blue-collar,married,secondary,no,No,,19.0,jun,Evening,6.0,6.0,0.0,,no,537.0,97.48411025115722,3.440221298131475,no
122710.0,31.0,services,married,secondary,yes,no,,28.0,may,Afternoon,1.0,1.0,0.0,,no,-327.0,96.96960291482134,4.646645503764189,no
134687.0,49.0,services,married,secondary,yes,no,call,31.0,jul,Night ,25.0,25.0,0.0,,no,199.0,103.06619388680562,5.717658495539491,no
155191.0,31.0,unemployed,single,secondary,yes,no,call,18.0,may,Afternoon,2.0,2.0,2.0,failure,no,500.0,87.36371206877463,6.228672775888684,no
127978.0,54.0,blue-collar,married,secondary,no,no,,20.0,jun,Evening,12.0,12.0,0.0,,no,153.0,112.46172699502429,4.813406776534684,no
137121.0,49.0,self-employed,married,tertiary,yes,no,call,18.0,aug,eve,4.0,4.0,0.0,,no,271.0,87.49606547735601,9.129955183509852,no
142243.0,52.0,services,married,secondary,no,no,call,20.0,nov,morning,1.0,1.0,0.0,,no,10021.0,100.11522772634999,4.220061510647014,no
152165.0,37.0,blue-collar,married,secondary,yes,no,call,,may,Morning,2.0,2.0,4.0,failure,no,771.0,91.1350229184398,4.592229498798937,no
118630.0,42.0,management,married,secondary,yes,no,,14.0,may,Night ,8.0,8.0,0.0,,no,43.0,100.63777182489157,3.197326225337937,no
127486.0,39.0,services,single,secondary,no,no,,19.0,jun,Evening,2.0,2.0,0.0,,no,2453.0,80.48354934858526,3.9555002468202116,no
124304.0,29.0,technician,married,primary,yes,no,,3.0,jun,morning,1.0,1.0,0.0,,no,1761.0,77.31807631641985,6.222781676081133,no
128021.0,42.0,management,married,tertiary,yes,no,,20.0,jun,Afternoon,3.0,3.0,0.0,,no,0.0,97.42749288897227,4.800612282863503,no
146804.0,48.0,management,single,,yes,no,call,9.0,feb,Evening,5.0,5.0,1.0,other,no,1009.0,102.17657358391715,5.69934496684538,no
126947.0,36.0,blue-collar,married,secondary,no,yes,,17.0,jun,Night ,5.0,5.0,0.0,,yes,0.0,103.61244070258209,3.2006470257076898,no
160698.0,74.0,retired,,primary,no,No,SMS,16.0,sep,Night ,2.0,2.0,2.0,success,no,2308.0,86.84620429773912,3.989879740282859,no
125631.0,44.0,blue-collar,married,primary,no,No,,9.0,jun,Evening,1.0,1.0,0.0,,no,2135.0,82.93863123989951,3.681454379905334,no
157444.0,47.0,technician,married,secondary,yes,no,,11.0,sep,Evening,1.0,1.0,2.0,other,no,1233.0,92.28847969362698,6.597147149802506,yes
139310.0,55.0,admin.,married,secondary,no,no,email,27.0,aug,Morning,6.0,6.0,0.0,,no,356.0,108.69672473645048,6.254915409300313,no
117277.0,33.0,housemaid,married,primary,yes,no,,8.0,may,Morning,1.0,1.0,0.0,,no,1713.0,77.70772442072516,3.4834593463749446,no
157744.0,31.0,admin.,single,secondary,no,yes,call,16.0,oct,Morning,1.0,1.0,4.0,failure,no,523.0,108.35666315793308,2.8828484874341447,no
124533.0,42.0,blue-collar,married,primary,yes,no,,3.0,jun,morning,18.0,18.0,0.0,,no,1017.0,111.40101442278124,7.188175079964532,no
128297.0,34.0,technician,divorced,secondary,yes,no,,27.0,jun,morning,5.0,5.0,0.0,,no,89.0,105.77987340659115,4.1080941212679765,no
118045.0,59.0,technician,married,secondary,yes,no,,12.0,may,Afternoon,3.0,3.0,0.0,,no,371.0,115.13801247612909,5.309824273649662,no
121957.0,34.0,management,single,tertiary,yes,no,,26.0,may,Afternoon,2.0,2.0,0.0,,no,72.0,109.5660530599159,5.8924531441757235,no
139353.0,32.0,technician,single,secondary,no,no,call,28.0,aug,Morning,15.0,15.0,0.0,,no,17.0,117.20409229175615,1.4588865820408818,no
133248.0,34.0,admin.,married,tertiary,yes,no,call,28.0,jul,Night ,3.0,3.0,0.0,,no,262.0,87.25196680963865,6.127899341002868,no
143364.0,45.0,services,divorced,secondary,yes,yes,call,21.0,nov,Afternoon,1.0,1.0,1.0,failure,no,0.0,110.8473862772638,6.4564608326926045,no
124612.0,51.0,blue-collar,married,secondary,yes,no,,4.0,jun,Afternoon,4.0,4.0,0.0,,no,-92.0,111.69756931245377,6.799827362089717,no
152587.0,36.0,management,married,secondary,yes,no,call,12.0,may,Evening,1.0,1.0,1.0,failure,no,339.0,106.10262699805251,5.208094607482664,no
155149.0,32.0,blue-collar,married,,yes,,call,18.0,may,Night,2.0,2.0,0.0,,no,1267.0,110.99970176097494,4.1692493248384705,no
133996.0,58.0,management,married,tertiary,yes,,call,30.0,jul,Night ,3.0,3.0,0.0,,no,591.0,81.40133288787663,4.29422881264235,no
116144.0,34.0,services,single,secondary,yes,no,,5.0,may,Night,1.0,1.0,0.0,,no,0.0,106.99394183730958,4.541127016293641,no
131946.0,30.0,services,single,secondary,yes,no,call,22.0,jul,Afternoon,1.0,1.0,0.0,,no,311.0,105.36852474116779,2.96013127274942,no
154617.0,35.0,blue-collar,married,secondary,yes,yes,call,15.0,may,Afternoon,7.0,7.0,1.0,failure,no,205.0,88.68227234467591,7.740879134526986,yes
133097.0,52.0,blue-collar,married,primary,yes,no,call,28.0,,Evening,2.0,2.0,0.0,,no,4711.0,104.62620559876504,4.406332529946068,no
119397.0,55.0,services,divorced,secondary,yes,yes,,15.0,may,Afternoon,4.0,4.0,0.0,,no,72.0,97.44239593464172,5.934152756083479,no
132259.0,33.0,services,divorced,secondary,no,yes,call,23.0,jul,Afternoon,1.0,1.0,0.0,,no,44.0,96.17546178006353,3.8545890383332875,yes
142690.0,31.0,management,married,tertiary,no,no,call,20.0,nov,Night ,2.0,2.0,0.0,,no,6290.0,100.21999015799045,7.091068370382621,no
141173.0,49.0,management,married,tertiary,no,no,call,18.0,nov,Evening,3.0,3.0,0.0,,no,1887.0,93.5775431307757,5.065620711683202,no
123372.0,30.0,blue-collar,married,secondary,yes,No,,29.0,may,Night,3.0,3.0,0.0,,no,486.0,113.19067865625354,6.7476736949553136,yes
138766.0,47.0,blue-collar,married,primary,no,no,call,25.0,aug,eve,4.0,4.0,0.0,,no,,92.79780591844751,5.242232472106918,no
118736.0,40.0,technician,married,secondary,yes,no,,14.0,may,Morning,3.0,3.0,0.0,,no,503.0,98.21453125674208,5.18313136272411,no
116373.0,41.0,technician,married,secondary,yes,no,,6.0,may,Afternoon,1.0,1.0,0.0,,no,871.0,112.71681365642782,5.528025906574283,no
153555.0,49.0,management,married,tertiary,yes,no,call,14.0,may,Night ,5.0,5.0,1.0,other,no,85.0,93.90875913572907,6.122452866768509,yes
152638.0,30.0,blue-collar,married,secondary,yes,no,call,12.0,may,Morning,1.0,1.0,0.0,,no,0.0,102.72030929156506,3.1846003408166337,no
138016.0,37.0,technician,married,secondary,no,no,call,21.0,aug,Evening,2.0,2.0,0.0,,no,28.0,98.43564643665795,7.7810074564260425,no
153531.0,46.0,management,divorced,tertiary,yes,no,call,14.0,may,Night,1.0,1.0,1.0,other,no,225.0,108.9269952049285,5.973152922739618,no
121865.0,30.0,services,married,secondary,yes,no,,26.0,may,morning,7.0,7.0,0.0,,no,129.0,95.18777493161747,7.397963650428939,yes
142683.0,30.0,entrepreneur,married,secondary,yes,no,call,20.0,nov,Evening,3.0,3.0,0.0,,no,392.0,118.22773719919064,7.390018943375984,no
129588.0,42.0,housemaid,married,tertiary,yes,yes,call,9.0,jul,morning,4.0,4.0,0.0,,no,-560.0,108.72403509650576,3.6141062551611953,no
136494.0,54.0,management,divorced,tertiary,yes,no,call,12.0,aug,Night,2.0,2.0,0.0,,no,3473.0,98.14130033782286,6.799609991579649,no
136778.0,32.0,technician,married,secondary,no,no,call,13.0,aug,eve,1.0,1.0,0.0,,no,5122.0,96.19105148199996,4.610135236747182,no
139866.0,38.0,technician,single,secondary,no,no,call,29.0,aug,Afternoon,2.0,2.0,0.0,,no,50.0,111.25870666736458,5.055110796999659,no
118433.0,31.0,admin.,single,secondary,yes,yes,,13.0,may,Morning,2.0,2.0,0.0,,no,150.0,101.25679680456457,5.628370229485995,no
143324.0,41.0,management,married,secondary,no,no,call,21.0,nov,eve,1.0,1.0,0.0,,no,0.0,91.54151760540957,6.084439882982066,no
131167.0,28.0,admin.,single,secondary,no,yes,call,18.0,jul,Night,2.0,2.0,0.0,,no,-39.0,92.97047064490228,4.071412746157149,no
129962.0,43.0,technician,married,secondary,yes,no,call,11.0,jul,Night ,2.0,2.0,0.0,,no,-260.0,97.29094137133428,3.293315959567132,no
151868.0,32.0,blue-collar,married,secondary,yes,no,email,8.0,may,morning,4.0,4.0,2.0,failure,no,95.0,98.52346622819142,4.975131325391705,no
136265.0,59.0,retired,married,secondary,no,no,call,11.0,aug,Evening,3.0,3.0,0.0,,no,5219.0,98.56863995138679,6.142840189666558,no
133853.0,54.0,retired,single,secondary,no,no,call,30.0,jul,Afternoon,2.0,2.0,0.0,,no,10621.0,109.21471136898711,6.517842983426192,no
119133.0,51.0,entrepreneur,married,tertiary,yes,yes,,15.0,may,eve,1.0,1.0,0.0,,no,6659.0,86.8057520970198,2.347400815158547,no
122328.0,31.0,admin.,single,secondary,yes,no,,27.0,may,morning,2.0,2.0,0.0,,no,-133.0,104.25123228284704,3.4370910633360774,no
160404.0,55.0,technician,married,secondary,no,no,call,11.0,aug,Night,1.0,1.0,4.0,success,no,10185.0,114.31603694489093,6.6558260829842215,no
150117.0,36.0,admin.,married,tertiary,no,no,call,4.0,may,Night ,11.0,11.0,0.0,,no,3221.0,102.49947718798468,6.317872844603237,yes
120027.0,30.0,blue-collar,married,secondary,yes,yes,,19.0,may,Evening,1.0,1.0,0.0,,no,12697.0,94.76832112245484,3.7029547970417696,no
119841.0,50.0,admin.,married,secondary,no,no,,16.0,may,Afternoon,17.0,17.0,0.0,,no,1906.0,107.0887740736463,6.295946058703389,no
156117.0,52.0,management,married,tertiary,no,no,SMS,12.0,jun,Evening,3.0,3.0,1.0,other,no,437.0,86.41821518069384,6.734796631310713,no
149843.0,55.0,retired,married,tertiary,yes,no,call,30.0,apr,Afternoon,1.0,1.0,0.0,,no,357.0,103.06931371156088,,no
125948.0,55.0,admin.,married,secondary,no,No,,11.0,jun,morning,2.0,2.0,0.0,,no,994.0,101.91107800986966,5.880849138993442,no
118238.0,32.0,technician,married,secondary,yes,no,,13.0,may,Evening,1.0,1.0,0.0,,no,175.0,97.62523671596549,6.126661930830639,no
128139.0,36.0,unemployed,married,tertiary,no,no,,20.0,jun,Morning,4.0,4.0,0.0,,no,4145.0,83.7547432216846,6.547289273058927,yes
140922.0,45.0,technician,married,secondary,yes,no,call,18.0,nov,morning,1.0,1.0,2.0,other,no,1441.0,103.06427959332251,4.901270306874457,no
134085.0,27.0,housemaid,single,secondary,no,yes,call,30.0,jul,Night ,2.0,2.0,0.0,,yes,-319.0,113.81929159955347,4.402011272843486,no
118638.0,46.0,blue-collar,married,primary,yes,no,,14.0,may,Evening,3.0,3.0,0.0,,no,1483.0,101.96917655827708,5.72102981515213,no
144828.0,31.0,management,single,tertiary,yes,no,call,2.0,feb,Evening,1.0,1.0,3.0,failure,no,,86.35814068257305,2.1909563890452777,no
160155.0,34.0,technician,single,secondary,no,no,call,22.0,jul,eve,2.0,2.0,4.0,failure,no,1313.0,107.02115951164821,7.473316576760022,no
143203.0,47.0,technician,married,secondary,yes,no,call,21.0,nov,Evening,1.0,1.0,1.0,failure,no,1059.0,94.06399046590258,2.5680244300942543,no
160293.0,62.0,retired,married,secondary,no,no,call,4.0,aug,Morning,1.0,1.0,8.0,success,no,569.0,96.60080476580404,3.6086500136682194,yes
119552.0,51.0,blue-collar,married,secondary,yes,no,,16.0,may,Afternoon,2.0,2.0,0.0,,no,22.0,91.95175536021648,2.943985636664962,no
157967.0,32.0,management,single,tertiary,yes,no,call,30.0,oct,Evening,1.0,1.0,0.0,,no,2846.0,110.45211061985293,5.231260171596892,no
151757.0,40.0,blue-collar,married,secondary,yes,no,call,8.0,may,morning,2.0,2.0,3.0,failure,no,280.0,97.96794088160092,5.9106064174935415,no
152987.0,38.0,blue-collar,married,primary,no,no,call,13.0,may,Night,1.0,1.0,0.0,,no,1401.0,113.57574450714839,5.571376314131253,yes
151161.0,35.0,management,single,tertiary,yes,yes,call,7.0,may,morning,1.0,1.0,0.0,,no,1618.0,99.75656718875268,4.588441896331094,yes
125464.0,53.0,retired,married,secondary,no,no,,6.0,jun,Night,1.0,1.0,0.0,,no,1300.0,108.19069722927931,4.517163769402756,no
143220.0,30.0,services,single,secondary,yes,no,call,21.0,nov,Evening,1.0,1.0,0.0,,no,438.0,97.07305259976056,6.427777397194694,no
154411.0,31.0,management,married,tertiary,yes,yes,call,15.0,may,Morning,2.0,2.0,1.0,failure,no,527.0,102.42140494953058,5.931039951960323,no
147167.0,30.0,student,single,tertiary,no,no,email,5.0,mar,Afternoon,5.0,5.0,0.0,,no,2539.0,101.5254794675535,6.062199556339932,yes
141739.0,38.0,blue-collar,single,,no,no,email,,nov,morning,1.0,1.0,0.0,,no,5338.0,105.74849787552192,3.107175481701149,no
138392.0,34.0,unemployed,married,tertiary,no,no,call,22.0,aug,Morning,5.0,5.0,0.0,,no,10.0,94.83128856828047,3.595171728966232,no
123173.0,,technician,married,secondary,yes,no,,29.0,may,Afternoon,2.0,2.0,0.0,,no,589.0,91.3192186557583,6.259125305301363,yes
153277.0,40.0,blue-collar,married,secondary,yes,no,call,13.0,may,Afternoon,2.0,2.0,1.0,failure,no,125.0,86.54065384556274,6.845657868243523,no
150123.0,33.0,admin.,married,tertiary,no,yes,call,4.0,may,Evening,2.0,2.0,0.0,,no,69.0,93.23106569642638,2.1654227523570313,no
159311.0,50.0,unemployed,married,tertiary,no,No,call,6.0,apr,Afternoon,1.0,1.0,3.0,failure,no,377.0,101.82256687856616,5.22289819688437,no
129198.0,51.0,technician,married,secondary,no,yes,call,8.0,jul,Evening,1.0,1.0,0.0,,no,313.0,93.15408679870126,6.156597543069443,no
133396.0,31.0,self-employed,married,tertiary,yes,no,call,29.0,jul,Evening,4.0,4.0,0.0,,no,3.0,90.49380042409044,3.968820526982264,no
148008.0,30.0,blue-collar,single,secondary,no,no,call,15.0,apr,morning,1.0,1.0,0.0,,no,4.0,91.29223034934446,6.449315259462269,no
131352.0,59.0,retired,married,tertiary,no,yes,call,18.0,jul,Evening,7.0,7.0,0.0,,no,1637.0,94.74934644088387,5.631924591405207,no
154776.0,28.0,management,,tertiary,,yes,call,18.0,may,Evening,1.0,1.0,0.0,,no,788.0,85.3554234325255,5.979526307020853,no
154165.0,40.0,blue-collar,married,secondary,yes,no,call,15.0,may,eve,1.0,1.0,0.0,,no,-450.0,94.88080012817127,5.261013329620233,no
115894.0,33.0,entrepreneur,married,secondary,yes,yes,,5.0,may,eve,1.0,1.0,0.0,,no,2.0,94.15868127947498,6.4781743321507115,no
116988.0,59.0,housemaid,divorced,,yes,no,,7.0,may,morning,3.0,3.0,0.0,,no,873.0,85.17493884546127,3.8675684179592307,no
128331.0,57.0,retired,married,secondary,no,yes,,30.0,jun,Night ,2.0,2.0,0.0,,no,0.0,105.55597232890007,4.58887320207975,no
138607.0,32.0,management,married,tertiary,no,no,call,25.0,aug,Evening,4.0,4.0,0.0,,no,1232.0,89.79587267456986,5.395959303526874,no
133830.0,50.0,technician,divorced,secondary,no,No,SMS,,jul,Night ,2.0,2.0,0.0,,no,1303.0,87.2327972501438,2.0633729694061156,no
142120.0,33.0,admin.,married,secondary,yes,no,call,20.0,nov,Morning,1.0,1.0,0.0,,no,4902.0,99.80317459263279,5.828261962343425,no
132594.0,28.0,technician,single,secondary,yes,no,call,24.0,jul,Morning,1.0,1.0,0.0,,no,981.0,99.61290551332023,5.174020489092642,no
146696.0,30.0,management,single,tertiary,yes,no,call,6.0,feb,Morning,5.0,5.0,0.0,,no,520.0,92.17954304804918,8.165107669682627,no
151405.0,51.0,management,married,tertiary,yes,yes,call,7.0,may,Morning,3.0,3.0,2.0,failure,no,1854.0,93.11133725684837,5.794250492842117,no
136638.0,58.0,retired,married,primary,no,no,call,13.0,aug,Night ,2.0,2.0,0.0,,no,4158.0,112.96518142623151,3.8392556065381482,yes
122099.0,32.0,technician,married,tertiary,no,no,,27.0,may,morning,1.0,1.0,0.0,,no,168.0,89.11683415888761,3.0479126843006417,no
138801.0,51.0,retired,married,tertiary,no,no,call,25.0,aug,eve,5.0,5.0,0.0,,no,746.0,104.87719730497543,7.4084680953540385,yes
160438.0,44.0,technician,divorced,secondary,yes,no,,12.0,aug,Night,1.0,1.0,1.0,success,no,314.0,109.62014094197261,2.2808785330248162,no
132667.0,40.0,technician,single,tertiary,yes,no,call,24.0,jul,Afternoon,1.0,1.0,0.0,,no,445.0,108.38583208400667,5.034476000897267,no
151809.0,34.0,self-employed,single,tertiary,yes,no,SMS,8.0,may,Night,4.0,4.0,1.0,other,no,589.0,100.01675127961005,4.171635853135718,no
138611.0,36.0,management,married,tertiary,no,no,call,25.0,aug,Night,4.0,4.0,0.0,,no,46.0,92.57424991658166,4.7557784536028915,no
130716.0,58.0,management,married,tertiary,no,no,call,16.0,jul,Night ,4.0,4.0,0.0,,no,299.0,91.64171108559775,3.5422010279024816,no
153940.0,41.0,blue-collar,married,secondary,yes,no,call,,may,Evening,5.0,5.0,0.0,,no,356.0,116.59080028734662,6.368280641450201,no
156256.0,31.0,technician,married,secondary,no,no,call,22.0,jun,eve,1.0,1.0,0.0,,no,660.0,117.40236547292668,3.8786272741484797,no
146300.0,41.0,admin.,divorced,secondary,yes,yes,call,5.0,feb,Morning,2.0,2.0,0.0,,no,110.0,90.27195498332917,6.811112899047922,no
132734.0,28.0,unemployed,single,tertiary,yes,no,call,24.0,jul,Morning,6.0,6.0,0.0,,no,497.0,92.01642540372636,4.80556012530099,yes
142083.0,49.0,self-employed,divorced,secondary,yes,yes,call,20.0,nov,Night ,1.0,1.0,0.0,,no,-478.0,115.5619626570744,4.512842028200758,no
145758.0,53.0,management,,tertiary,no,No,call,4.0,feb,Night,1.0,1.0,0.0,,no,20772.0,90.15826808940959,7.053953222491932,no
118623.0,57.0,admin.,married,secondary,yes,no,,14.0,may,eve,6.0,6.0,0.0,,no,7.0,73.49659328675804,5.911127416420995,no
154514.0,29.0,admin.,single,secondary,yes,no,call,15.0,may,Evening,4.0,4.0,0.0,,no,-349.0,102.84258230710422,3.7695648625067246,no
132634.0,37.0,management,single,tertiary,no,no,call,24.0,,Morning,4.0,4.0,0.0,,no,7612.0,98.60697907662295,6.093239422846719,no
142305.0,39.0,admin.,single,secondary,yes,no,call,20.0,nov,Evening,3.0,3.0,0.0,,no,782.0,93.80250071855839,7.500607606022257,no
123939.0,33.0,technician,single,secondary,,yes,,2.0,jun,Morning,1.0,1.0,0.0,,,374.0,99.42146903869524,3.0602516276166454,no
144022.0,34.0,blue-collar,married,secondary,yes,no,email,29.0,jan,morning,1.0,1.0,2.0,failure,no,1988.0,113.5642253672883,3.7256677330058885,no
146153.0,36.0,self-employed,single,tertiary,no,no,call,5.0,feb,morning,1.0,1.0,0.0,,no,258.0,99.70057664101894,5.490168571467951,no
134285.0,38.0,admin.,,secondary,yes,no,call,31.0,jul,Evening,22.0,22.0,0.0,,no,137.0,99.33043823759431,,no
154002.0,48.0,retired,divorced,primary,yes,no,call,15.0,may,Morning,5.0,5.0,0.0,,no,666.0,93.09662380908813,4.560478743265032,no
141247.0,33.0,technician,divorced,secondary,yes,yes,call,18.0,nov,eve,5.0,5.0,0.0,,yes,10.0,109.68967062595581,5.729469741238566,no
152292.0,55.0,management,married,tertiary,no,No,email,11.0,may,Night,2.0,2.0,3.0,failure,no,154.0,89.18505683076802,6.445058919303967,no
117772.0,45.0,services,married,primary,yes,no,,9.0,may,eve,2.0,2.0,0.0,,no,137.0,104.02035756116503,4.449117793521054,no
150869.0,34.0,management,married,tertiary,yes,no,call,6.0,may,Morning,1.0,1.0,0.0,,no,2640.0,93.4910956960794,4.5621152515956025,no
148047.0,41.0,blue-collar,married,secondary,yes,no,call,15.0,apr,Night,1.0,1.0,0.0,,no,2689.0,96.32327247446466,6.02171066511989,yes
142779.0,43.0,blue-collar,married,primary,yes,no,call,20.0,nov,Night ,2.0,2.0,0.0,,no,3064.0,104.83466331986986,4.1916125389617855,yes
130585.0,31.0,technician,married,secondary,yes,no,call,15.0,jul,Afternoon,4.0,4.0,0.0,,no,303.0,112.99818375831748,4.219609164023595,no
132842.0,31.0,services,married,secondary,no,no,call,25.0,jul,eve,3.0,3.0,0.0,,no,395.0,125.53233255519854,3.561304303761374,no
118867.0,31.0,management,married,tertiary,yes,no,,14.0,may,Afternoon,1.0,1.0,0.0,,no,303.0,108.35569889534547,5.465459766818411,no
116234.0,40.0,blue-collar,divorced,secondary,yes,No,,5.0,may,Night ,2.0,2.0,0.0,,no,-333.0,110.47866082467911,5.292762144980996,no
131994.0,32.0,entrepreneur,married,tertiary,yes,no,call,22.0,jul,Night ,2.0,2.0,0.0,,no,964.0,99.22292152593975,6.13949042229489,no
125579.0,42.0,blue-collar,married,primary,yes,no,,6.0,jun,Afternoon,12.0,12.0,0.0,,no,480.0,112.45319648047052,4.2152307991782125,no
158218.0,40.0,admin.,married,tertiary,yes,no,,17.0,nov,eve,1.0,1.0,0.0,,no,764.0,102.00417850509164,3.4131980481661683,yes
139429.0,31.0,technician,single,tertiary,no,no,call,28.0,aug,Morning,13.0,13.0,0.0,,no,44.0,89.59894682385706,2.2407334507006933,no
137280.0,45.0,technician,married,secondary,no,yes,call,18.0,aug,Night ,2.0,2.0,0.0,,no,376.0,89.47041011624725,4.743638550966903,no
137378.0,33.0,services,married,secondary,no,yes,call,19.0,aug,Night,7.0,7.0,0.0,,no,610.0,80.8829995472974,,no
137662.0,48.0,blue-collar,married,secondary,no,no,call,19.0,aug,Morning,7.0,7.0,0.0,,no,0.0,104.7202891544682,5.482151730785507,no
119495.0,31.0,admin.,single,secondary,yes,no,,15.0,may,Morning,2.0,2.0,0.0,,no,358.0,103.99071313152997,5.6705248222166045,no
136136.0,45.0,blue-collar,married,secondary,no,no,call,11.0,aug,Morning,4.0,4.0,0.0,,no,751.0,98.27751060671935,6.989602992569637,no
151253.0,28.0,management,single,tertiary,yes,No,call,7.0,may,eve,1.0,1.0,0.0,,no,682.0,96.28089398802429,4.430309646122838,no
158812.0,34.0,blue-collar,married,secondary,yes,no,call,5.0,feb,Morning,2.0,2.0,6.0,failure,no,1221.0,101.61467990034055,4.3760099222978,no
126125.0,51.0,entrepreneur,single,tertiary,no,no,,11.0,jun,Evening,2.0,2.0,0.0,,yes,15.0,104.73897368892564,4.269405347817845,no
141824.0,52.0,management,married,tertiary,no,no,call,19.0,nov,Morning,3.0,3.0,0.0,,no,40.0,97.98057630652495,4.853057167247262,yes
149322.0,28.0,student,single,secondary,no,no,call,20.0,apr,Night,1.0,1.0,0.0,,no,0.0,90.60200538473725,5.364157620433391,yes
125294.0,37.0,services,single,secondary,no,yes,,6.0,jun,Afternoon,1.0,1.0,0.0,,no,148.0,114.49955258747644,4.066220984006984,no
146125.0,33.0,entrepreneur,divorced,primary,no,yes,call,5.0,feb,Night ,1.0,1.0,1.0,other,no,596.0,96.8195216399562,3.6998763909882086,no
135617.0,38.0,technician,married,secondary,no,no,call,7.0,aug,eve,3.0,3.0,0.0,,no,740.0,103.32746609279789,3.6577766407980437,no
119341.0,39.0,management,divorced,tertiary,no,no,,15.0,may,Morning,1.0,1.0,0.0,,no,9541.0,102.29923200309054,3.7295688509988527,no
116799.0,50.0,blue-collar,married,primary,yes,no,,7.0,may,Evening,1.0,1.0,0.0,,no,377.0,96.84429622167201,5.094886888218583,no
150544.0,39.0,admin.,divorced,secondary,yes,no,call,5.0,may,Morning,2.0,2.0,0.0,,no,676.0,96.43656839114522,3.8346407066165273,no
137040.0,49.0,,married,,no,no,call,14.0,aug,eve,2.0,2.0,0.0,,no,301.0,110.02994836189322,6.814722506678652,no
117814.0,30.0,technician,single,tertiary,yes,no,,9.0,may,Morning,1.0,1.0,0.0,,no,2530.0,86.86329141090093,4.711763969840332,no
142782.0,30.0,admin.,married,secondary,no,yes,call,21.0,nov,Evening,3.0,3.0,1.0,failure,no,111.0,104.72519434813557,3.070769032182823,no
120749.0,34.0,blue-collar,married,secondary,yes,no,,21.0,may,Night,1.0,1.0,0.0,,no,405.0,108.16896019659089,4.130958065894802,no
147810.0,39.0,management,married,tertiary,,no,call,9.0,apr,Morning,1.0,1.0,0.0,,no,399.0,107.16042323145278,3.736253074252358,no
127203.0,60.0,retired,married,primary,no,no,,18.0,jun,Night,2.0,2.0,0.0,,no,415.0,119.6063891898224,4.742509295981722,no
156387.0,37.0,services,married,secondary,no,no,call,7.0,jul,Evening,2.0,2.0,1.0,success,no,981.0,102.50735741232654,4.223373078683086,yes
134327.0,28.0,blue-collar,single,secondary,no,yes,call,31.0,jul,eve,21.0,21.0,0.0,,no,0.0,98.46506517183374,2.769218003034484,no
150166.0,31.0,services,married,secondary,yes,no,call,4.0,may,Morning,3.0,3.0,2.0,other,no,2083.0,104.55394946694406,4.6789790805585385,no
156502.0,28.0,management,married,tertiary,no,no,call,4.0,aug,Night ,1.0,1.0,0.0,,no,,114.62072190314359,3.5993918015373323,yes
137046.0,44.0,management,divorced,tertiary,yes,yes,call,14.0,aug,Afternoon,2.0,2.0,0.0,,no,347.0,99.31627309904006,5.589631066807457,no
139167.0,34.0,technician,single,tertiary,yes,no,call,27.0,aug,morning,12.0,12.0,0.0,,no,-552.0,102.6626625314225,5.1333771863206525,no
151850.0,34.0,technician,married,tertiary,no,no,call,8.0,may,eve,2.0,2.0,0.0,,no,116.0,97.20780673980126,7.092283402267956,no
154417.0,33.0,technician,single,secondary,yes,no,call,15.0,may,eve,2.0,2.0,0.0,,no,1064.0,84.14596102250177,3.541496130523535,no
152369.0,37.0,blue-collar,single,primary,yes,no,SMS,12.0,may,eve,2.0,2.0,1.0,other,no,1388.0,109.39622015858983,3.7740230720173047,no
118917.0,44.0,admin.,married,secondary,yes,yes,,14.0,may,Morning,5.0,5.0,0.0,,no,447.0,89.53652130511679,6.274816119111044,no
133634.0,57.0,management,married,tertiary,no,no,call,29.0,jul,eve,3.0,3.0,0.0,,no,1602.0,98.95085133387977,4.0449407253379945,no
150300.0,37.0,management,single,tertiary,no,no,call,5.0,may,Afternoon,4.0,4.0,1.0,failure,no,808.0,101.10047449621267,4.221166513079504,no
158772.0,55.0,admin.,married,secondary,no,no,call,4.0,feb,Night ,2.0,2.0,6.0,success,no,602.0,105.18769797858317,3.0901123431491913,yes
125332.0,52.0,self-employed,married,secondary,no,yes,,6.0,jun,Morning,1.0,1.0,0.0,,no,9.0,85.37755500110342,3.6728380304726955,no
116326.0,32.0,blue-collar,married,secondary,yes,no,,6.0,may,Evening,2.0,2.0,0.0,,no,320.0,91.18923899194124,4.426930542068616,no
116131.0,49.0,blue-collar,divorced,primary,yes,yes,,5.0,may,Morning,1.0,1.0,0.0,,no,-9.0,88.44733123428573,2.931236345119184,no
127188.0,33.0,admin.,single,secondary,no,no,,18.0,jun,eve,13.0,13.0,0.0,,no,3160.0,97.50264612379125,6.946701212233852,no
131585.0,47.0,blue-collar,married,primary,no,no,call,21.0,jul,eve,1.0,1.0,0.0,,no,0.0,85.21899744967027,6.531743398372511,no
138042.0,57.0,technician,divorced,tertiary,,no,call,21.0,aug,morning,4.0,4.0,0.0,,no,96.0,99.89985527265988,5.425402279220326,yes
121583.0,30.0,blue-collar,married,secondary,yes,no,,26.0,may,Night ,1.0,1.0,0.0,,no,0.0,95.30671345913849,3.9076793627109487,no
146108.0,47.0,blue-collar,divorced,secondary,yes,No,call,5.0,feb,Morning,1.0,1.0,4.0,failure,no,1815.0,95.74211289276313,7.164391504840937,no
145020.0,41.0,management,married,primary,yes,no,call,2.0,feb,Morning,1.0,1.0,0.0,,no,243.0,101.60364305558022,5.897509825474865,no
138616.0,46.0,management,married,secondary,no,no,SMS,25.0,aug,Evening,10.0,10.0,0.0,,no,0.0,96.85968425604916,4.610874286752396,no
153149.0,42.0,admin.,single,secondary,yes,no,call,,may,morning,1.0,1.0,0.0,,no,4253.0,102.24595197424642,5.17363114701195,no
131343.0,43.0,entrepreneur,married,secondary,yes,no,call,18.0,jul,Afternoon,3.0,3.0,0.0,,no,104.0,87.70624673858359,2.1336949600392803,yes
150685.0,41.0,blue-collar,married,secondary,yes,no,call,6.0,may,morning,1.0,1.0,0.0,,no,13.0,102.77344021134078,3.3072816156310996,no
145644.0,52.0,admin.,married,primary,yes,yes,SMS,4.0,feb,Evening,1.0,1.0,1.0,failure,no,2281.0,98.60625509363052,8.594666588429849,no
145801.0,32.0,blue-collar,single,primary,no,no,call,4.0,feb,Afternoon,1.0,1.0,8.0,failure,no,354.0,109.7286767918591,4.606013542763047,no
133306.0,36.0,blue-collar,married,secondary,yes,no,call,28.0,jul,Night ,3.0,3.0,0.0,,no,718.0,96.01924980109116,7.752291598095169,no
146060.0,34.0,services,married,secondary,yes,yes,SMS,5.0,feb,morning,3.0,3.0,0.0,,no,314.0,110.85684026885974,5.77314377294312,no
151712.0,36.0,management,married,tertiary,yes,no,call,8.0,may,eve,3.0,3.0,0.0,,no,0.0,109.02881440748135,3.968076419610507,yes
155877.0,39.0,technician,married,tertiary,no,no,SMS,3.0,jun,Night,2.0,2.0,1.0,failure,no,794.0,130.80182144735159,5.895700834373852,no
152592.0,51.0,blue-collar,married,primary,yes,no,call,12.0,may,morning,1.0,1.0,5.0,failure,no,480.0,100.5276866711146,3.154641206824934,no
160575.0,32.0,technician,single,secondary,yes,no,,5.0,sep,Morning,1.0,1.0,7.0,other,no,260.0,104.0184372402907,6.396799930658337,no
155439.0,58.0,technician,married,secondary,,no,call,26.0,may,Evening,1.0,1.0,7.0,other,no,3399.0,98.71782561695122,4.178497983904313,yes
126846.0,37.0,unemployed,married,secondary,no,no,,17.0,jun,Night,3.0,3.0,0.0,,no,830.0,94.68221330604707,7.560390612503968,no
160792.0,28.0,admin.,single,,no,no,call,28.0,sep,Night ,1.0,1.0,0.0,,no,174.0,93.81166764903892,4.174138923235154,no
126746.0,36.0,blue-collar,married,primary,no,no,,17.0,jun,Night,1.0,1.0,0.0,,no,214.0,101.33913169607864,6.433946140340751,no
160380.0,32.0,services,married,secondary,yes,No,,9.0,aug,morning,1.0,1.0,0.0,,no,859.0,90.54504371024063,5.500802445430323,no
131178.0,40.0,entrepreneur,divorced,secondary,yes,no,call,18.0,jul,Afternoon,3.0,3.0,0.0,,no,2998.0,95.68062801324157,4.732263529761387,yes
146842.0,31.0,entrepreneur,single,secondary,yes,no,call,9.0,feb,Night ,3.0,3.0,0.0,,no,937.0,101.04727230017569,3.462374272283147,no
157802.0,46.0,admin.,single,secondary,yes,no,call,20.0,,Night ,1.0,1.0,0.0,,no,1693.0,99.77629854372744,6.475043521453985,yes
126561.0,50.0,management,married,tertiary,no,no,,16.0,jun,morning,2.0,2.0,0.0,,no,3191.0,82.7194777974111,6.2406966404312545,no
142094.0,38.0,technician,single,tertiary,yes,no,call,20.0,nov,Night,1.0,1.0,1.0,failure,no,5122.0,101.09695767803808,6.1885012956167715,no
149725.0,54.0,admin.,married,secondary,yes,yes,call,27.0,apr,Afternoon,1.0,1.0,0.0,,no,276.0,122.2401139290007,5.402343396941686,no
124960.0,50.0,management,married,tertiary,no,no,,5.0,jun,morning,1.0,1.0,0.0,,no,15442.0,96.1538371510889,5.363824320316695,no
120447.0,32.0,blue-collar,married,primary,yes,no,,20.0,may,Night ,2.0,2.0,0.0,,no,206.0,109.06139958116098,5.403387388240324,no
142874.0,46.0,entrepreneur,married,primary,no,yes,SMS,21.0,nov,Night,7.0,7.0,0.0,,no,829.0,96.5998885133646,3.102229103808384,no
152267.0,39.0,technician,married,secondary,yes,no,call,11.0,may,Night,3.0,3.0,4.0,failure,no,27.0,119.3356982266523,4.657543255204796,no
132961.0,52.0,services,divorced,secondary,no,no,call,25.0,jul,Morning,1.0,1.0,0.0,,no,2455.0,104.13588600126383,5.197783695286336,no
125110.0,37.0,blue-collar,married,secondary,no,yes,,5.0,jun,Afternoon,13.0,13.0,0.0,,no,0.0,102.63831830986487,3.354340971352538,no
143522.0,49.0,technician,married,secondary,no,no,SMS,21.0,nov,Morning,2.0,2.0,0.0,,no,5996.0,114.93875345185236,5.339341658648213,no
127810.0,29.0,admin.,single,secondary,yes,no,,20.0,jun,morning,14.0,14.0,0.0,,no,-498.0,95.68375861060247,4.612736875331194,no
119816.0,43.0,technician,married,secondary,yes,no,,16.0,may,eve,4.0,4.0,0.0,,no,17.0,98.43645645242312,5.836487530108929,no
120453.0,38.0,entrepreneur,married,primary,yes,no,,20.0,may,Night ,10.0,10.0,0.0,,no,666.0,80.34361242627199,5.275436058902271,no
120766.0,37.0,unemployed,married,primary,yes,no,,21.0,may,morning,1.0,1.0,0.0,,no,7005.0,109.99031031510648,2.686771112762786,no
151540.0,37.0,blue-collar,married,primary,yes,No,call,8.0,may,eve,4.0,4.0,1.0,other,no,120.0,117.40382333787406,3.3575758758725716,no
124138.0,38.0,blue-collar,married,primary,yes,no,,2.0,jun,Night,1.0,1.0,0.0,,no,-537.0,104.5074261584524,3.6302996066948037,no
120296.0,38.0,blue-collar,married,secondary,yes,yes,,20.0,,eve,1.0,1.0,0.0,,no,171.0,95.77047161481225,5.825037799227815,no
122270.0,25.0,blue-collar,single,primary,yes,yes,,27.0,may,Night ,2.0,2.0,0.0,,no,6.0,92.831989600788,6.350145590168486,no
153746.0,46.0,blue-collar,married,secondary,yes,no,call,14.0,may,Night ,1.0,1.0,1.0,failure,no,130.0,99.1325279063907,6.641533012599602,no
132256.0,32.0,blue-collar,single,primary,no,no,call,,jul,Evening,1.0,1.0,0.0,,no,33.0,90.40292653672967,4.372415148925219,no
156946.0,59.0,management,divorced,tertiary,no,no,call,14.0,aug,morning,1.0,1.0,0.0,,no,3368.0,105.20552504138817,2.964990383569285,no
128426.0,29.0,services,single,secondary,no,yes,,3.0,jul,Night ,3.0,3.0,0.0,,no,84.0,86.9973853667849,6.855537710823334,yes
140014.0,26.0,technician,single,tertiary,no,yes,email,4.0,nov,Morning,1.0,1.0,4.0,other,no,172.0,99.87702626930468,5.614009948264179,no
149294.0,33.0,management,single,tertiary,yes,no,call,20.0,apr,morning,2.0,2.0,5.0,failure,no,437.0,105.5266422103888,4.321463001564162,no
138035.0,31.0,technician,single,tertiary,no,no,call,21.0,aug,Night,4.0,4.0,0.0,,no,-1.0,89.80088209597325,4.500618847050155,no
120948.0,28.0,blue-collar,married,secondary,yes,no,,21.0,may,Night ,2.0,2.0,0.0,,no,-114.0,114.52715757626304,9.162160608093425,no
126464.0,39.0,blue-collar,married,primary,yes,no,,16.0,jun,eve,1.0,1.0,0.0,,no,3705.0,122.89206203172076,5.706000534596252,no
135347.0,49.0,admin.,married,secondary,no,no,call,7.0,aug,Morning,2.0,2.0,0.0,,no,0.0,100.82088000263525,8.419160958110794,no
149510.0,35.0,blue-collar,married,secondary,yes,no,call,20.0,apr,Evening,3.0,3.0,7.0,failure,no,1257.0,82.00419362332671,4.0715473806192,no
154565.0,41.0,services,divorced,secondary,yes,yes,call,15.0,may,Night,3.0,3.0,1.0,failure,no,5745.0,106.51202150470318,7.547904244179517,no
147484.0,49.0,technician,married,tertiary,yes,no,call,3.0,apr,Night,1.0,1.0,2.0,success,no,523.0,107.01765316624011,4.917507734602937,no
117595.0,26.0,services,single,secondary,yes,no,,9.0,may,eve,1.0,1.0,0.0,,no,187.0,101.9622244040176,4.6603801385973025,no
154647.0,25.0,services,single,secondary,yes,no,call,18.0,may,Night,2.0,2.0,2.0,failure,no,-141.0,102.73884053359438,3.428064866547163,no
116083.0,33.0,management,married,tertiary,yes,no,,5.0,may,Morning,1.0,1.0,0.0,,no,377.0,102.89874026787146,3.491717093308195,no
136547.0,60.0,retired,married,secondary,yes,yes,call,12.0,aug,Night,5.0,5.0,0.0,,no,781.0,101.52747335795523,7.939782982751117,no
130173.0,55.0,management,divorced,tertiary,yes,no,email,14.0,jul,Afternoon,3.0,3.0,0.0,,no,481.0,91.64197022996689,6.9973837238213275,no
159113.0,26.0,student,single,tertiary,no,no,call,5.0,mar,morning,1.0,1.0,2.0,success,no,294.0,112.57721008080485,3.0409091110066244,yes
120088.0,54.0,retired,divorced,primary,yes,No,,19.0,may,Evening,4.0,4.0,0.0,,no,477.0,96.74730438117133,3.0523456131717905,no
140862.0,39.0,self-employed,married,tertiary,yes,no,call,18.0,nov,Morning,1.0,1.0,3.0,failure,no,585.0,122.17967191850812,6.21271265215689,no
124300.0,44.0,services,married,secondary,yes,no,,3.0,jun,Evening,4.0,4.0,0.0,,no,646.0,87.62034295486025,5.745337702626051,no
137478.0,39.0,management,married,tertiary,yes,no,call,,aug,Night ,6.0,6.0,0.0,,no,5495.0,101.41710973143749,7.122288312155594,no
139718.0,35.0,technician,single,secondary,yes,no,call,29.0,aug,Afternoon,2.0,2.0,0.0,,no,3490.0,115.49865510827193,8.659821208849976,yes
150772.0,55.0,blue-collar,married,primary,yes,no,call,6.0,may,morning,1.0,1.0,2.0,failure,no,1086.0,95.66915987204098,6.162428959268632,no
132145.0,34.0,technician,married,secondary,yes,no,call,23.0,jul,Night ,1.0,1.0,0.0,,no,0.0,108.56817467742856,5.486059790447793,no
124829.0,29.0,management,married,tertiary,yes,no,,4.0,jun,Night ,4.0,4.0,0.0,,no,68.0,106.4893004705938,4.741334650466254,no
122801.0,48.0,blue-collar,married,primary,yes,no,,28.0,may,Night,2.0,2.0,0.0,,no,134.0,95.2253877982647,2.523848635890731,no
120074.0,26.0,management,married,tertiary,no,no,,19.0,may,Night,3.0,3.0,0.0,,no,775.0,104.07966657211394,7.409533998662424,no
136620.0,54.0,housemaid,married,primary,no,no,email,13.0,aug,Afternoon,4.0,4.0,0.0,,no,284.0,102.97413577773399,4.521887512996699,no
158781.0,35.0,unemployed,single,tertiary,no,no,call,4.0,feb,Morning,1.0,1.0,1.0,failure,no,415.0,97.09682856019904,3.7906776429453726,yes
155627.0,36.0,admin.,married,secondary,yes,no,call,,may,eve,1.0,1.0,1.0,failure,no,953.0,106.87545720677532,5.344323433697404,no
139656.0,56.0,blue-collar,married,primary,no,no,call,28.0,aug,Evening,16.0,16.0,0.0,,no,313.0,102.58624885696292,5.401555270981648,no
128114.0,51.0,self-employed,married,secondary,no,no,,20.0,jun,Evening,2.0,2.0,0.0,,no,1377.0,89.48088962453096,5.9258615597909055,no
156143.0,33.0,management,married,tertiary,no,no,call,15.0,jun,Night,2.0,2.0,2.0,failure,no,,106.54725443873048,3.0315418533827767,no
144185.0,38.0,admin.,married,secondary,no,no,call,29.0,jan,Morning,1.0,1.0,0.0,,no,-33.0,113.03584799507307,4.771935591792018,no
141998.0,49.0,management,married,,no,no,call,19.0,nov,Night,2.0,2.0,0.0,,no,0.0,115.48909667251577,5.819115369506596,no
128171.0,53.0,blue-collar,married,secondary,no,no,,24.0,jun,Morning,3.0,3.0,0.0,,no,3815.0,114.88586553034102,5.828829866010482,no
128118.0,39.0,technician,single,secondary,no,no,,20.0,jun,Afternoon,3.0,3.0,0.0,,no,10236.0,120.01610130716399,5.415346694501707,no
124656.0,28.0,admin.,single,tertiary,no,no,,4.0,jun,Afternoon,11.0,11.0,0.0,,no,4.0,112.63502016197339,6.624168565960505,no
155205.0,57.0,services,married,secondary,yes,yes,email,18.0,may,eve,5.0,5.0,0.0,,no,668.0,97.48056196643056,4.805174122984855,no
126723.0,59.0,housemaid,divorced,secondary,no,no,,17.0,jun,Night,1.0,1.0,0.0,,no,0.0,105.04385558482454,3.8012873391379864,no
140062.0,30.0,management,single,tertiary,yes,No,email,13.0,nov,Night,1.0,1.0,1.0,failure,no,1243.0,101.76089830407858,4.487873992974136,no
149208.0,43.0,blue-collar,married,secondary,yes,yes,call,20.0,apr,Night ,1.0,1.0,0.0,,no,701.0,84.84931670082604,4.8820563602838565,no
127416.0,50.0,blue-collar,married,primary,no,no,,19.0,jun,Night,1.0,1.0,0.0,,no,59.0,92.23840311606726,9.385057039674253,no
155840.0,54.0,management,married,tertiary,no,no,call,2.0,jun,Morning,2.0,2.0,8.0,failure,no,446.0,124.74104273683963,4.444942714757211,no
125263.0,39.0,admin.,married,secondary,no,no,,6.0,jun,Night ,2.0,2.0,0.0,,no,441.0,104.19580771308831,5.082211589966719,no
147616.0,35.0,management,married,tertiary,yes,no,call,7.0,apr,Evening,1.0,1.0,2.0,other,no,0.0,91.14742524954076,5.620068990837617,no
156393.0,33.0,technician,married,secondary,yes,no,call,7.0,jul,Afternoon,1.0,1.0,0.0,,no,152.0,116.103842790582,3.0468921506187003,no
149918.0,20.0,student,single,secondary,no,No,call,30.0,apr,Night,1.0,1.0,0.0,,no,502.0,116.0624914901625,5.3808656131249855,yes
153382.0,35.0,blue-collar,married,secondary,yes,No,call,13.0,may,Night,2.0,2.0,0.0,,no,635.0,121.57323287461648,6.611378564195395,no
147674.0,55.0,self-employed,married,secondary,yes,no,call,8.0,apr,Evening,5.0,5.0,4.0,failure,no,12159.0,117.71555048751722,3.9988249364611868,no
120721.0,33.0,blue-collar,single,secondary,yes,no,,21.0,may,eve,1.0,1.0,0.0,,no,17.0,112.48698380887457,5.55008212922138,no
131125.0,30.0,management,married,tertiary,yes,no,call,17.0,jul,Morning,1.0,1.0,0.0,,no,101.0,90.01835637142209,6.55146785432065,no
143695.0,30.0,admin.,single,secondary,no,No,call,28.0,jan,Night,1.0,1.0,0.0,,no,1309.0,110.98718408773657,3.956661787782372,yes
117112.0,36.0,services,single,tertiary,yes,no,,8.0,may,Morning,1.0,1.0,0.0,,no,72.0,115.61777334772428,8.375480577121191,no
154027.0,43.0,blue-collar,married,primary,no,yes,call,15.0,may,Night ,1.0,1.0,0.0,,no,232.0,97.11494144759882,3.225569316212411,no
131796.0,32.0,admin.,single,secondary,yes,no,call,22.0,jul,morning,3.0,3.0,0.0,,no,4344.0,77.88565288818062,7.090055738331927,no
137647.0,50.0,services,married,secondary,no,no,call,19.0,aug,Night,5.0,5.0,0.0,,no,1687.0,106.1861373248662,3.109685779332506,no
121255.0,32.0,management,single,tertiary,no,no,,23.0,may,Night ,2.0,2.0,0.0,,no,151.0,107.68851608455789,6.629199019965193,no
126121.0,45.0,services,married,primary,yes,no,,11.0,jun,morning,3.0,3.0,0.0,,no,116.0,89.61731421439372,6.148492696304691,no
127640.0,52.0,management,married,tertiary,,no,,20.0,jun,Morning,4.0,4.0,0.0,,no,1545.0,95.05712991288057,4.352487571732629,no
119754.0,29.0,unemployed,single,tertiary,yes,yes,,16.0,may,Evening,4.0,4.0,0.0,,no,0.0,107.43984051957548,4.695004655812894,no
134569.0,,management,single,tertiary,yes,no,call,31.0,jul,Night,5.0,5.0,0.0,,no,270.0,91.11161151960786,5.107113754010917,no
130665.0,45.0,management,married,tertiary,no,no,email,16.0,jul,Afternoon,3.0,3.0,0.0,,no,1293.0,,4.0758837232013265,no
134993.0,53.0,management,divorced,secondary,yes,no,call,5.0,aug,Afternoon,1.0,1.0,0.0,,no,519.0,104.73158800642928,6.141936061417949,no
138363.0,36.0,management,single,secondary,yes,no,call,22.0,aug,Morning,4.0,4.0,0.0,,no,1898.0,103.53646681448194,6.126782260293087,no
151065.0,31.0,blue-collar,married,secondary,yes,no,call,7.0,may,Afternoon,1.0,1.0,0.0,,no,1326.0,109.76457089011917,5.720104940648316,no
136019.0,39.0,housemaid,married,primary,no,no,call,11.0,aug,eve,4.0,4.0,0.0,,no,13338.0,106.45907753507967,4.98272128326597,no
160870.0,58.0,admin.,married,secondary,no,no,call,11.0,oct,Afternoon,3.0,3.0,1.0,failure,no,3927.0,98.90970219648253,5.021036836091265,no
115957.0,51.0,management,married,tertiary,yes,no,,5.0,,Night,1.0,1.0,0.0,,no,6530.0,110.5403646010014,1.727021540686411,no
132238.0,38.0,housemaid,married,secondary,yes,no,call,23.0,jul,Morning,1.0,1.0,0.0,,no,0.0,99.50931770580408,3.608785265822549,no
148192.0,35.0,blue-collar,married,secondary,yes,no,call,16.0,apr,Evening,1.0,1.0,0.0,,no,485.0,117.60099954211253,4.750722554903549,no
132093.0,28.0,services,single,tertiary,yes,no,call,22.0,jul,Evening,1.0,1.0,0.0,,no,2474.0,98.09022236634137,3.0865392227478936,no
125084.0,50.0,entrepreneur,single,primary,no,no,,5.0,jun,Night,2.0,2.0,0.0,,no,1659.0,111.89768949852744,10.001680212438718,no
121577.0,51.0,blue-collar,divorced,primary,yes,no,,26.0,may,Morning,1.0,1.0,0.0,,no,-380.0,100.68915771219177,,no
137511.0,53.0,services,married,secondary,yes,No,call,19.0,aug,Evening,17.0,17.0,0.0,,no,139.0,111.04227028056641,5.003097099806118,no
148682.0,37.0,blue-collar,married,secondary,yes,no,call,17.0,apr,Night,2.0,2.0,0.0,,no,395.0,94.0890860282614,,no
160307.0,80.0,retired,married,secondary,no,no,email,4.0,aug,Night,2.0,2.0,3.0,success,no,2354.0,107.56184076572949,5.8379475757688875,no
135386.0,49.0,blue-collar,married,secondary,yes,yes,call,7.0,aug,Afternoon,2.0,2.0,0.0,,no,406.0,96.96603175267916,3.593020703141951,no
133638.0,57.0,management,married,tertiary,yes,no,call,29.0,jul,eve,3.0,3.0,0.0,,no,132.0,76.90429949212971,4.792846083865603,no
138842.0,35.0,management,single,tertiary,yes,no,call,26.0,aug,Afternoon,22.0,22.0,0.0,,no,714.0,102.57351903693451,3.877166873973218,no
148322.0,36.0,blue-collar,married,secondary,yes,no,call,16.0,apr,morning,1.0,1.0,0.0,,no,866.0,105.96323246672416,2.791713878571061,no
138153.0,52.0,management,married,tertiary,no,no,call,21.0,aug,eve,3.0,3.0,0.0,,no,291.0,114.56817678526942,,no
127245.0,58.0,blue-collar,married,secondary,yes,no,,19.0,jun,Morning,3.0,3.0,0.0,,no,1826.0,101.03357989751586,4.052074835032459,no
158665.0,39.0,admin.,married,tertiary,yes,yes,call,28.0,jan,Afternoon,2.0,2.0,0.0,,no,1022.0,105.0524681283516,4.7059203481961696,no
148679.0,32.0,unemployed,single,secondary,yes,no,call,17.0,apr,eve,1.0,1.0,1.0,failure,no,199.0,110.18894839121081,6.10721965095993,no
124607.0,45.0,technician,married,secondary,yes,No,,4.0,jun,Night ,1.0,1.0,0.0,,no,1003.0,109.87773758254966,2.672135442178576,no
153346.0,42.0,services,single,secondary,yes,no,call,13.0,may,Evening,4.0,4.0,0.0,,no,-193.0,105.36708635932685,6.1170809797886765,no
159134.0,51.0,admin.,married,tertiary,yes,yes,call,8.0,mar,Afternoon,2.0,2.0,0.0,,no,0.0,99.62602267584583,6.737678351126761,yes
144886.0,44.0,unemployed,married,secondary,yes,no,call,2.0,feb,Night ,1.0,1.0,1.0,failure,no,0.0,99.57028476903868,4.872914078129861,yes
142619.0,30.0,management,married,secondary,yes,no,call,20.0,nov,Morning,5.0,5.0,0.0,,no,3817.0,87.55336847313129,3.1622028935244635,no
143115.0,33.0,blue-collar,divorced,secondary,no,yes,call,21.0,nov,Morning,3.0,3.0,1.0,failure,no,86.0,82.30584843388213,4.896761109505076,no
145086.0,40.0,services,divorced,secondary,yes,no,call,2.0,feb,Evening,1.0,1.0,1.0,success,no,687.0,104.80493095360676,4.070774998828195,yes
148908.0,28.0,services,married,secondary,yes,yes,call,17.0,apr,Evening,2.0,2.0,0.0,,no,-112.0,99.51260367254962,5.521299780334773,no
132324.0,57.0,management,married,tertiary,no,yes,call,23.0,,Night ,9.0,9.0,0.0,,no,215.0,122.95205451823179,3.6640987275481915,no
154313.0,23.0,services,married,secondary,yes,no,call,15.0,may,Night,2.0,2.0,0.0,,no,2211.0,94.89150474404563,4.162674862408819,no
118695.0,46.0,technician,married,secondary,yes,no,,14.0,may,Night ,1.0,1.0,0.0,,no,1029.0,97.67111097689423,5.020497524045415,no
127162.0,60.0,admin.,single,secondary,,no,,18.0,jun,eve,5.0,5.0,0.0,,no,3916.0,110.95663743306545,3.580721215353731,no
157608.0,63.0,retired,married,secondary,no,No,SMS,7.0,oct,eve,2.0,2.0,0.0,,no,0.0,103.70612209491851,3.8165162468508282,no
129599.0,32.0,admin.,married,tertiary,yes,yes,call,10.0,jul,Night,1.0,1.0,0.0,,no,1.0,102.89629297685056,5.358227165553702,no
122906.0,28.0,admin.,married,secondary,yes,no,,28.0,may,Morning,3.0,3.0,0.0,,no,22171.0,97.0214251329283,6.705419199038827,no
154490.0,58.0,blue-collar,married,secondary,no,,call,15.0,may,Night,8.0,8.0,0.0,,no,238.0,95.86135817365849,5.5950321102152945,no
146562.0,31.0,management,single,tertiary,no,No,call,6.0,feb,Evening,1.0,1.0,0.0,,no,2137.0,102.59857008595044,1.7251164271396524,no
124284.0,31.0,unemployed,married,secondary,yes,yes,,3.0,jun,Night ,2.0,2.0,0.0,,no,86.0,97.0760030740939,2.7535289069995015,yes
125762.0,37.0,blue-collar,single,primary,no,yes,,9.0,jun,Morning,2.0,2.0,0.0,,no,5473.0,81.39443612512963,4.110436932323029,no
143224.0,51.0,management,divorced,tertiary,yes,no,call,21.0,nov,Morning,1.0,1.0,0.0,,no,-79.0,104.71012711634171,5.468408801227405,no
128753.0,44.0,housemaid,married,primary,no,yes,call,7.0,jul,eve,1.0,1.0,0.0,,no,-227.0,93.05437024568829,5.605693591782917,no
123573.0,55.0,management,married,secondary,yes,no,,30.0,may,Morning,1.0,1.0,0.0,,no,11743.0,105.03875673405173,3.5591875434968294,no
142746.0,46.0,blue-collar,married,primary,yes,no,call,20.0,nov,Night ,2.0,2.0,0.0,,no,6150.0,92.4052763910553,7.730037167218802,no
154378.0,52.0,technician,married,primary,yes,No,call,15.0,may,morning,2.0,2.0,0.0,,no,-50.0,95.17963364213702,,no
142097.0,34.0,management,single,tertiary,yes,yes,call,20.0,nov,Night ,1.0,1.0,1.0,failure,no,673.0,105.6861095056188,6.899361654023055,no
145383.0,56.0,blue-collar,married,primary,no,no,call,3.0,feb,Afternoon,1.0,1.0,0.0,,no,151.0,90.4330129455848,4.615128570558034,no
120631.0,32.0,blue-collar,married,secondary,yes,no,,20.0,may,Evening,2.0,2.0,0.0,,no,3514.0,105.24681394999524,3.9794555393328013,no
130399.0,52.0,blue-collar,divorced,secondary,no,yes,call,15.0,jul,Evening,2.0,2.0,0.0,,no,0.0,106.69648658761709,6.818624956410935,no
143058.0,,admin.,married,secondary,yes,no,call,21.0,nov,Evening,1.0,1.0,5.0,failure,no,457.0,91.60923673972297,5.396023806332173,no
151993.0,31.0,technician,single,secondary,yes,yes,SMS,11.0,may,Night ,1.0,1.0,0.0,,no,550.0,109.71516559955471,5.8985054134540125,no
128990.0,32.0,blue-collar,single,secondary,no,yes,call,8.0,jul,Evening,1.0,1.0,0.0,,no,-197.0,110.78244951388731,4.564446201042606,no
124906.0,42.0,admin.,married,secondary,yes,no,,,jun,Afternoon,6.0,6.0,0.0,,no,4209.0,101.09986121950408,5.064595747943599,no
155650.0,48.0,management,married,tertiary,yes,yes,call,1.0,jun,Night,1.0,1.0,0.0,,no,1167.0,103.35769395889542,4.30120596732619,yes
124053.0,35.0,blue-collar,married,secondary,yes,no,,2.0,jun,Afternoon,2.0,2.0,0.0,,no,26.0,91.95308943881281,5.455357031283448,no
129017.0,28.0,admin.,single,,no,no,call,8.0,jul,Afternoon,1.0,1.0,0.0,,no,2736.0,111.00918949764085,4.330356537661081,yes
136372.0,50.0,blue-collar,married,secondary,no,yes,call,12.0,aug,Night ,2.0,2.0,0.0,,no,418.0,102.53517060718018,3.747565520624611,no
135274.0,43.0,management,married,tertiary,yes,no,call,6.0,aug,morning,3.0,3.0,0.0,,no,690.0,129.70136451163754,5.9986049082222,no
146568.0,26.0,services,single,secondary,no,no,email,6.0,feb,Afternoon,1.0,1.0,0.0,,no,1347.0,112.80785332056962,7.503037622433897,no
134061.0,48.0,blue-collar,married,secondary,no,no,SMS,30.0,jul,Evening,3.0,3.0,0.0,,no,305.0,119.468529981296,,no
130890.0,27.0,management,married,tertiary,no,yes,call,17.0,jul,morning,3.0,3.0,0.0,,no,4909.0,98.25978957707432,4.293917488275707,no
136918.0,35.0,management,single,tertiary,no,yes,call,14.0,aug,eve,4.0,4.0,0.0,,no,0.0,112.65717645762207,7.057216254646069,no
153072.0,38.0,admin.,single,secondary,no,no,call,13.0,may,morning,1.0,1.0,6.0,failure,no,18.0,106.52449412460834,8.38485280837861,no
148954.0,37.0,blue-collar,single,secondary,yes,no,call,17.0,apr,Afternoon,2.0,2.0,1.0,failure,no,1127.0,97.0446353875389,7.229602268066198,no
144017.0,31.0,management,single,tertiary,no,no,call,29.0,jan,Night ,1.0,1.0,4.0,failure,no,86.0,,2.8571563393921404,no
159505.0,29.0,housemaid,single,tertiary,no,no,call,4.0,may,Evening,1.0,1.0,4.0,success,no,19.0,111.19780987766595,5.228967525208843,yes
146835.0,28.0,admin.,single,tertiary,yes,no,call,9.0,feb,morning,7.0,7.0,0.0,,no,164.0,106.29489516564055,2.8653099946200444,no
135416.0,40.0,technician,divorced,secondary,no,No,call,7.0,aug,Evening,2.0,2.0,0.0,,no,0.0,91.56968886829075,4.928900868672719,yes
136973.0,39.0,technician,single,secondary,yes,No,call,14.0,aug,morning,2.0,2.0,0.0,,no,102.0,108.06688786919565,8.30564008376921,no
119749.0,32.0,blue-collar,single,primary,yes,no,,16.0,may,Morning,2.0,2.0,0.0,,no,100.0,88.77691737292825,5.52004635164401,no
131176.0,33.0,management,married,tertiary,yes,no,call,18.0,jul,eve,7.0,7.0,0.0,,no,3.0,120.1686243222965,5.831242263829579,no
155761.0,41.0,management,married,secondary,,no,call,2.0,jun,eve,1.0,1.0,2.0,success,no,280.0,87.86229857550259,4.318618942305406,no
129419.0,43.0,blue-collar,divorced,primary,yes,No,call,9.0,jul,Afternoon,1.0,1.0,0.0,,no,75.0,95.48720552333037,4.8335950700704835,no
156468.0,49.0,management,married,tertiary,no,no,call,20.0,jul,Night,3.0,3.0,0.0,,no,5613.0,87.62116856295752,2.26468841318793,no
138054.0,34.0,technician,married,secondary,yes,no,call,21.0,aug,Evening,2.0,2.0,0.0,,no,-255.0,89.69535621661291,6.030063928123963,no
127535.0,37.0,blue-collar,married,secondary,yes,no,,20.0,jun,Night ,11.0,11.0,0.0,,no,1818.0,87.85077009988748,4.9846794257307705,no
144356.0,29.0,management,married,tertiary,yes,no,call,29.0,jan,morning,1.0,1.0,0.0,,no,314.0,110.77733274662495,4.75448254312838,no
157493.0,35.0,management,single,tertiary,no,no,call,17.0,sep,Morning,1.0,1.0,0.0,,no,805.0,95.32049509661438,4.321410830954635,no
140861.0,39.0,admin.,married,secondary,yes,no,call,18.0,nov,Evening,1.0,1.0,2.0,failure,no,3732.0,112.0491371751366,3.8025144454683737,no
149556.0,35.0,blue-collar,married,secondary,yes,no,email,20.0,apr,Night,6.0,6.0,0.0,,no,1454.0,109.9890944250072,4.588373858067895,no
143206.0,55.0,housemaid,married,primary,no,no,call,21.0,nov,Afternoon,3.0,3.0,0.0,,no,4.0,91.76186308624406,3.441136096300904,no
151326.0,36.0,admin.,single,secondary,yes,no,call,7.0,may,Night,2.0,2.0,0.0,,no,9.0,101.23046481235163,6.164713985713173,no
151037.0,26.0,student,single,secondary,yes,,call,7.0,may,eve,4.0,4.0,0.0,,no,1209.0,79.38065655194478,7.168827946954394,no
148097.0,32.0,blue-collar,single,secondary,yes,,call,16.0,apr,Morning,1.0,1.0,2.0,other,no,760.0,86.81833486488405,3.703219854987624,no
156073.0,33.0,admin.,single,secondary,no,no,call,5.0,jun,Night,2.0,2.0,0.0,,no,4713.0,96.31235978554537,5.4219144528204115,no
125885.0,36.0,self-employed,single,tertiary,no,no,,9.0,jun,eve,3.0,3.0,0.0,,no,4844.0,95.62894285558549,2.7774556167047932,yes
142886.0,35.0,technician,single,tertiary,no,no,call,21.0,nov,Evening,1.0,1.0,0.0,,no,3552.0,100.17464522529535,3.6896267202131896,no
136613.0,31.0,management,married,tertiary,yes,no,call,,aug,Night ,2.0,2.0,0.0,,no,4720.0,89.59740523642681,5.723005272426767,no
151124.0,38.0,technician,single,tertiary,yes,no,call,7.0,may,Night ,1.0,1.0,1.0,failure,no,178.0,113.35123016785985,5.267501786288022,no
156967.0,55.0,retired,married,primary,no,No,call,14.0,aug,eve,2.0,2.0,0.0,,no,16432.0,102.56121988920444,4.087985326782098,no
151210.0,51.0,services,married,,yes,no,call,7.0,may,eve,1.0,1.0,0.0,,no,6.0,95.06747372069546,4.052191527065736,no
146997.0,47.0,technician,married,secondary,no,no,call,17.0,feb,Night,1.0,1.0,0.0,,no,335.0,93.83346164375779,4.987443678807684,yes
159520.0,30.0,management,married,tertiary,no,no,call,5.0,may,Evening,1.0,1.0,3.0,failure,no,451.0,95.02779653671527,4.786059124968311,no
160096.0,43.0,unemployed,married,tertiary,no,no,call,16.0,jul,Evening,1.0,1.0,1.0,failure,no,0.0,108.02298458442698,4.06071899179577,yes
138550.0,30.0,management,single,tertiary,no,no,call,25.0,aug,Afternoon,3.0,3.0,0.0,,no,77.0,94.40839318175951,8.253237803380575,no
139183.0,31.0,management,married,tertiary,no,no,call,27.0,aug,Night,5.0,5.0,0.0,,no,607.0,95.12373304433918,5.210637162606827,no
135286.0,50.0,admin.,married,secondary,no,yes,call,6.0,aug,Night ,7.0,7.0,0.0,,no,-79.0,123.62593096173619,4.017934253944926,no
148620.0,40.0,services,single,secondary,yes,no,call,17.0,apr,Night ,2.0,2.0,0.0,,no,224.0,100.84457006020891,3.9086151427839932,yes
151584.0,39.0,admin.,single,secondary,yes,no,call,8.0,may,Afternoon,1.0,1.0,0.0,,no,1965.0,103.22132123003536,6.021396726010672,no
151956.0,38.0,blue-collar,married,secondary,yes,No,call,11.0,may,Evening,2.0,2.0,0.0,,no,97.0,92.15452459716411,3.9034143720809773,no
159037.0,33.0,technician,married,tertiary,no,,call,25.0,feb,Night,1.0,1.0,4.0,failure,no,8023.0,101.76458293607014,3.793407103210175,no
116566.0,31.0,management,single,tertiary,yes,no,,6.0,may,Afternoon,2.0,2.0,0.0,,no,-173.0,110.36146661704612,3.905922020455079,no
119701.0,38.0,admin.,married,secondary,no,no,,16.0,may,Afternoon,1.0,1.0,0.0,,no,-650.0,113.47465092330191,3.7946195269089076,no
159665.0,71.0,retired,married,primary,no,no,call,24.0,may,Morning,2.0,2.0,3.0,failure,no,3230.0,96.67097248127484,2.967186519247731,yes
136291.0,44.0,management,married,tertiary,no,no,call,11.0,aug,Evening,1.0,1.0,0.0,,no,-61.0,114.91783707409779,3.8808121823545307,no
118040.0,37.0,technician,married,secondary,yes,no,,12.0,may,Night,2.0,2.0,0.0,,no,183.0,103.52664252622074,6.689774931594314,no
116244.0,34.0,admin.,married,secondary,yes,no,,5.0,may,Afternoon,3.0,3.0,0.0,,no,560.0,100.43881192677007,4.35740659262313,no
127555.0,57.0,management,married,secondary,no,no,,20.0,jun,Evening,2.0,2.0,0.0,,no,570.0,87.94365900844691,3.191398210113701,no
128092.0,52.0,technician,divorced,secondary,no,no,,20.0,jun,Night ,3.0,3.0,0.0,,no,2816.0,86.34546847369107,6.308469631961676,no
118452.0,28.0,blue-collar,married,secondary,yes,no,,13.0,may,Afternoon,3.0,3.0,0.0,,no,64.0,94.92578263643256,3.421320288187821,no
116321.0,40.0,blue-collar,married,secondary,yes,no,,6.0,may,Afternoon,1.0,1.0,0.0,,no,217.0,109.6308302254924,5.127151082267168,no
160099.0,22.0,student,single,primary,no,no,call,16.0,jul,Morning,1.0,1.0,10.0,success,no,423.0,107.63227109851852,4.711970218481546,yes
158588.0,64.0,retired,married,secondary,no,no,call,18.0,jan,Night ,1.0,1.0,2.0,failure,no,588.0,102.82819958404339,5.398821780678236,yes
116680.0,29.0,student,single,tertiary,yes,no,,7.0,may,morning,3.0,3.0,0.0,,no,185.0,96.6440605380661,5.066168657222355,no
143463.0,38.0,technician,married,secondary,yes,no,call,21.0,nov,eve,2.0,2.0,0.0,,no,2767.0,94.7599152413564,5.958368604798872,no
121903.0,45.0,blue-collar,married,secondary,yes,no,,26.0,may,Night,7.0,7.0,0.0,,no,607.0,94.62585500819883,5.902349953041206,no
131426.0,44.0,blue-collar,married,primary,no,no,call,21.0,jul,Night ,2.0,2.0,0.0,,no,582.0,108.58220799461358,4.832647036859153,no
160453.0,35.0,management,divorced,tertiary,no,No,call,13.0,aug,Morning,3.0,3.0,8.0,other,no,2885.0,106.96793833220913,5.4270811325291,yes
124871.0,39.0,technician,married,secondary,no,No,,5.0,jun,morning,1.0,1.0,0.0,,no,9121.0,101.76534764396582,3.9602111318383004,no
132455.0,47.0,technician,married,secondary,yes,no,call,24.0,jul,Night ,1.0,1.0,0.0,,no,232.0,77.21353870970756,5.988639262410234,no
118973.0,29.0,blue-collar,married,primary,yes,no,,14.0,may,Morning,1.0,1.0,0.0,,no,236.0,98.88256570332435,6.992047663879397,no
154635.0,52.0,admin.,married,secondary,yes,no,call,18.0,may,eve,4.0,4.0,0.0,,no,2323.0,99.59582347257172,5.0529510207612605,no
143413.0,30.0,blue-collar,single,primary,no,No,call,21.0,nov,Afternoon,3.0,3.0,0.0,,no,5641.0,99.35436409984057,3.7816775176191983,no
160395.0,38.0,entrepreneur,single,secondary,no,no,call,10.0,aug,Morning,1.0,1.0,4.0,failure,no,2543.0,116.46338405080633,3.205573560200731,yes
155583.0,45.0,management,single,tertiary,no,No,call,27.0,may,eve,1.0,1.0,0.0,,no,0.0,115.10889340697437,4.737572547237118,no
152251.0,48.0,entrepreneur,married,secondary,yes,no,call,11.0,may,morning,3.0,3.0,0.0,,no,0.0,123.81546705357472,3.232988358255542,no
158440.0,25.0,student,single,,no,no,call,23.0,dec,Evening,2.0,2.0,2.0,other,no,10788.0,91.44769088447728,1.9537753774600128,no
141088.0,55.0,entrepreneur,married,tertiary,no,no,call,18.0,nov,Evening,2.0,2.0,0.0,,no,78.0,108.24139890203024,4.629760059529038,no
150480.0,35.0,management,single,,yes,no,call,5.0,may,Night ,5.0,5.0,0.0,,no,121.0,87.97696032665651,,no
155879.0,38.0,technician,married,tertiary,no,yes,call,3.0,jun,eve,1.0,1.0,0.0,,no,34.0,90.81606544125037,2.1085675805948325,no
138013.0,31.0,technician,single,secondary,no,no,call,21.0,aug,Evening,2.0,2.0,0.0,,no,388.0,95.88158635263164,4.736337706072555,no
137011.0,32.0,management,married,tertiary,no,No,email,14.0,aug,Night ,2.0,2.0,0.0,,no,169.0,98.17621823393087,3.0242532811597203,yes
117792.0,35.0,management,single,tertiary,yes,No,,9.0,may,Morning,2.0,2.0,0.0,,no,-202.0,92.78617672942325,3.8724042304814663,no
129822.0,59.0,technician,married,secondary,yes,no,SMS,10.0,jul,Night,1.0,1.0,0.0,,no,925.0,96.11829101746285,6.540883654442851,no
145076.0,57.0,admin.,married,secondary,no,no,call,2.0,feb,Morning,1.0,1.0,3.0,failure,no,11.0,115.59364297463367,5.061034940285061,no
140723.0,38.0,entrepreneur,single,tertiary,yes,no,call,18.0,nov,Morning,1.0,1.0,0.0,,yes,0.0,90.89701131426372,4.040779285439499,no
159881.0,42.0,technician,divorced,tertiary,yes,no,call,25.0,jun,Night,1.0,1.0,3.0,failure,no,2611.0,108.00500037935853,5.704177065289581,yes
160480.0,23.0,admin.,single,secondary,no,no,,20.0,aug,morning,1.0,1.0,0.0,,no,366.0,106.06667158151875,6.5730636925763655,no
119342.0,22.0,student,single,secondary,yes,no,,15.0,may,Night,1.0,1.0,0.0,,no,364.0,94.435946758952,3.2226390174662645,no
117383.0,28.0,blue-collar,married,secondary,yes,no,,8.0,may,Night ,2.0,2.0,0.0,,no,0.0,91.48708136391919,4.719979260627824,no
117924.0,36.0,technician,married,secondary,yes,no,,9.0,may,Evening,3.0,3.0,0.0,,no,494.0,110.88162579241953,8.066429179859036,no
145520.0,26.0,self-employed,married,tertiary,yes,no,call,3.0,feb,Afternoon,3.0,3.0,0.0,,no,174.0,91.71273268573577,5.417474769661367,no
140450.0,52.0,management,married,tertiary,yes,no,call,17.0,nov,Afternoon,1.0,1.0,0.0,,no,1319.0,104.44672721320154,3.479719605954964,no
147212.0,50.0,housemaid,married,secondary,no,no,call,11.0,mar,Night,2.0,2.0,0.0,,no,388.0,98.69377243578947,5.003371977113668,yes
136311.0,35.0,technician,married,secondary,no,no,call,12.0,aug,Night,2.0,2.0,0.0,,no,482.0,92.75688668385341,6.182737103821273,no
135205.0,48.0,services,married,secondary,no,no,call,6.0,aug,morning,4.0,4.0,0.0,,no,35.0,99.1092847210316,4.447349810440949,no
131492.0,42.0,blue-collar,married,secondary,no,no,call,21.0,jul,morning,2.0,2.0,0.0,,no,0.0,99.08887477672766,4.593737781127552,no
121571.0,43.0,services,married,secondary,yes,yes,,26.0,may,Morning,2.0,2.0,0.0,,no,978.0,92.31478344988959,4.4236267306588894,no
138190.0,33.0,management,single,tertiary,no,no,call,21.0,aug,eve,5.0,5.0,0.0,,no,109.0,94.40679453342288,6.335166756892789,no
135463.0,54.0,,,tertiary,no,no,call,7.0,aug,Evening,2.0,2.0,0.0,,no,10.0,111.27954623713717,3.8927454336585856,no
121592.0,36.0,admin.,married,secondary,no,no,,26.0,may,Evening,1.0,1.0,0.0,,no,0.0,93.93383108969246,6.537582541263127,no
120856.0,52.0,blue-collar,married,secondary,yes,no,,,may,eve,13.0,13.0,0.0,,no,289.0,113.69041346295866,4.672638724031331,no
133777.0,49.0,management,married,tertiary,no,no,call,30.0,jul,eve,2.0,2.0,0.0,,no,5969.0,95.78523072090759,3.8913919991286585,no
160907.0,53.0,admin.,married,secondary,no,no,call,14.0,oct,Afternoon,6.0,6.0,1.0,success,no,459.0,109.48101382817869,5.471535005361713,no
137658.0,33.0,technician,divorced,tertiary,no,no,call,19.0,aug,Evening,5.0,5.0,0.0,,no,39.0,111.83034867558378,5.040801219734413,no
142986.0,34.0,management,divorced,secondary,yes,no,call,21.0,nov,morning,1.0,1.0,4.0,other,no,124.0,122.55342822045287,6.491958024643576,no
148538.0,34.0,services,married,secondary,yes,no,call,17.0,apr,morning,2.0,2.0,1.0,failure,no,334.0,95.9392681902691,5.033731840607468,no
153105.0,31.0,admin.,single,secondary,yes,no,call,13.0,may,Evening,2.0,2.0,1.0,failure,no,387.0,103.79412389305082,4.992519941066361,no
125414.0,45.0,housemaid,single,secondary,no,no,,6.0,jun,Night ,2.0,2.0,0.0,,no,5287.0,101.31824621735218,4.499541687799209,no
155816.0,45.0,technician,divorced,tertiary,yes,No,call,2.0,jun,Afternoon,3.0,3.0,2.0,failure,no,10768.0,82.05455864551297,4.275537084597206,no
151941.0,47.0,blue-collar,married,secondary,yes,No,call,11.0,may,Morning,1.0,1.0,1.0,other,no,2548.0,107.94226538269783,4.623675866642955,no
136324.0,33.0,technician,married,tertiary,no,no,call,12.0,aug,Evening,2.0,2.0,0.0,,no,980.0,,3.824183688353578,no
153692.0,58.0,self-employed,married,secondary,yes,no,call,14.0,may,Afternoon,2.0,2.0,0.0,,no,28318.0,110.61811982728003,3.9045068427627054,no
138998.0,42.0,housemaid,married,tertiary,no,no,call,26.0,aug,morning,10.0,10.0,0.0,,no,0.0,97.28977210269854,5.454588429777267,no
132305.0,43.0,management,married,tertiary,yes,no,call,23.0,jul,eve,3.0,3.0,0.0,,no,62.0,110.88234774772856,2.7257466321022146,no
124635.0,33.0,services,married,secondary,yes,no,,4.0,jun,Morning,4.0,4.0,0.0,,no,450.0,100.13671990340337,5.696649884653944,no
117057.0,32.0,management,single,tertiary,yes,no,,8.0,may,Afternoon,2.0,2.0,0.0,,no,111.0,104.66228489585936,3.6793699048251876,no
146310.0,31.0,admin.,married,secondary,yes,no,call,5.0,feb,Night ,4.0,4.0,0.0,,no,0.0,97.2621527652553,5.911815961479309,no
116362.0,44.0,services,divorced,secondary,yes,no,,6.0,may,eve,1.0,1.0,0.0,,no,424.0,98.06938218842957,5.28776046311977,no
146232.0,36.0,blue-collar,single,secondary,yes,no,call,5.0,feb,Night,1.0,1.0,0.0,,no,1598.0,97.74449154441845,3.1381751333824726,no
130138.0,45.0,services,married,primary,,no,call,14.0,jul,eve,2.0,2.0,0.0,,no,132.0,96.96191113902417,5.209264837204744,no
160152.0,41.0,blue-collar,divorced,secondary,yes,no,,22.0,jul,Night ,1.0,1.0,3.0,other,no,663.0,101.4748950774111,3.2012080234022937,no
119536.0,50.0,blue-collar,married,secondary,yes,no,,15.0,may,morning,7.0,7.0,0.0,,no,6258.0,95.55846638581616,6.648211660448421,no
139910.0,43.0,technician,single,tertiary,no,no,call,29.0,aug,morning,4.0,4.0,0.0,,yes,0.0,74.45986623517427,5.188781397846222,no
127087.0,60.0,housemaid,married,primary,no,no,,18.0,jun,Evening,1.0,1.0,0.0,,no,0.0,88.76063461215654,5.593678074857485,no
139521.0,40.0,technician,married,tertiary,no,no,call,28.0,aug,eve,8.0,8.0,0.0,,no,84.0,92.75945399533974,3.332275736794582,no
129886.0,58.0,blue-collar,married,secondary,no,yes,email,10.0,jul,morning,4.0,4.0,0.0,,no,556.0,110.81819914914915,3.9973977741639173,no
135624.0,49.0,blue-collar,married,primary,no,no,email,7.0,aug,eve,4.0,4.0,0.0,,no,2316.0,105.43051557202891,6.574950001648638,no
157801.0,25.0,student,single,secondary,no,no,email,20.0,oct,Night ,2.0,2.0,0.0,,no,3165.0,94.01245044976945,6.007864800644666,no
118262.0,41.0,blue-collar,married,secondary,yes,no,,13.0,may,Evening,1.0,1.0,0.0,,no,429.0,94.9046887078433,6.520859026179206,no
159014.0,20.0,student,single,secondary,,no,call,24.0,feb,Morning,1.0,1.0,6.0,success,no,215.0,109.1752532069856,6.347426701576108,yes
134793.0,55.0,technician,married,secondary,no,no,call,4.0,aug,morning,1.0,1.0,0.0,,no,2437.0,89.90382025617777,3.9945153086800818,no
122165.0,36.0,services,single,secondary,no,No,,27.0,may,Morning,1.0,1.0,0.0,,yes,-455.0,93.84381125484309,0.84285719574404,no
154446.0,36.0,technician,married,tertiary,yes,no,call,15.0,may,Evening,2.0,2.0,0.0,,no,530.0,97.79024576367387,5.65271730507238,no
116617.0,60.0,retired,married,primary,yes,no,,6.0,may,eve,2.0,2.0,0.0,,no,364.0,,8.721350110190514,no
137915.0,31.0,management,single,tertiary,yes,no,call,20.0,aug,Afternoon,4.0,4.0,0.0,,no,2085.0,105.13721220660607,4.950924235708609,no
138989.0,35.0,management,single,tertiary,no,no,call,26.0,aug,Night,20.0,20.0,0.0,,no,0.0,108.88340565594709,6.6025188191240485,no
153216.0,45.0,entrepreneur,divorced,tertiary,yes,No,call,13.0,may,Night,2.0,2.0,0.0,,no,0.0,109.55021457559943,6.507511486737604,no
145491.0,32.0,management,married,secondary,yes,yes,call,3.0,feb,Afternoon,2.0,2.0,0.0,,no,1215.0,98.96358742727053,5.4779732006719675,no
156084.0,56.0,retired,married,,no,No,call,8.0,jun,Night,2.0,2.0,0.0,,no,230.0,81.04122008389555,5.7829082124433056,no
140958.0,30.0,unemployed,married,tertiary,yes,no,call,18.0,nov,Afternoon,1.0,1.0,0.0,,no,0.0,84.00510368607958,6.065862292689491,no
121410.0,31.0,entrepreneur,single,tertiary,yes,no,,23.0,may,Night ,2.0,2.0,0.0,,no,1340.0,94.8546895630438,5.079089592218128,no
153102.0,45.0,blue-collar,married,primary,yes,no,call,13.0,may,Afternoon,4.0,4.0,0.0,,no,2523.0,99.30138237900462,4.96534251963455,no
148452.0,29.0,blue-collar,single,primary,yes,no,call,17.0,apr,Night,1.0,1.0,0.0,,no,3508.0,97.34569954809099,4.10268957170628,no
141802.0,48.0,management,married,secondary,no,no,call,19.0,nov,eve,4.0,4.0,0.0,,no,0.0,102.20960562538623,3.295133429558092,no
125629.0,44.0,entrepreneur,married,tertiary,no,no,,9.0,jun,Night ,1.0,1.0,0.0,,no,31.0,95.51573844949863,4.531045116534601,no
151155.0,47.0,management,single,tertiary,yes,no,call,7.0,may,morning,1.0,1.0,0.0,,no,714.0,106.89987406373893,3.6806307087185037,no
154632.0,54.0,blue-collar,married,secondary,yes,no,call,18.0,may,eve,5.0,5.0,6.0,success,no,1777.0,115.12531849026685,5.2807947678502405,no
118146.0,55.0,blue-collar,married,primary,yes,yes,,12.0,may,Evening,5.0,5.0,0.0,,no,0.0,93.53813440621644,5.193299186801015,no
157213.0,32.0,admin.,married,secondary,no,no,call,28.0,aug,Night,2.0,2.0,1.0,failure,no,31.0,105.08860843552948,6.071822219028532,no
142914.0,36.0,admin.,divorced,tertiary,yes,yes,call,21.0,nov,eve,4.0,4.0,0.0,,no,289.0,99.00386981199995,1.9247252985214436,no
120739.0,34.0,services,married,secondary,yes,no,,21.0,may,morning,5.0,5.0,0.0,,no,0.0,85.7772814144868,3.0046334695731844,no
128544.0,44.0,blue-collar,married,secondary,yes,no,,4.0,jul,Night ,2.0,2.0,0.0,,no,1697.0,98.33418322822153,4.371515866491541,yes
144062.0,36.0,admin.,married,secondary,yes,no,call,29.0,jan,Morning,1.0,1.0,1.0,failure,no,498.0,107.07390269060818,3.9545284616883056,no
133356.0,47.0,blue-collar,married,secondary,no,no,SMS,28.0,jul,eve,9.0,9.0,0.0,,no,912.0,89.425643714745,4.500340943978335,no
119526.0,52.0,blue-collar,married,primary,yes,no,,15.0,may,Night,5.0,5.0,0.0,,no,238.0,104.01748698590258,5.408601951631091,no
139320.0,39.0,management,married,secondary,yes,No,call,27.0,aug,morning,3.0,3.0,0.0,,no,0.0,115.58313717871128,6.582465473735752,no
138014.0,51.0,blue-collar,married,primary,no,no,call,21.0,aug,Afternoon,4.0,4.0,0.0,,no,0.0,84.37525872915232,6.151098925239139,no
124359.0,46.0,blue-collar,married,secondary,yes,no,,3.0,jun,Night,2.0,2.0,0.0,,no,572.0,101.99773922414818,2.984905075961893,no
159465.0,55.0,housemaid,married,secondary,yes,no,call,28.0,apr,Night ,1.0,1.0,3.0,success,no,962.0,109.86380661856857,4.953313108915181,yes
134663.0,40.0,admin.,married,secondary,no,no,call,31.0,jul,Night,5.0,5.0,0.0,,no,341.0,98.56668663215798,5.839730934630947,yes
123942.0,31.0,unemployed,single,secondary,yes,no,,2.0,jun,Night ,1.0,1.0,0.0,,no,8.0,104.59905484913367,4.5581504237337045,no
122269.0,,entrepreneur,married,primary,yes,no,,27.0,may,Morning,6.0,6.0,0.0,,no,-100.0,97.50983529331144,4.802908799274182,no
157378.0,43.0,blue-collar,married,secondary,no,no,call,8.0,sep,Morning,1.0,1.0,1.0,success,no,2160.0,109.05472037280384,5.994439218176603,yes
135545.0,58.0,retired,married,secondary,no,No,call,7.0,aug,Morning,6.0,6.0,0.0,,no,225.0,84.92696866397498,7.125279073544187,no
154834.0,44.0,blue-collar,married,primary,yes,no,call,18.0,may,Evening,1.0,1.0,0.0,,no,401.0,105.68596154570339,4.453524219454289,no
121426.0,53.0,blue-collar,married,primary,yes,no,,23.0,may,Evening,2.0,2.0,0.0,,no,-1455.0,84.0355745799158,6.130515606375958,no
150749.0,53.0,entrepreneur,married,tertiary,yes,yes,call,6.0,may,Morning,1.0,1.0,1.0,failure,no,54.0,107.64682074516189,3.552613998794063,no
120029.0,27.0,management,single,tertiary,yes,no,,19.0,may,Morning,1.0,1.0,0.0,,yes,0.0,103.05531173010706,6.484460795482995,no
159790.0,39.0,services,married,secondary,no,no,call,9.0,jun,morning,2.0,2.0,6.0,failure,no,323.0,99.53981039849022,5.071883848305918,yes
132897.0,56.0,housemaid,married,primary,no,no,email,25.0,jul,eve,1.0,1.0,0.0,,no,871.0,111.81379522461327,6.654170043076907,no
139168.0,43.0,housemaid,married,tertiary,no,no,call,27.0,aug,Morning,6.0,6.0,0.0,,no,0.0,99.06503000313226,6.919746400091778,no
135671.0,31.0,management,single,tertiary,no,no,call,8.0,aug,eve,2.0,2.0,0.0,,no,30.0,102.87952456705703,4.469611062364368,no
117932.0,35.0,technician,married,,yes,no,,12.0,may,Evening,4.0,4.0,0.0,,no,86.0,103.48979855940945,3.6741631720225074,no
154308.0,34.0,management,married,secondary,yes,no,call,15.0,may,Evening,1.0,1.0,3.0,failure,no,-285.0,88.39708600441973,2.891967460143347,no
142335.0,56.0,technician,married,secondary,no,no,call,20.0,nov,eve,3.0,3.0,0.0,,no,23.0,91.99586907092973,5.1668422879302085,yes
146609.0,49.0,management,married,secondary,no,no,call,6.0,feb,Night ,4.0,4.0,0.0,,no,48.0,92.86491203379148,5.758947138473337,no
152097.0,51.0,blue-collar,divorced,primary,yes,,call,11.0,may,Night ,1.0,1.0,2.0,failure,no,602.0,107.49195704176219,7.44514209750724,no
159210.0,28.0,admin.,married,secondary,no,No,call,17.0,mar,Afternoon,1.0,1.0,1.0,success,no,897.0,93.89459802659134,6.2030150977263885,no
125383.0,41.0,management,single,tertiary,no,No,,6.0,jun,Evening,2.0,2.0,0.0,,no,195.0,106.8168448462235,5.840244730108949,no
146771.0,58.0,unemployed,divorced,secondary,no,yes,call,9.0,feb,Night,2.0,2.0,0.0,,no,729.0,114.13857943260449,4.396264841297936,no
119655.0,24.0,blue-collar,married,secondary,yes,yes,,16.0,may,eve,1.0,1.0,0.0,,no,142.0,114.24088832853487,6.584889673815634,no
125157.0,35.0,blue-collar,married,secondary,yes,no,,5.0,jun,Afternoon,4.0,4.0,0.0,,no,860.0,116.1349476588108,4.411484130157829,yes
150442.0,57.0,retired,married,secondary,yes,no,call,5.0,may,morning,1.0,1.0,4.0,failure,no,0.0,90.1782672968332,5.002334061888179,no
116987.0,43.0,entrepreneur,married,primary,yes,no,,7.0,may,eve,4.0,4.0,0.0,,no,526.0,97.14101338922134,4.744017052853315,no
142538.0,31.0,admin.,married,secondary,yes,no,call,20.0,nov,Afternoon,1.0,1.0,0.0,,no,782.0,108.41348849058025,6.356693124157459,no
116546.0,28.0,technician,single,secondary,yes,No,,6.0,may,Night,1.0,1.0,0.0,,no,312.0,78.94870343814,4.784575399808167,no
116944.0,27.0,student,single,secondary,,no,,7.0,may,Night ,2.0,2.0,0.0,,no,671.0,97.68637092754523,5.791190745191396,no
119952.0,26.0,technician,divorced,secondary,yes,yes,,19.0,may,morning,3.0,3.0,0.0,,no,379.0,116.93899739556345,2.2501520050533586,no
120308.0,35.0,blue-collar,divorced,secondary,yes,no,,20.0,may,Night ,1.0,1.0,0.0,,no,0.0,88.7332420630142,4.233694331459788,yes
148995.0,42.0,blue-collar,married,primary,yes,no,SMS,20.0,apr,morning,1.0,1.0,0.0,,no,1156.0,97.67290708207304,3.601821416600181,no
148993.0,30.0,services,single,,yes,no,call,20.0,apr,eve,1.0,1.0,0.0,,no,138.0,103.93624128580464,4.4898051064559255,no
148201.0,35.0,blue-collar,single,secondary,yes,no,call,16.0,apr,Morning,1.0,1.0,4.0,other,no,0.0,102.17194478015365,2.987695575378914,yes
123198.0,33.0,management,married,tertiary,yes,yes,,29.0,may,Night,10.0,10.0,0.0,,no,455.0,97.45151768446462,6.612350947651313,no
144139.0,26.0,unemployed,married,primary,no,no,call,29.0,jan,eve,1.0,1.0,0.0,,no,205.0,108.38935830152435,2.189319502330492,no
135180.0,35.0,management,married,secondary,no,,call,,aug,Evening,12.0,12.0,0.0,,no,533.0,,7.724088171985578,no
132536.0,51.0,blue-collar,married,secondary,yes,no,email,24.0,jul,Night,1.0,1.0,0.0,,no,794.0,100.93120002550188,3.7452850132938935,no
121441.0,29.0,management,single,tertiary,yes,no,,23.0,may,Afternoon,2.0,2.0,0.0,,no,0.0,103.31311017358796,3.5819685590919903,no
122160.0,54.0,admin.,divorced,secondary,yes,no,,27.0,may,Morning,2.0,2.0,0.0,,no,-288.0,89.8648153817455,3.859573706340338,no
150693.0,46.0,entrepreneur,married,tertiary,yes,yes,call,6.0,may,morning,1.0,1.0,0.0,,no,25204.0,92.79875481892593,1.684101593376071,no
131444.0,59.0,retired,married,secondary,yes,no,call,21.0,jul,Morning,2.0,2.0,0.0,,no,161.0,116.43202024371286,7.559262967131261,no
158968.0,,blue-collar,married,secondary,yes,no,call,19.0,feb,morning,1.0,1.0,7.0,success,no,,91.88338892542575,5.726973428370332,yes
117964.0,31.0,blue-collar,married,primary,yes,yes,,12.0,may,morning,4.0,4.0,0.0,,no,0.0,107.95177179971922,5.012851927845072,no
157724.0,48.0,management,divorced,tertiary,no,no,call,15.0,oct,eve,2.0,2.0,0.0,,no,0.0,109.27370270959497,4.511924508730454,no
150623.0,35.0,management,single,tertiary,yes,no,call,6.0,may,Night,3.0,3.0,0.0,,no,107.0,91.92800798998825,4.974269564637417,no
139698.0,34.0,management,married,tertiary,no,no,call,29.0,aug,Afternoon,2.0,2.0,0.0,,no,0.0,104.31466736043575,8.810489030827043,no
160205.0,55.0,technician,married,tertiary,no,no,call,28.0,jul,Evening,1.0,1.0,2.0,success,no,1320.0,97.68563377850576,2.335059494240755,yes
122795.0,32.0,admin.,married,tertiary,yes,yes,,28.0,may,morning,2.0,2.0,0.0,,no,-421.0,95.0668115173718,2.9733857099916055,no
139270.0,50.0,management,married,secondary,no,no,call,27.0,aug,morning,7.0,7.0,0.0,,no,0.0,88.51067736110292,5.357614843608158,no
147046.0,36.0,management,divorced,tertiary,no,no,call,26.0,feb,Afternoon,3.0,3.0,0.0,,no,-1.0,104.36009104552325,3.9017244796117394,no
157580.0,24.0,student,single,secondary,no,no,call,2.0,oct,morning,5.0,5.0,2.0,success,no,4126.0,97.99517362215575,4.627358457708732,no
150433.0,27.0,technician,single,secondary,yes,no,call,5.0,may,morning,1.0,1.0,0.0,,no,1996.0,96.130885609428,5.767260861896139,no
154872.0,27.0,technician,married,tertiary,yes,yes,call,18.0,may,Night ,1.0,1.0,2.0,failure,no,8.0,111.17462631007331,5.582387098135511,no
159976.0,50.0,technician,married,tertiary,no,yes,call,6.0,jul,eve,1.0,1.0,7.0,failure,no,0.0,100.94798608319587,4.421005730131007,no
119508.0,57.0,management,married,tertiary,no,,,15.0,may,Morning,4.0,4.0,0.0,,no,388.0,98.08995346263657,6.169323534342828,no
125620.0,42.0,technician,married,secondary,no,no,,9.0,jun,eve,3.0,3.0,0.0,,no,6250.0,96.96512258614898,5.237105685987085,no
147880.0,34.0,technician,single,tertiary,yes,no,call,13.0,apr,morning,1.0,1.0,0.0,,no,925.0,119.12340510452262,4.024286644879857,yes
142263.0,32.0,services,single,secondary,yes,No,call,20.0,nov,morning,2.0,2.0,0.0,,no,5806.0,83.12909568535454,5.8135000113535,yes
117040.0,48.0,admin.,divorced,secondary,yes,no,,7.0,may,Morning,4.0,4.0,0.0,,no,268.0,101.8999086364835,3.510877162163272,no
134654.0,33.0,blue-collar,married,secondary,yes,no,call,31.0,jul,Night,4.0,4.0,0.0,,no,249.0,87.59967535267232,4.67639410801993,no
120033.0,35.0,technician,,secondary,yes,no,,19.0,may,morning,4.0,4.0,0.0,,no,-206.0,108.23659367037206,3.420430282034933,no
122499.0,39.0,technician,married,secondary,yes,no,,28.0,may,Night ,1.0,1.0,0.0,,no,1427.0,92.07399395225976,6.0607250364850715,no
154686.0,34.0,blue-collar,married,primary,yes,no,call,18.0,may,Evening,2.0,2.0,0.0,,no,428.0,97.51616451936721,5.035609039309409,no
133871.0,54.0,management,single,secondary,no,No,call,30.0,jul,morning,2.0,2.0,0.0,,no,602.0,104.93714589433611,4.680431300793937,no
118473.0,36.0,blue-collar,married,secondary,yes,no,,13.0,may,Evening,1.0,1.0,0.0,,no,373.0,90.89494706193146,5.250711321536317,no
124864.0,56.0,technician,married,primary,yes,yes,,5.0,jun,Evening,1.0,1.0,0.0,,no,314.0,104.41616123217544,4.638038761360078,no
116793.0,40.0,admin.,married,secondary,yes,yes,,7.0,may,Morning,2.0,2.0,0.0,,no,2100.0,96.5684317092262,6.051107455421285,no
126098.0,42.0,blue-collar,married,,no,no,,11.0,jun,Night,9.0,9.0,0.0,,no,8600.0,104.28929162686191,3.6366968992327746,no
151098.0,43.0,admin.,married,secondary,yes,no,call,7.0,may,Evening,1.0,1.0,0.0,,no,544.0,95.38684616261664,5.152491918799376,no
147397.0,33.0,blue-collar,married,secondary,yes,no,call,2.0,apr,Morning,1.0,1.0,2.0,other,no,3576.0,98.31020004539921,4.70533178756782,no
122448.0,38.0,blue-collar,single,primary,yes,no,,27.0,may,Evening,4.0,4.0,0.0,,no,199.0,120.87836030049392,,no
155166.0,57.0,retired,married,primary,yes,no,email,18.0,may,Night ,10.0,10.0,0.0,,no,341.0,108.08646429039749,5.999241414593397,no
159549.0,42.0,admin.,married,,no,no,call,7.0,may,morning,3.0,3.0,0.0,,no,756.0,95.26449289000759,3.1446971165591693,no
160992.0,34.0,blue-collar,married,secondary,no,no,call,25.0,oct,Morning,1.0,1.0,0.0,,no,152.0,104.9145251688311,2.857902180025267,no
134329.0,55.0,housemaid,divorced,primary,no,no,call,31.0,jul,morning,6.0,6.0,0.0,,no,77.0,100.29542602033085,6.432072910939579,yes
117782.0,26.0,entrepreneur,married,tertiary,yes,yes,,9.0,may,Morning,3.0,3.0,0.0,,no,79.0,97.88529361383951,5.825792608439517,no
132208.0,27.0,technician,single,secondary,yes,no,call,23.0,jul,Evening,1.0,1.0,0.0,,no,487.0,92.21622201614468,8.56602935139841,no
147863.0,38.0,admin.,divorced,secondary,yes,no,call,13.0,apr,Evening,2.0,2.0,1.0,failure,no,3834.0,119.72590001391121,4.6179406021325295,no
122739.0,34.0,admin.,single,secondary,no,no,,28.0,may,Morning,2.0,2.0,0.0,,yes,7.0,83.30865913788998,6.108548209438095,no
143214.0,32.0,technician,single,secondary,yes,no,call,21.0,nov,Night ,1.0,1.0,0.0,,,5600.0,96.13479485258677,4.3497023835248365,no
122944.0,40.0,technician,married,secondary,yes,no,,28.0,may,Morning,2.0,2.0,0.0,,no,-378.0,108.87855602279501,5.141840019691024,no
153802.0,53.0,management,married,tertiary,yes,No,call,14.0,may,eve,3.0,3.0,1.0,other,no,-388.0,103.36834180273495,6.485303935410028,no
124094.0,32.0,technician,married,secondary,yes,no,,2.0,jun,Night,2.0,2.0,0.0,,no,381.0,89.2163137775691,3.4989673387371276,no
157377.0,22.0,student,single,,no,no,call,8.0,sep,Evening,1.0,1.0,0.0,,no,2281.0,98.42265092192751,5.0940169243901865,no
140496.0,37.0,management,married,tertiary,yes,no,call,,nov,Night,3.0,3.0,0.0,,no,620.0,105.79372351771612,3.9307958174397153,no
123033.0,41.0,blue-collar,married,primary,yes,no,,29.0,may,Afternoon,1.0,1.0,0.0,,no,262.0,97.8697854236599,6.223998395636384,no
156779.0,18.0,student,single,primary,no,no,call,12.0,aug,Night ,1.0,1.0,0.0,,no,608.0,99.00499845256901,3.2059226569918593,yes
153197.0,50.0,services,married,secondary,yes,no,call,13.0,may,Evening,1.0,1.0,0.0,,no,481.0,94.46933776086387,5.455448062904136,no
136054.0,30.0,technician,single,secondary,no,no,call,11.0,aug,Night,2.0,2.0,0.0,,no,44.0,104.6369385420519,4.484555391051536,no
139424.0,36.0,management,married,tertiary,no,no,call,28.0,aug,morning,13.0,13.0,0.0,,no,659.0,86.85516170071868,3.9835274423071168,no
140831.0,44.0,management,married,tertiary,no,no,call,18.0,nov,Night ,2.0,2.0,0.0,,no,,106.25199630701941,6.151693460648554,no
125496.0,36.0,services,married,secondary,yes,no,,6.0,jun,Evening,1.0,1.0,0.0,,no,8114.0,79.92919292711571,3.315500549442573,no
120909.0,34.0,technician,single,secondary,yes,no,,21.0,may,Afternoon,2.0,2.0,0.0,,no,1091.0,87.82707259716088,5.307410867671129,no
126942.0,35.0,blue-collar,married,secondary,yes,no,,17.0,jun,Afternoon,3.0,3.0,0.0,,no,331.0,111.12690582836939,4.0584319618854465,no
143148.0,41.0,self-employed,married,secondary,no,no,call,21.0,nov,Evening,2.0,2.0,0.0,,no,13489.0,99.63637870953198,4.398143598140976,no
128057.0,47.0,technician,married,secondary,no,yes,,20.0,jun,Evening,2.0,2.0,0.0,,no,2394.0,97.90898137606081,4.5262534319018775,no
152959.0,36.0,technician,single,secondary,yes,no,call,13.0,may,Night ,1.0,1.0,1.0,failure,no,2151.0,78.48387323027433,4.352381220803596,no
159524.0,33.0,blue-collar,single,secondary,no,,email,5.0,may,Night,1.0,1.0,4.0,failure,no,228.0,82.6778055086298,5.877258135701821,no
152577.0,45.0,blue-collar,married,primary,yes,yes,call,12.0,may,Night,3.0,3.0,5.0,failure,no,0.0,93.16279224428956,3.116454274192147,no
143246.0,30.0,student,single,tertiary,no,no,call,21.0,nov,morning,1.0,1.0,0.0,,no,2766.0,98.12265732431614,3.481154853239499,yes
133820.0,53.0,management,divorced,tertiary,no,no,call,30.0,jul,Morning,2.0,2.0,0.0,,no,93.0,84.47210168303425,4.66067674108727,no
125547.0,51.0,blue-collar,married,secondary,no,no,,6.0,jun,Afternoon,2.0,2.0,0.0,,no,502.0,92.37078049975214,4.705210560457686,no
139022.0,38.0,technician,married,secondary,no,no,call,26.0,aug,Afternoon,10.0,10.0,0.0,,no,257.0,98.2718813589087,7.635367864942175,no
145519.0,27.0,unemployed,single,secondary,no,yes,call,3.0,feb,Afternoon,2.0,2.0,0.0,,no,0.0,101.1139325533755,4.870397412550126,no
145784.0,32.0,technician,married,secondary,yes,no,call,4.0,feb,Night,1.0,1.0,0.0,,no,6172.0,109.50730096068685,4.917893079748073,no
119696.0,27.0,technician,single,secondary,yes,No,,16.0,may,eve,1.0,1.0,0.0,,no,1742.0,113.39778777291667,4.350043987208894,yes
153657.0,47.0,admin.,married,secondary,no,yes,call,14.0,may,Morning,1.0,1.0,1.0,failure,no,1934.0,76.70146105754958,6.073966371571714,no
141089.0,33.0,technician,married,secondary,yes,no,call,18.0,nov,Night ,2.0,2.0,0.0,,no,2746.0,101.20813999515906,5.374786012185105,no
121835.0,38.0,technician,married,secondary,yes,no,,26.0,may,Night ,4.0,4.0,0.0,,no,6.0,93.08512854016178,7.37877167089747,no
116080.0,34.0,blue-collar,single,secondary,yes,yes,,5.0,may,Afternoon,1.0,1.0,0.0,,no,53.0,109.63544828250153,1.4424454002797025,no
152405.0,30.0,management,married,secondary,yes,no,call,12.0,may,eve,3.0,3.0,0.0,,no,0.0,107.34309960095786,3.7936495199731084,no
122298.0,32.0,services,single,secondary,yes,no,,27.0,may,eve,2.0,2.0,0.0,,no,259.0,98.74400549628808,1.7021372281583522,no
116269.0,43.0,blue-collar,married,primary,yes,no,,6.0,may,morning,1.0,1.0,0.0,,no,98.0,88.22249553819496,5.947233681598813,no
136145.0,37.0,admin.,married,tertiary,no,no,call,,aug,Evening,7.0,7.0,0.0,,no,801.0,97.00299302923803,5.114709395448644,no
135122.0,30.0,self-employed,single,tertiary,no,no,call,6.0,aug,Morning,2.0,2.0,0.0,,no,1495.0,91.57070994970003,2.421874638966795,no
141749.0,53.0,management,married,tertiary,yes,yes,call,19.0,nov,Night,1.0,1.0,0.0,,no,7249.0,105.41768831365441,4.843385416285898,no
139767.0,33.0,technician,married,secondary,yes,no,call,29.0,aug,Night,2.0,2.0,0.0,,no,118.0,108.38086812787589,,no
119938.0,58.0,retired,married,primary,yes,no,,19.0,may,eve,4.0,4.0,0.0,,no,331.0,96.85355798167775,4.676724699428412,no
157418.0,70.0,retired,single,primary,no,no,SMS,9.0,sep,eve,1.0,1.0,0.0,,no,0.0,99.11558384825628,4.244689268783676,no
131572.0,,management,single,tertiary,yes,no,call,21.0,jul,eve,2.0,2.0,0.0,,no,-145.0,94.77292245364812,2.145173536923738,no
153188.0,41.0,admin.,married,secondary,yes,No,call,13.0,may,Morning,1.0,1.0,2.0,failure,no,158.0,90.12330354043658,7.342305158921067,no
128815.0,34.0,blue-collar,single,secondary,yes,no,call,7.0,jul,Night ,5.0,5.0,0.0,,no,-72.0,113.53414778298203,3.7946794167558675,no
123098.0,29.0,management,married,tertiary,yes,yes,,29.0,may,Afternoon,3.0,3.0,0.0,,no,1474.0,102.28614145008837,8.910555799528067,no
158250.0,39.0,technician,married,secondary,no,no,call,25.0,nov,morning,1.0,1.0,0.0,,no,1820.0,90.24610904898563,4.281381370154228,no
156190.0,26.0,management,single,tertiary,no,no,call,15.0,jun,morning,1.0,1.0,0.0,,no,170.0,100.90929472467721,7.059525163404361,yes
125382.0,36.0,services,single,primary,no,no,,6.0,jun,Night,4.0,4.0,0.0,,no,38.0,111.38888380225666,6.225281935192909,no
119796.0,40.0,technician,married,primary,yes,no,,16.0,,Night,1.0,1.0,0.0,,no,6110.0,84.62121754818142,5.753887899641878,no
120332.0,,admin.,married,secondary,yes,no,,20.0,may,Afternoon,1.0,1.0,0.0,,no,465.0,111.60287511407434,1.2567947727262876,no
130032.0,58.0,admin.,married,secondary,yes,no,call,11.0,jul,Night ,2.0,2.0,0.0,,no,0.0,87.3173399582806,,no
145469.0,32.0,unemployed,single,tertiary,no,no,call,3.0,feb,Evening,1.0,1.0,0.0,,no,5874.0,89.0277111226141,3.5681808566633775,no
157970.0,49.0,management,divorced,tertiary,no,no,call,30.0,oct,Night,1.0,1.0,0.0,,no,348.0,104.52903186246263,3.775944077976171,yes
127907.0,39.0,admin.,married,,no,No,,20.0,jun,eve,5.0,5.0,0.0,,no,378.0,100.05637322943423,5.259071116327222,no
126062.0,36.0,blue-collar,married,secondary,no,No,,11.0,jun,Morning,1.0,1.0,0.0,,no,717.0,103.76836017258384,5.3554602267717595,no
159058.0,27.0,blue-collar,single,secondary,no,no,call,26.0,feb,Night ,2.0,2.0,0.0,,no,23.0,94.88005681622124,3.9101938829684304,no
120902.0,38.0,management,married,tertiary,yes,no,,21.0,may,Morning,1.0,1.0,0.0,,no,63.0,72.83710345076783,5.51659370980566,no
144888.0,40.0,services,married,secondary,yes,yes,call,2.0,feb,Evening,2.0,2.0,0.0,,no,0.0,97.48291610094003,2.964517358634444,no
116701.0,57.0,technician,married,secondary,no,No,,7.0,may,Morning,1.0,1.0,0.0,,no,197.0,104.38456729905067,3.202160273749339,no
148698.0,39.0,services,divorced,secondary,no,no,call,17.0,apr,morning,1.0,1.0,2.0,failure,no,5873.0,96.47902048368792,3.8416595916755796,no
146525.0,26.0,management,single,tertiary,no,no,call,6.0,feb,Night ,1.0,1.0,0.0,,no,2722.0,117.65503204028491,3.0976655223002396,no
148217.0,30.0,blue-collar,single,secondary,yes,no,call,16.0,apr,Evening,1.0,1.0,2.0,failure,no,445.0,107.12972178423809,5.351431142305936,no
123544.0,57.0,retired,single,tertiary,yes,yes,,30.0,may,Night ,1.0,1.0,0.0,,no,2528.0,79.83562210246706,2.6725565866764986,no
118049.0,44.0,blue-collar,married,secondary,yes,no,,12.0,may,eve,2.0,2.0,0.0,,no,23.0,103.24316172118564,4.457107662219856,no
156777.0,47.0,technician,married,tertiary,no,no,call,12.0,aug,Night ,1.0,1.0,1.0,success,no,2408.0,91.08319445449918,3.6082731834717006,no
145790.0,31.0,management,married,tertiary,yes,no,call,4.0,feb,eve,2.0,2.0,7.0,other,no,141.0,109.78928497768828,3.790676068605756,yes
132149.0,41.0,technician,married,secondary,no,yes,call,23.0,jul,eve,1.0,1.0,0.0,,no,0.0,91.67176567550325,4.158860705437225,no
135261.0,32.0,self-employed,married,tertiary,no,no,call,6.0,aug,morning,4.0,4.0,0.0,,no,1423.0,92.81525281084159,8.021192925216628,yes
156097.0,34.0,technician,married,secondary,yes,no,call,8.0,jun,Afternoon,3.0,3.0,0.0,,no,294.0,83.23970315804158,3.5492365529874825,yes
160059.0,70.0,retired,divorced,primary,no,no,SMS,14.0,jul,morning,1.0,1.0,3.0,success,no,482.0,92.76043251183921,6.164852103582332,yes
149958.0,33.0,student,single,,no,no,call,30.0,apr,morning,1.0,1.0,0.0,,no,1170.0,92.13117225984668,3.542401988846895,yes
137350.0,33.0,management,single,tertiary,no,no,call,18.0,aug,Night,4.0,4.0,0.0,,yes,-5.0,116.60756165020071,5.915294434758096,no
121637.0,36.0,technician,divorced,secondary,yes,no,,26.0,may,Night ,1.0,1.0,0.0,,no,160.0,109.25730998680926,5.2131408875628065,no
154211.0,42.0,entrepreneur,married,tertiary,yes,no,call,15.0,may,Night ,1.0,1.0,0.0,,no,34.0,102.75892276549176,8.109170307284634,no
118016.0,37.0,technician,married,secondary,yes,yes,,12.0,may,Night ,1.0,1.0,0.0,,no,1047.0,90.29794796626814,6.904745928340793,no
146188.0,35.0,unemployed,married,primary,yes,no,SMS,5.0,feb,Night ,1.0,1.0,0.0,,no,4564.0,84.07612862266389,8.033724061794452,no
117435.0,37.0,admin.,married,secondary,yes,no,,8.0,may,eve,2.0,2.0,0.0,,no,14.0,109.84725704925559,3.4454639515071,no
130982.0,31.0,management,single,tertiary,no,no,call,17.0,jul,Night ,1.0,1.0,0.0,,no,2336.0,105.61546031367958,5.2123178587592065,no
125683.0,47.0,blue-collar,married,primary,yes,yes,,9.0,jun,morning,1.0,1.0,0.0,,no,214.0,81.0894356687007,3.9892654027657968,no
121005.0,38.0,blue-collar,single,secondary,yes,no,,21.0,may,Night ,2.0,2.0,0.0,,no,578.0,88.7816710879778,5.539199653158658,no
140035.0,40.0,blue-collar,married,secondary,no,,,9.0,nov,Afternoon,1.0,1.0,0.0,,no,5060.0,99.83359356786443,3.9708228936590233,yes
139743.0,30.0,management,single,tertiary,no,no,call,29.0,aug,Afternoon,2.0,2.0,0.0,,no,0.0,96.6440160305577,3.6766103388897005,no
154898.0,32.0,technician,single,secondary,yes,no,call,18.0,may,eve,1.0,1.0,0.0,,no,55.0,106.50611798402474,5.664210109644765,no
159222.0,46.0,management,married,tertiary,yes,no,call,18.0,mar,Afternoon,2.0,2.0,4.0,success,no,273.0,115.5364575077054,6.071087018990932,yes
155673.0,25.0,student,single,secondary,yes,no,call,1.0,jun,Night,1.0,1.0,5.0,failure,no,1116.0,103.91484253980782,5.338855580255331,no
135876.0,38.0,technician,single,tertiary,no,no,call,8.0,aug,morning,1.0,1.0,0.0,,no,523.0,92.3506250207063,3.321524727578153,no
124975.0,55.0,retired,married,primary,no,no,,5.0,jun,Morning,1.0,1.0,0.0,,no,0.0,112.11035277398553,3.637887196649176,no
152791.0,40.0,admin.,married,primary,yes,No,call,12.0,may,eve,3.0,3.0,0.0,,no,129.0,96.69375998918298,4.256720677915313,no
127318.0,55.0,services,married,secondary,no,no,,19.0,jun,Night,1.0,1.0,0.0,,no,557.0,108.04130922594658,3.902438174220478,no
148030.0,36.0,management,married,secondary,yes,no,call,15.0,apr,Afternoon,1.0,1.0,3.0,failure,no,1160.0,100.06677827646935,,no
133023.0,35.0,technician,married,tertiary,no,no,call,25.0,jul,Evening,4.0,4.0,0.0,,no,1629.0,105.201287183519,5.923188607143354,yes
145827.0,38.0,technician,married,secondary,yes,no,call,4.0,feb,morning,1.0,1.0,0.0,,no,1442.0,95.10517348865366,3.2815893075306586,no
160269.0,32.0,unemployed,single,secondary,,no,call,2.0,aug,Morning,1.0,1.0,2.0,failure,no,8304.0,89.32162195620123,6.005241057123648,no
146503.0,41.0,unemployed,married,primary,yes,no,SMS,6.0,feb,Afternoon,6.0,6.0,0.0,,no,-117.0,102.06956595664326,5.93740101089815,no
119123.0,58.0,services,married,secondary,yes,no,,15.0,may,Morning,5.0,5.0,0.0,,no,0.0,95.8388228958587,4.854694166440111,no
119063.0,41.0,management,married,tertiary,no,,,15.0,may,Afternoon,4.0,4.0,0.0,,no,1132.0,121.62007326811045,5.1419128601770145,no
129948.0,37.0,blue-collar,single,secondary,no,,call,11.0,jul,Morning,2.0,2.0,0.0,,no,263.0,105.13156140363905,4.435230735566049,no
130904.0,58.0,blue-collar,divorced,secondary,no,yes,email,17.0,jul,Morning,3.0,3.0,0.0,,no,543.0,78.50299467303212,4.476586629637512,no
149261.0,37.0,admin.,married,secondary,yes,no,call,20.0,apr,Afternoon,3.0,3.0,1.0,other,no,2320.0,99.75853178127765,6.348209573330562,no
142274.0,31.0,services,single,secondary,yes,no,call,20.0,nov,Morning,2.0,2.0,4.0,other,no,900.0,118.23826985835615,3.334999634678596,no
155117.0,26.0,services,single,primary,yes,no,call,18.0,,Morning,2.0,2.0,6.0,other,no,-32.0,119.56882830222239,3.7106559145112925,no
124448.0,28.0,services,single,secondary,yes,no,,3.0,jun,Afternoon,1.0,1.0,0.0,,no,3575.0,94.08013598648591,5.886406618440008,no
130629.0,52.0,services,married,secondary,yes,no,SMS,15.0,jul,Evening,5.0,5.0,0.0,,no,497.0,98.11696400128025,5.355117942740575,no
121315.0,33.0,blue-collar,married,secondary,yes,no,,23.0,may,morning,4.0,4.0,0.0,,no,745.0,103.02261415519676,4.534742867924185,no
132802.0,27.0,technician,single,secondary,yes,yes,call,25.0,jul,eve,1.0,1.0,0.0,,no,41.0,86.4559515073588,7.372528638581702,no
143822.0,26.0,unemployed,single,secondary,no,no,call,28.0,jan,Night,1.0,1.0,0.0,,no,340.0,89.42629406369609,3.386923839533244,no
145185.0,26.0,technician,single,tertiary,no,no,call,2.0,feb,Night,1.0,1.0,0.0,,no,15161.0,77.23680277179992,6.3914100898824495,yes
117488.0,38.0,blue-collar,married,primary,yes,no,,8.0,may,morning,2.0,2.0,0.0,,no,0.0,90.38524437171516,3.088323008460354,no
133075.0,25.0,technician,single,secondary,no,yes,call,28.0,jul,Morning,4.0,4.0,0.0,,no,616.0,101.42199216279747,7.329469567988274,no
146067.0,37.0,self-employed,married,secondary,no,yes,call,5.0,feb,Evening,7.0,7.0,0.0,,no,126.0,93.65322248461209,5.217527227811021,no
146530.0,33.0,management,divorced,tertiary,no,no,call,6.0,feb,morning,1.0,1.0,0.0,,no,802.0,104.80631260944236,6.484639471251644,no
131265.0,30.0,blue-collar,single,secondary,yes,No,call,18.0,jul,Evening,1.0,1.0,0.0,,no,183.0,113.31206863379376,3.687643975522358,yes
157447.0,46.0,blue-collar,married,secondary,yes,no,call,11.0,sep,Morning,2.0,2.0,2.0,failure,no,640.0,95.77318570899014,4.881389485738805,yes
158470.0,23.0,services,single,secondary,no,no,call,29.0,dec,Night ,1.0,1.0,4.0,success,no,870.0,110.49364039377416,5.220310236096259,yes
146264.0,30.0,services,single,secondary,yes,no,call,5.0,feb,Night ,1.0,1.0,2.0,other,no,405.0,115.56897008642844,4.717481739130707,no
135882.0,47.0,housemaid,married,secondary,no,no,call,8.0,aug,morning,1.0,1.0,0.0,,no,131.0,99.23015648841496,6.570126396405202,no
147006.0,64.0,retired,divorced,primary,no,no,call,17.0,feb,Evening,1.0,1.0,0.0,,no,315.0,86.99519407391162,4.360432421551038,yes
137507.0,33.0,management,divorced,tertiary,yes,yes,call,19.0,aug,morning,8.0,8.0,0.0,,no,0.0,84.13256160489345,6.349952881085064,no
122773.0,45.0,blue-collar,married,secondary,yes,yes,,28.0,may,morning,1.0,1.0,0.0,,no,156.0,101.20020900760247,3.956678134465323,no
142672.0,37.0,blue-collar,married,primary,yes,no,call,20.0,nov,Afternoon,4.0,4.0,0.0,,no,3370.0,89.04701937351608,4.863987485476675,no
156708.0,78.0,retired,divorced,secondary,no,no,SMS,11.0,aug,Morning,1.0,1.0,0.0,,no,631.0,104.90439477815285,4.422398272623669,no
119882.0,44.0,blue-collar,married,primary,yes,no,,16.0,may,eve,10.0,10.0,0.0,,no,12.0,96.89475141795431,4.337076626717434,no
123859.0,43.0,admin.,divorced,secondary,yes,no,,2.0,jun,Afternoon,2.0,2.0,0.0,,no,777.0,93.06738543754372,5.358891130604977,no
155402.0,43.0,technician,divorced,secondary,no,no,call,25.0,may,Night,2.0,2.0,1.0,other,no,1612.0,86.1726941926646,7.4784569957826275,yes
159178.0,40.0,management,single,tertiary,no,no,call,15.0,mar,Afternoon,2.0,2.0,1.0,failure,no,1509.0,95.94247091249748,6.890149878507248,no
122815.0,34.0,blue-collar,married,secondary,yes,no,,28.0,may,Afternoon,2.0,2.0,0.0,,no,504.0,82.76594831982973,5.848321861237511,no
156935.0,57.0,admin.,married,secondary,no,no,call,14.0,aug,Night ,1.0,1.0,2.0,failure,no,169.0,99.5343581405562,7.002782081171151,no
150254.0,25.0,unemployed,married,secondary,no,no,call,4.0,may,morning,4.0,4.0,0.0,,no,715.0,113.72063687332734,4.31617369399219,no
159493.0,35.0,admin.,single,tertiary,no,yes,call,30.0,apr,Evening,1.0,1.0,0.0,,no,364.0,109.79041983162865,5.109715248987351,no
127656.0,43.0,admin.,married,secondary,no,,,20.0,jun,eve,1.0,1.0,0.0,,no,584.0,109.06861594649911,5.9768258183959855,no
138997.0,49.0,self-employed,married,secondary,no,no,call,26.0,aug,Morning,6.0,6.0,0.0,,no,0.0,105.04450436767499,5.89250358315839,no
149524.0,46.0,entrepreneur,married,secondary,yes,no,call,20.0,apr,Afternoon,2.0,2.0,0.0,,no,131.0,109.52150477730537,6.052843997563761,no
129288.0,35.0,admin.,married,primary,no,no,call,9.0,jul,Night ,1.0,1.0,0.0,,no,1994.0,78.67653309645169,4.497208165897314,no
160959.0,52.0,management,married,secondary,no,no,call,21.0,oct,Evening,1.0,1.0,1.0,failure,no,335.0,93.75205729196001,3.2164812708705783,yes
143060.0,47.0,housemaid,married,primary,no,yes,SMS,21.0,nov,morning,1.0,1.0,0.0,,no,97.0,108.63341843363659,5.119276963364595,no
134582.0,35.0,technician,married,secondary,no,no,call,31.0,jul,Morning,9.0,9.0,0.0,,no,0.0,94.58491563254437,5.038140752596896,no
122686.0,35.0,technician,single,tertiary,yes,no,,28.0,may,Afternoon,3.0,3.0,0.0,,no,59.0,103.53225712403982,5.822764347523602,no
144871.0,55.0,housemaid,married,secondary,no,no,call,2.0,feb,Afternoon,1.0,1.0,2.0,failure,no,5.0,101.92110832865978,7.711610217518792,no
133651.0,48.0,blue-collar,divorced,secondary,no,No,email,29.0,jul,Afternoon,3.0,3.0,0.0,,no,1893.0,102.23357788842313,5.828782319442552,no
152166.0,27.0,blue-collar,single,secondary,yes,no,call,11.0,may,Night ,4.0,4.0,1.0,failure,no,100.0,75.97471092525552,5.565507660425661,no
140986.0,36.0,self-employed,divorced,tertiary,no,no,call,18.0,nov,Afternoon,2.0,2.0,0.0,,no,149.0,103.82571694269882,5.335158570050779,no
129551.0,32.0,management,married,tertiary,yes,yes,call,9.0,jul,Afternoon,1.0,1.0,0.0,,no,794.0,124.23436903857747,3.995363498190925,yes
144309.0,35.0,management,married,tertiary,no,yes,call,29.0,jan,eve,2.0,2.0,0.0,,no,1100.0,102.6285744232506,6.195779233511539,no
147985.0,59.0,blue-collar,married,secondary,yes,no,email,14.0,apr,eve,2.0,2.0,0.0,,no,,108.24480776393365,3.3359846809078784,no
122048.0,33.0,technician,married,secondary,yes,yes,,27.0,may,morning,1.0,1.0,0.0,,no,-1040.0,103.30329856979628,5.79446676856712,no
155873.0,31.0,student,single,secondary,no,no,call,3.0,jun,Morning,1.0,1.0,0.0,,no,216.0,126.35178211917597,9.91220432146945,no
149565.0,34.0,services,married,secondary,yes,no,call,20.0,apr,Evening,6.0,6.0,8.0,failure,no,1553.0,104.51156060651581,4.033628797457326,no
158127.0,29.0,management,single,tertiary,no,no,call,12.0,nov,morning,1.0,1.0,1.0,other,no,1026.0,113.94476916083873,5.36018840978821,yes
137786.0,39.0,management,married,tertiary,yes,no,call,20.0,aug,morning,4.0,4.0,0.0,,no,5060.0,78.45358936284369,4.958933252769495,no
136738.0,40.0,management,divorced,tertiary,yes,no,call,13.0,aug,morning,2.0,2.0,0.0,,no,862.0,109.51661395902273,4.5002155737780445,no
154194.0,32.0,services,single,secondary,no,no,call,15.0,may,Evening,1.0,1.0,3.0,failure,no,,93.5894187021341,3.269251456881495,no
134853.0,46.0,blue-collar,married,primary,no,no,call,4.0,aug,morning,3.0,3.0,0.0,,no,2473.0,114.7930286196513,5.952176074468175,no
118814.0,41.0,blue-collar,married,primary,yes,No,,14.0,may,Morning,1.0,1.0,0.0,,no,2097.0,89.68216557690933,5.503977305186831,no
130991.0,25.0,services,married,secondary,yes,no,call,17.0,jul,Night,1.0,1.0,0.0,,no,10.0,95.60027956906094,5.469886078245197,no
155699.0,48.0,housemaid,married,primary,yes,no,call,1.0,jun,Afternoon,1.0,1.0,0.0,,no,332.0,97.11394508769949,3.964456808612074,no
159915.0,58.0,blue-collar,married,primary,no,no,call,29.0,jun,Night,1.0,1.0,4.0,success,no,3109.0,108.50454301362855,2.070668144029905,yes
127994.0,54.0,technician,married,secondary,no,yes,,20.0,jun,morning,2.0,2.0,0.0,,no,827.0,101.52593926160742,5.91123434123876,no
158996.0,29.0,student,single,secondary,no,no,call,23.0,feb,Night,1.0,1.0,5.0,success,no,67.0,128.64955737294983,6.78202329626468,yes
132420.0,47.0,blue-collar,married,,no,yes,call,23.0,jul,Night ,2.0,2.0,0.0,,no,30.0,91.04490211487418,4.4301094943237285,no
135375.0,,technician,married,secondary,no,no,call,7.0,aug,Afternoon,2.0,2.0,0.0,,no,1732.0,109.67407471142266,7.594724660666361,no
151030.0,48.0,technician,married,secondary,yes,no,call,7.0,may,Night,2.0,2.0,0.0,,no,505.0,102.85513540916381,2.0774247857831796,no
136203.0,30.0,management,single,tertiary,no,no,call,11.0,aug,morning,4.0,4.0,0.0,,no,1191.0,93.61860313925466,8.072331549502856,no
134189.0,35.0,technician,single,tertiary,no,no,email,31.0,jul,Morning,4.0,4.0,0.0,,no,6763.0,96.10965684195314,4.078258806015774,no
151991.0,36.0,management,married,tertiary,yes,no,call,11.0,may,Morning,2.0,2.0,0.0,,no,269.0,101.44572309591024,6.826045716580741,no
132063.0,59.0,blue-collar,married,secondary,no,yes,call,22.0,jul,Morning,4.0,4.0,0.0,,no,786.0,95.00646830326545,5.312230258831017,no
159174.0,46.0,blue-collar,married,secondary,yes,no,call,12.0,mar,morning,1.0,1.0,4.0,success,no,640.0,110.05134426022018,4.968906237052176,yes
129227.0,42.0,services,married,secondary,yes,no,call,8.0,jul,Morning,2.0,2.0,0.0,,no,-1.0,98.21421976376747,4.651019732179973,no
146817.0,34.0,admin.,,secondary,no,no,call,9.0,,Morning,2.0,2.0,0.0,,no,764.0,85.31484245867168,2.8076000057529242,no
146809.0,28.0,technician,single,tertiary,no,no,call,9.0,feb,eve,21.0,21.0,0.0,,no,4987.0,95.17009882139104,3.7713771553422184,yes
141929.0,39.0,management,married,,yes,no,call,19.0,nov,morning,2.0,2.0,0.0,,no,548.0,85.30427321086746,4.047405876395015,no
128628.0,31.0,admin.,single,secondary,yes,no,call,7.0,jul,Night ,2.0,2.0,0.0,,no,92.0,89.58194547354623,4.794828511907982,no
126645.0,58.0,management,married,primary,no,no,,17.0,jun,Morning,3.0,3.0,0.0,,no,1136.0,90.15102034629379,2.456822870976108,no
130221.0,48.0,management,married,tertiary,yes,no,call,14.0,jul,morning,5.0,5.0,0.0,,no,308.0,89.09088630627694,4.458740618495611,no
121082.0,40.0,management,single,tertiary,yes,no,,21.0,may,Evening,8.0,8.0,0.0,,no,1393.0,99.45383085222223,2.323170470707816,no
140025.0,43.0,services,married,secondary,yes,yes,email,5.0,nov,Night ,1.0,1.0,0.0,,no,94.0,118.55630582163816,7.95054488510038,no
116395.0,29.0,blue-collar,married,secondary,yes,no,,6.0,may,eve,1.0,1.0,0.0,,no,9.0,125.4542707754462,7.259598024393005,no
158696.0,56.0,retired,divorced,primary,no,no,call,29.0,jan,morning,1.0,1.0,1.0,other,no,694.0,105.75877463244579,5.818642608455612,yes
128949.0,31.0,management,single,tertiary,no,yes,call,8.0,jul,morning,4.0,4.0,0.0,,no,,90.22715669655534,9.324409433110286,yes
120832.0,34.0,technician,single,secondary,yes,no,,21.0,may,morning,1.0,1.0,0.0,,no,951.0,104.47989437977004,6.920703335462984,no
155782.0,45.0,management,married,tertiary,yes,No,call,2.0,jun,morning,1.0,1.0,2.0,failure,no,273.0,93.51836630888184,2.7776771633341495,no
150197.0,32.0,technician,single,secondary,no,no,call,4.0,may,eve,3.0,3.0,0.0,,no,945.0,110.90739129534795,6.368282958563377,no
152645.0,42.0,management,married,tertiary,no,yes,SMS,12.0,may,eve,3.0,3.0,4.0,failure,no,0.0,90.32016655832994,5.9558165570932875,no
157127.0,28.0,student,single,tertiary,yes,no,call,21.0,aug,morning,5.0,5.0,7.0,success,no,3733.0,94.87764836455462,3.856350782073451,no
132714.0,49.0,management,single,tertiary,no,yes,call,24.0,jul,Morning,2.0,2.0,0.0,,no,2555.0,92.91466231299827,4.449079291939396,no
124689.0,30.0,admin.,single,secondary,no,no,,4.0,jun,eve,1.0,1.0,0.0,,yes,-242.0,100.52678712983409,5.320351678713889,no
121603.0,34.0,blue-collar,married,secondary,yes,yes,,26.0,may,morning,1.0,1.0,0.0,,no,241.0,110.71248343918377,4.385308570377966,no
146968.0,38.0,self-employed,married,secondary,no,yes,SMS,16.0,feb,Night,21.0,21.0,0.0,,no,187.0,86.21718658717002,3.8238549932750407,no
137731.0,39.0,management,married,tertiary,no,yes,call,20.0,aug,Evening,2.0,2.0,0.0,,no,2320.0,90.10793707407106,9.773758175420792,no
126150.0,36.0,admin.,married,secondary,no,no,,11.0,jun,Evening,4.0,4.0,0.0,,no,0.0,91.13083135227019,3.411404643918801,no
130117.0,47.0,blue-collar,married,primary,yes,No,call,14.0,jul,Night,2.0,2.0,0.0,,no,3038.0,98.69859921597276,7.756721624122226,no
123871.0,37.0,blue-collar,married,primary,yes,no,,2.0,jun,eve,4.0,4.0,0.0,,no,89.0,90.44640597839603,6.122334576633058,no
137017.0,32.0,management,single,tertiary,no,no,call,,aug,Morning,2.0,2.0,0.0,,no,20.0,92.50443800360719,6.240241400000615,yes
146612.0,48.0,management,married,tertiary,no,yes,call,6.0,feb,Night,3.0,3.0,0.0,,no,0.0,89.9992066995944,5.638887696640888,no
118832.0,41.0,services,married,secondary,yes,no,,14.0,may,Evening,1.0,1.0,0.0,,no,890.0,103.13023520602933,5.750415814462982,no
157394.0,42.0,management,married,tertiary,no,no,SMS,8.0,sep,eve,2.0,2.0,0.0,,no,1205.0,85.73164191080306,2.590503802274314,yes
153721.0,33.0,blue-collar,married,secondary,yes,no,call,14.0,may,morning,7.0,7.0,4.0,failure,no,249.0,92.56913784836784,2.9970701769226937,no
155633.0,25.0,technician,single,secondary,yes,no,call,28.0,may,Night ,3.0,3.0,1.0,failure,no,7103.0,93.8421632363627,3.891065470921497,yes
125791.0,40.0,technician,married,tertiary,no,no,,9.0,jun,Night,2.0,2.0,0.0,,no,2946.0,96.93127492935315,2.784950914113952,no
133523.0,42.0,technician,single,,no,no,call,29.0,jul,eve,2.0,2.0,0.0,,no,2193.0,94.75568322109626,7.093403011070562,no
153427.0,27.0,student,single,secondary,yes,no,call,14.0,may,Night,3.0,3.0,0.0,,no,89.0,114.43626377086323,5.477528525998851,no
148368.0,37.0,blue-collar,married,secondary,yes,no,call,17.0,apr,Night ,2.0,2.0,0.0,,no,168.0,92.92213183640031,4.595290770088603,no
138008.0,34.0,technician,single,secondary,no,no,call,21.0,aug,Afternoon,2.0,2.0,0.0,,no,666.0,103.2672748210873,3.1811183048844396,yes
157510.0,44.0,technician,married,secondary,no,no,call,23.0,sep,Afternoon,1.0,1.0,0.0,,no,5102.0,,5.423762824529653,no
117362.0,60.0,blue-collar,divorced,primary,yes,no,,8.0,may,Morning,1.0,1.0,0.0,,no,7601.0,108.2991345119656,6.196539474828295,no
135315.0,48.0,technician,married,secondary,no,yes,call,6.0,aug,eve,3.0,3.0,0.0,,no,504.0,92.01290339759309,6.47366816454238,no
143563.0,46.0,technician,divorced,tertiary,yes,No,call,21.0,nov,Afternoon,5.0,5.0,5.0,failure,no,0.0,96.00562626714917,4.124533112899586,no
153526.0,47.0,admin.,divorced,secondary,yes,no,call,14.0,may,eve,1.0,1.0,0.0,,no,980.0,118.04408721350252,4.131518641671301,no
133688.0,39.0,blue-collar,married,secondary,no,no,call,29.0,jul,Night,3.0,3.0,0.0,,no,2457.0,99.25855833542653,6.337083797823978,no
119175.0,41.0,services,married,secondary,yes,no,,15.0,may,eve,4.0,4.0,0.0,,no,957.0,113.1724804776529,3.457687811654343,no
122580.0,29.0,blue-collar,married,primary,yes,yes,,28.0,may,morning,1.0,1.0,0.0,,no,1101.0,95.01504138542306,6.458085130213007,no
131348.0,57.0,management,married,tertiary,yes,no,call,18.0,jul,morning,6.0,6.0,0.0,,yes,1218.0,92.80366901832073,6.876668411099781,no
158409.0,31.0,management,single,tertiary,no,no,call,17.0,dec,Evening,6.0,6.0,2.0,failure,no,596.0,102.33049748231083,5.502219547295489,no
128549.0,27.0,management,single,secondary,no,no,call,4.0,jul,morning,1.0,1.0,0.0,,no,35.0,120.3534708163468,4.046029849336541,no
143198.0,36.0,management,married,,yes,no,call,21.0,nov,Morning,1.0,1.0,0.0,,no,1597.0,103.18805857123299,4.578448747002969,no
128609.0,51.0,self-employed,married,secondary,no,yes,call,7.0,jul,Morning,1.0,1.0,0.0,,yes,34.0,96.53152097302873,3.9973457466039517,no
141996.0,35.0,unemployed,married,secondary,no,No,call,19.0,nov,eve,3.0,3.0,0.0,,no,759.0,99.45297717432298,5.23521622339025,no
123271.0,45.0,blue-collar,divorced,primary,yes,no,,,may,Night ,2.0,2.0,0.0,,no,594.0,111.01265257102598,5.835664308474189,yes
134395.0,31.0,management,single,tertiary,no,no,call,31.0,jul,eve,5.0,5.0,0.0,,no,935.0,97.9784329498149,4.840110115956383,no
135404.0,31.0,technician,married,secondary,no,no,call,7.0,aug,morning,2.0,2.0,0.0,,no,246.0,111.428418382938,3.80811089585913,no
148412.0,47.0,blue-collar,married,secondary,yes,no,email,17.0,apr,eve,1.0,1.0,0.0,,no,2128.0,93.8453691866282,3.316864974512134,no
119190.0,57.0,blue-collar,married,secondary,no,no,,15.0,may,Evening,2.0,2.0,0.0,,no,2192.0,86.64732882663849,6.402698184578327,no
131075.0,49.0,blue-collar,married,secondary,no,no,SMS,,jul,Morning,2.0,2.0,0.0,,no,388.0,93.81806023603225,6.902177425767485,no
136196.0,35.0,management,married,tertiary,,no,call,11.0,aug,morning,3.0,3.0,0.0,,no,569.0,104.5371227036157,3.5155677022475365,no
150096.0,20.0,student,married,,no,no,call,4.0,may,Night ,1.0,1.0,0.0,,no,292.0,117.73933663876366,5.151888809018626,no
134179.0,53.0,retired,married,primary,no,no,SMS,31.0,jul,Evening,5.0,5.0,0.0,,no,118.0,95.49134282584525,4.1801582037584515,no
120858.0,32.0,technician,married,secondary,yes,No,,21.0,may,morning,3.0,3.0,0.0,,no,901.0,98.91149670491964,6.531025001833013,no
132267.0,35.0,admin.,married,secondary,yes,no,call,23.0,jul,Afternoon,1.0,1.0,0.0,,no,1345.0,100.01369830444044,5.606400674746083,no
148847.0,34.0,technician,married,secondary,yes,no,call,17.0,apr,Afternoon,2.0,2.0,2.0,failure,no,260.0,82.05035568743381,3.7277280538551674,no
135636.0,52.0,admin.,married,secondary,no,yes,call,7.0,aug,Afternoon,7.0,7.0,0.0,,no,5122.0,107.44724979431984,5.850183391166104,no
121361.0,26.0,services,divorced,secondary,yes,no,,23.0,may,eve,6.0,6.0,0.0,,no,74.0,115.91975632454732,6.371777312750854,no
122293.0,35.0,management,married,tertiary,yes,yes,,27.0,may,Evening,3.0,3.0,0.0,,no,-718.0,96.28755672090197,3.410620563278717,no
136123.0,30.0,technician,married,secondary,no,no,call,11.0,aug,morning,2.0,2.0,0.0,,no,671.0,107.56553577261,6.285904452750789,no
150957.0,32.0,blue-collar,married,secondary,yes,no,call,6.0,may,Night,2.0,2.0,3.0,other,no,25.0,111.05137225258156,5.697590519838184,no
160859.0,70.0,retired,divorced,secondary,no,no,call,11.0,oct,Morning,2.0,2.0,16.0,failure,no,,98.04198008320954,5.3699134164759865,no
136030.0,33.0,management,divorced,tertiary,no,no,call,11.0,aug,Night ,2.0,2.0,0.0,,no,348.0,85.52044910723984,4.517768163541215,no
117485.0,36.0,technician,married,tertiary,yes,no,,8.0,may,Morning,3.0,3.0,0.0,,no,491.0,98.67300205234169,6.470748977631551,no
120796.0,31.0,technician,divorced,tertiary,yes,No,,21.0,may,Night,1.0,1.0,0.0,,no,2287.0,79.28491283615946,3.773491954767609,no
121636.0,34.0,services,married,secondary,yes,no,,26.0,may,Evening,1.0,1.0,0.0,,no,-694.0,94.22719162395228,5.870529184629943,no
127422.0,38.0,technician,single,secondary,no,no,,,jun,eve,2.0,2.0,0.0,,no,207.0,93.28623462759333,5.170918825101848,no
125810.0,55.0,housemaid,married,primary,no,no,,9.0,jun,Afternoon,1.0,1.0,0.0,,no,2603.0,102.48106810751915,3.1946695498235607,no
141571.0,31.0,blue-collar,married,secondary,no,No,call,19.0,nov,eve,1.0,1.0,0.0,,no,69.0,108.8586653499753,7.214730148139459,no
155148.0,48.0,blue-collar,married,secondary,yes,no,call,18.0,may,Morning,2.0,2.0,1.0,failure,no,5306.0,111.80779131558586,6.374906366516824,no
147755.0,44.0,blue-collar,married,primary,yes,no,call,9.0,apr,morning,2.0,2.0,0.0,,no,1704.0,110.33877189809488,3.7328948119784133,no
118690.0,40.0,blue-collar,married,secondary,yes,no,,14.0,may,Night ,3.0,3.0,0.0,,no,30.0,97.44144119640929,4.064375752112613,no
140033.0,29.0,management,single,tertiary,yes,no,SMS,8.0,nov,Evening,1.0,1.0,0.0,,no,572.0,101.206610521354,3.804194369529019,yes
120636.0,32.0,technician,married,tertiary,yes,no,,20.0,may,Evening,2.0,2.0,0.0,,no,514.0,93.58986564685992,9.98003460266813,no
136898.0,54.0,management,married,tertiary,no,no,call,14.0,aug,Night,7.0,7.0,0.0,,no,0.0,100.71455139489021,4.05986581056972,no
150645.0,44.0,management,divorced,tertiary,no,no,call,6.0,may,morning,1.0,1.0,0.0,,no,3.0,93.08280989747442,5.63993126701901,no
122736.0,44.0,management,married,tertiary,yes,No,,28.0,may,Night,1.0,1.0,0.0,,no,0.0,118.51985982939314,5.852117777364266,no
116623.0,47.0,entrepreneur,married,,yes,no,,6.0,may,Evening,2.0,2.0,0.0,,no,209.0,97.98524263715034,2.437126076211388,no
150581.0,32.0,blue-collar,married,secondary,yes,no,call,5.0,may,morning,2.0,2.0,0.0,,no,34.0,84.1010487566197,3.7153267313735223,no
143751.0,45.0,housemaid,married,primary,yes,no,email,28.0,jan,eve,1.0,1.0,0.0,,no,1526.0,109.37145919787812,6.703196340035804,no
160834.0,26.0,management,single,tertiary,no,no,call,6.0,oct,eve,2.0,2.0,5.0,other,no,1592.0,89.64030294882916,3.7200369327202587,no
130750.0,36.0,blue-collar,divorced,primary,yes,no,call,16.0,jul,morning,1.0,1.0,0.0,,no,17.0,113.68337130751145,3.904797297455513,no
158477.0,61.0,management,married,secondary,no,no,call,29.0,dec,Night,3.0,3.0,9.0,success,no,544.0,104.70651215279352,3.2783212062206366,yes
134373.0,42.0,management,married,tertiary,no,yes,call,31.0,jul,eve,2.0,2.0,0.0,,no,2110.0,87.69689765033388,6.231712747197957,no
159095.0,63.0,retired,married,secondary,no,no,call,4.0,mar,Afternoon,2.0,2.0,0.0,,no,2896.0,113.3349918637042,5.251766582662366,yes
160507.0,34.0,admin.,single,tertiary,no,yes,,31.0,aug,Evening,1.0,1.0,0.0,,no,625.0,104.41545175492355,6.8821638183414855,yes
148263.0,35.0,technician,married,secondary,yes,no,call,16.0,apr,Afternoon,4.0,4.0,0.0,,no,783.0,106.7095734348195,5.169089352784164,no
154460.0,33.0,admin.,married,secondary,yes,no,call,15.0,may,Afternoon,9.0,9.0,2.0,failure,no,1293.0,91.12412782633253,3.762509149871989,no
128786.0,31.0,services,single,secondary,yes,yes,call,7.0,jul,Night,1.0,1.0,0.0,,no,78.0,104.66828321361498,3.4722507898005492,no
137600.0,32.0,technician,married,tertiary,no,no,call,19.0,aug,eve,7.0,7.0,0.0,,no,60.0,111.5491395022004,3.4643834385073053,no
125297.0,47.0,admin.,married,secondary,yes,no,,6.0,jun,eve,3.0,3.0,0.0,,no,1060.0,104.66236287865472,5.3122072971544165,no
158316.0,39.0,management,married,tertiary,no,no,call,7.0,dec,morning,5.0,5.0,1.0,other,no,481.0,85.24236005855023,5.965641049291403,yes
132067.0,25.0,admin.,married,secondary,yes,yes,call,22.0,jul,Night,3.0,3.0,0.0,,no,7.0,81.51398464734741,3.7522135384495394,no
126013.0,58.0,management,married,,no,no,,11.0,jun,Afternoon,1.0,1.0,0.0,,no,0.0,81.33936557190728,5.104802411426886,no
146522.0,33.0,technician,single,secondary,no,no,call,6.0,feb,Night,1.0,1.0,0.0,,no,2583.0,88.71766638595273,4.843664422870836,no
155468.0,25.0,student,single,tertiary,no,no,call,26.0,may,Night,1.0,1.0,0.0,,no,241.0,112.09764633452765,1.55375093745928,no
155709.0,48.0,management,married,tertiary,no,no,call,1.0,jun,Afternoon,2.0,2.0,0.0,,no,3842.0,94.7648776737395,1.6075112532795606,yes
156712.0,39.0,management,single,tertiary,yes,no,call,11.0,aug,Evening,2.0,2.0,0.0,,no,3840.0,127.36362613601769,3.9209085421675427,yes
160573.0,55.0,,married,primary,no,no,,4.0,sep,Afternoon,1.0,1.0,0.0,,no,159.0,91.61606257234921,4.754121613362241,no
150610.0,47.0,entrepreneur,married,tertiary,no,No,call,5.0,may,Evening,3.0,3.0,0.0,,no,0.0,102.6089816257938,5.641909967989768,no
144622.0,34.0,services,single,secondary,no,yes,email,30.0,jan,morning,2.0,2.0,0.0,,no,2257.0,107.92209266566198,5.901590599374912,no
147824.0,34.0,entrepreneur,married,secondary,yes,no,call,9.0,apr,Night,3.0,3.0,6.0,failure,no,1847.0,79.51172279246673,4.836565024487658,no
130952.0,46.0,management,divorced,tertiary,no,no,call,17.0,jul,Night ,1.0,1.0,0.0,,no,-154.0,116.57036887380467,5.244524568401062,no
130859.0,31.0,services,married,secondary,no,yes,call,16.0,jul,Afternoon,2.0,2.0,0.0,,yes,-455.0,108.08695338067496,7.73536347704848,no
158141.0,36.0,entrepreneur,married,secondary,no,no,call,12.0,nov,Night,1.0,1.0,8.0,failure,no,2971.0,113.97628094577806,0.47039834433767247,yes
133187.0,36.0,management,married,tertiary,yes,yes,call,28.0,jul,Afternoon,2.0,2.0,0.0,,no,-1629.0,120.36578102347451,6.677682569586374,no
123192.0,53.0,blue-collar,married,,yes,no,,29.0,may,Morning,2.0,2.0,0.0,,no,1202.0,97.87570020223447,4.15817966448152,no
129193.0,40.0,admin.,married,secondary,yes,no,call,8.0,jul,Evening,12.0,12.0,0.0,,no,1011.0,122.87599794690178,7.424673179327636,no
154504.0,36.0,blue-collar,married,primary,yes,,call,15.0,may,morning,2.0,2.0,5.0,other,no,49.0,93.63369237330001,2.790369531982066,no
131583.0,27.0,self-employed,single,tertiary,yes,,call,21.0,jul,Evening,1.0,1.0,0.0,,no,202.0,97.29997433777592,6.571998934798064,no
158089.0,71.0,housemaid,divorced,primary,no,no,call,10.0,nov,Night ,2.0,2.0,1.0,success,no,1311.0,112.89549017862335,4.146522729772918,yes
135058.0,49.0,technician,married,secondary,no,no,call,5.0,aug,eve,2.0,2.0,0.0,,no,195.0,94.65558879370128,8.630304166132706,no
126662.0,38.0,services,married,secondary,,no,,17.0,jun,Morning,2.0,2.0,0.0,,no,1313.0,93.20538911188929,3.1592063372991834,no
147462.0,47.0,admin.,divorced,secondary,no,no,call,3.0,apr,Night,1.0,1.0,0.0,,no,0.0,104.79369367544136,4.323598043462595,no
136885.0,56.0,technician,married,secondary,no,no,call,14.0,aug,eve,2.0,2.0,0.0,,no,2065.0,99.61319210306706,6.3835415381154395,no
128072.0,40.0,blue-collar,single,primary,no,no,,20.0,jun,Night,11.0,11.0,0.0,,no,1.0,101.77956523367222,4.78938197785221,no
122365.0,36.0,services,single,secondary,yes,yes,,27.0,may,Afternoon,3.0,3.0,0.0,,no,-295.0,114.50303733427663,2.5576616990806795,no
159359.0,35.0,technician,single,tertiary,no,no,call,13.0,apr,Morning,4.0,4.0,2.0,success,no,670.0,92.05174456985999,3.954055256384805,yes
143688.0,46.0,technician,divorced,secondary,yes,no,call,28.0,jan,Morning,1.0,1.0,1.0,other,no,741.0,98.70454213526519,4.038309053115411,no
123319.0,54.0,blue-collar,divorced,secondary,yes,yes,,29.0,may,morning,2.0,2.0,0.0,,no,0.0,108.52112675009207,3.057837932588874,no
140154.0,46.0,management,married,tertiary,yes,no,call,17.0,nov,Night,1.0,1.0,0.0,,no,191.0,109.74842470860438,6.1574418590198015,no
156622.0,35.0,entrepreneur,married,secondary,no,no,call,7.0,aug,Afternoon,2.0,2.0,6.0,success,no,2971.0,101.45549990241774,4.680869645000603,no
135041.0,32.0,self-employed,married,secondary,no,no,call,5.0,aug,Night,1.0,1.0,0.0,,no,67.0,93.0789284473142,2.3062623058349114,no
127151.0,43.0,housemaid,married,secondary,no,no,,18.0,jun,Morning,2.0,2.0,0.0,,no,5233.0,101.34448370897637,5.672602244620148,no
122792.0,27.0,management,single,tertiary,yes,no,,28.0,may,Morning,2.0,2.0,0.0,,no,1995.0,126.17601565122584,5.340858679102716,no
160881.0,59.0,retired,divorced,primary,no,no,,12.0,oct,Afternoon,1.0,1.0,2.0,failure,no,606.0,117.6582513663871,4.494329932031093,no
135430.0,45.0,blue-collar,married,primary,yes,no,call,7.0,aug,Afternoon,2.0,2.0,0.0,,no,-485.0,97.00263988886809,4.432523073344771,no
153453.0,34.0,technician,divorced,secondary,yes,no,call,14.0,may,Afternoon,8.0,8.0,0.0,,no,175.0,83.53126105237749,4.1031547274619005,no
130797.0,32.0,blue-collar,married,secondary,yes,no,call,16.0,jul,Night,2.0,2.0,0.0,,no,1905.0,98.49526845650502,4.464171743692774,yes
161097.0,25.0,technician,single,secondary,no,yes,call,17.0,nov,Night,2.0,2.0,0.0,,no,505.0,99.46911101694765,6.740718161971893,yes
130428.0,33.0,,divorced,secondary,,no,,15.0,jul,Night,2.0,2.0,0.0,,no,437.0,90.63166640165952,2.7928500346659004,no
152608.0,42.0,technician,,tertiary,yes,no,SMS,12.0,may,eve,2.0,2.0,0.0,,no,246.0,99.44859322708537,6.663226844790478,no
142221.0,35.0,admin.,married,tertiary,no,,call,20.0,nov,Morning,1.0,1.0,0.0,,no,12634.0,95.41876509357753,5.823216451816692,no
146590.0,45.0,housemaid,single,primary,yes,no,SMS,6.0,feb,Night,2.0,2.0,0.0,,no,959.0,103.01737268700269,5.3654810340631665,no
150893.0,38.0,housemaid,divorced,primary,,yes,call,6.0,may,Evening,2.0,2.0,7.0,failure,no,0.0,120.17627933322333,5.6426693979619555,no
140928.0,38.0,blue-collar,married,secondary,yes,yes,call,18.0,nov,Morning,1.0,1.0,2.0,failure,no,-288.0,112.7374514425332,6.72359970856591,no
159839.0,34.0,management,married,tertiary,yes,no,call,17.0,jun,Night ,2.0,2.0,4.0,failure,no,3301.0,88.26463597406936,5.646229192214279,yes
159742.0,44.0,unemployed,married,secondary,yes,yes,,1.0,jun,Night,1.0,1.0,0.0,,no,317.0,94.81661288296735,3.14816702988694,no
122910.0,47.0,technician,married,,yes,no,,28.0,may,Evening,4.0,4.0,0.0,,no,-598.0,98.67260118684126,5.045963903486483,no
116275.0,43.0,admin.,married,,no,no,,6.0,may,Afternoon,1.0,1.0,0.0,,no,350.0,87.81122972751518,4.212497222446053,no
140425.0,36.0,admin.,married,secondary,yes,no,call,17.0,nov,Night,3.0,3.0,0.0,,no,746.0,88.77105439659624,5.3522944514050845,no
137595.0,46.0,technician,single,secondary,no,no,call,19.0,aug,morning,1.0,1.0,0.0,,no,0.0,97.54458450710183,8.044063866164635,no
150079.0,52.0,management,married,tertiary,yes,no,call,4.0,may,Afternoon,2.0,2.0,0.0,,no,1356.0,105.25819846757699,5.541488559893326,no
150964.0,30.0,blue-collar,married,primary,yes,no,call,6.0,may,Night ,2.0,2.0,0.0,,no,0.0,124.18049780584099,5.465825238436067,no
125456.0,53.0,management,married,,no,no,,6.0,jun,Morning,1.0,1.0,0.0,,no,12001.0,98.69286903623876,3.0969833076371,no
135522.0,53.0,management,married,tertiary,no,no,call,7.0,aug,morning,2.0,2.0,0.0,,no,349.0,102.56640423851282,,no
137078.0,45.0,management,married,tertiary,no,no,call,14.0,aug,Night ,2.0,2.0,0.0,,no,0.0,108.47896507429597,1.6463631741712232,no
133886.0,32.0,unemployed,married,tertiary,yes,no,call,30.0,jul,Evening,3.0,3.0,0.0,,no,7.0,106.93115717121108,5.53747882257627,no
144329.0,43.0,admin.,single,,no,,call,29.0,jan,Morning,1.0,1.0,0.0,,no,474.0,110.33747590628003,2.1335234702232433,no
120639.0,30.0,blue-collar,single,secondary,yes,no,,20.0,may,Evening,5.0,5.0,0.0,,no,178.0,90.28407703029347,6.016686620012181,no
140984.0,43.0,blue-collar,divorced,primary,yes,no,call,18.0,nov,Night,1.0,1.0,0.0,,no,515.0,100.88975200977143,4.571373129996474,no
125228.0,38.0,blue-collar,married,secondary,no,no,,6.0,jun,Evening,3.0,3.0,0.0,,no,2836.0,84.89355254518645,4.315289642646586,no
158258.0,29.0,admin.,single,secondary,yes,no,call,25.0,nov,morning,1.0,1.0,1.0,failure,no,265.0,112.80051119610836,5.278257810401387,yes
120432.0,42.0,blue-collar,married,primary,yes,no,,20.0,may,Night ,2.0,2.0,0.0,,no,1059.0,95.0746236423045,3.841370848808692,no
151487.0,46.0,technician,married,secondary,yes,yes,SMS,7.0,may,Morning,4.0,4.0,1.0,other,no,-408.0,95.2502025345975,5.460633430953701,no
130554.0,36.0,management,single,tertiary,yes,no,call,15.0,jul,eve,2.0,2.0,0.0,,no,112.0,100.36161518430082,7.544807190235157,no
122962.0,26.0,blue-collar,married,secondary,yes,no,,28.0,may,Evening,2.0,2.0,0.0,,no,245.0,89.69105822984767,6.996076272539672,no
143573.0,31.0,blue-collar,married,primary,no,no,call,21.0,nov,Night ,3.0,3.0,0.0,,no,1601.0,100.02394279788832,4.69768049495061,no
144809.0,21.0,unemployed,single,secondary,no,no,call,2.0,feb,Night ,1.0,1.0,0.0,,no,1333.0,96.97909219913673,3.2121126834787135,no
153409.0,44.0,services,married,secondary,yes,no,call,13.0,may,Night ,3.0,3.0,0.0,,no,4837.0,103.4718464420634,2.3487604822010795,no
117618.0,29.0,admin.,married,secondary,yes,no,,9.0,may,morning,1.0,1.0,0.0,,no,0.0,89.40382891756454,4.219308448104006,no
149437.0,35.0,blue-collar,single,secondary,yes,no,call,20.0,apr,eve,4.0,4.0,0.0,,no,218.0,97.30947775780143,4.18992912284164,no
140047.0,47.0,technician,married,secondary,no,no,,11.0,nov,Night ,1.0,1.0,0.0,,no,0.0,89.02068319459656,5.640200486805687,no
116357.0,57.0,retired,single,secondary,no,yes,,6.0,may,Afternoon,4.0,4.0,0.0,,no,1640.0,85.52929655716957,4.104268875682755,no
118056.0,37.0,blue-collar,single,secondary,yes,no,,12.0,may,Night ,1.0,1.0,0.0,,no,115.0,108.6208311476709,5.934083809772053,no
149568.0,34.0,management,single,tertiary,yes,no,call,20.0,apr,Night ,4.0,4.0,0.0,,no,151.0,81.71448548843433,0.9829906124898198,no
137924.0,33.0,management,single,tertiary,no,no,call,20.0,aug,Afternoon,5.0,5.0,0.0,,no,12.0,103.142142365571,3.595878043162367,no
141865.0,43.0,management,married,primary,,No,SMS,19.0,nov,Morning,2.0,2.0,2.0,failure,no,8167.0,110.14551721305499,2.709461614907264,no
142332.0,41.0,technician,married,secondary,no,No,call,20.0,nov,Afternoon,2.0,2.0,0.0,,no,1539.0,94.18510614633979,6.190458774955246,no
130501.0,57.0,admin.,married,secondary,no,yes,call,15.0,jul,eve,4.0,4.0,0.0,,no,1275.0,87.23632475479107,3.0478996731465173,no
161059.0,48.0,admin.,married,secondary,no,no,call,10.0,nov,Night ,1.0,1.0,0.0,,no,178.0,94.99241978575604,4.589239731706611,no
133164.0,50.0,admin.,divorced,secondary,no,no,call,28.0,jul,Night ,7.0,7.0,0.0,,no,86.0,85.36150782536168,6.145909224461138,no
131034.0,38.0,technician,married,secondary,no,No,call,17.0,jul,Night,1.0,1.0,0.0,,no,37.0,75.81315753905578,4.976314349823551,no
153287.0,29.0,entrepreneur,married,secondary,yes,yes,call,13.0,may,Evening,2.0,2.0,0.0,,no,714.0,96.4578296228036,5.734317815415785,yes
123320.0,29.0,blue-collar,single,secondary,yes,no,,29.0,may,eve,3.0,3.0,0.0,,no,-125.0,100.24772636789777,4.420876762748904,no
123264.0,56.0,technician,married,primary,yes,no,,29.0,may,Evening,1.0,1.0,0.0,,no,675.0,103.4698558986766,4.313279455435397,no
128376.0,40.0,services,single,secondary,no,yes,,1.0,jul,eve,1.0,1.0,0.0,,no,-27.0,105.84035248285781,5.5717787936166125,no
134552.0,33.0,blue-collar,married,secondary,yes,yes,call,31.0,jul,Evening,43.0,43.0,0.0,,no,0.0,99.83506773989384,5.209881919157975,no
148497.0,33.0,management,single,tertiary,yes,no,call,17.0,apr,Night ,1.0,1.0,0.0,,no,289.0,93.81541554517354,1.7875049986888234,no
145858.0,40.0,self-employed,married,tertiary,no,no,call,4.0,feb,Morning,1.0,1.0,0.0,,no,1498.0,102.24218713191334,6.088535484463316,no
123330.0,58.0,management,married,tertiary,yes,no,,29.0,may,Afternoon,2.0,2.0,0.0,,no,4265.0,103.58130651877575,5.540888599780303,no
159710.0,,blue-collar,married,secondary,no,no,call,27.0,may,Night ,2.0,2.0,0.0,,no,641.0,87.63287470718134,4.3572263450707664,yes
131803.0,30.0,admin.,married,secondary,yes,no,call,22.0,jul,Evening,2.0,2.0,0.0,,no,874.0,110.19184747258035,2.216126169179089,no
117015.0,43.0,technician,married,primary,yes,no,,7.0,may,morning,2.0,2.0,0.0,,no,117.0,92.84294136305407,4.753432605195192,no
129549.0,31.0,blue-collar,married,primary,yes,yes,call,9.0,jul,Night ,2.0,2.0,0.0,,no,498.0,98.45325991316918,4.869860622340804,no
126212.0,51.0,services,married,secondary,no,no,,12.0,jun,morning,1.0,1.0,0.0,,no,209.0,95.767673929943,4.798295393615647,no
125823.0,41.0,unemployed,married,tertiary,no,no,,9.0,jun,eve,3.0,3.0,0.0,,no,1666.0,96.80838242452505,4.207595121419367,no
157531.0,28.0,student,single,tertiary,no,No,call,28.0,sep,Morning,2.0,2.0,7.0,other,no,0.0,95.13469155534959,,yes
142301.0,33.0,blue-collar,married,secondary,yes,no,call,20.0,nov,eve,1.0,1.0,0.0,,no,2254.0,85.39691049924468,4.248292078856914,no
122282.0,25.0,blue-collar,single,secondary,yes,no,,27.0,may,eve,2.0,2.0,0.0,,no,154.0,96.93945014706946,5.616767646214131,no
147567.0,38.0,admin.,married,secondary,no,no,call,7.0,apr,eve,3.0,3.0,0.0,,no,271.0,89.81058903685921,3.5105891885452314,no
140075.0,32.0,management,married,tertiary,no,,,17.0,nov,morning,1.0,1.0,0.0,,no,937.0,95.69029766770787,4.163261993663578,no
146172.0,59.0,retired,divorced,primary,no,no,call,5.0,,Afternoon,1.0,1.0,0.0,,no,7179.0,93.90111694694744,5.593479196962404,no
142545.0,35.0,,divorced,primary,no,no,call,20.0,nov,Night ,5.0,5.0,5.0,failure,no,3888.0,93.6326944882253,4.797172110311957,no
160751.0,55.0,admin.,married,secondary,no,no,call,23.0,sep,Evening,2.0,2.0,3.0,success,no,0.0,107.23151065820517,3.799558949416393,no
157228.0,66.0,admin.,divorced,secondary,no,no,call,28.0,aug,Afternoon,1.0,1.0,0.0,,no,220.0,97.65661165187049,4.04828597055219,no
118170.0,53.0,blue-collar,married,primary,yes,no,,12.0,may,Night,8.0,8.0,0.0,,no,6386.0,89.72240736925707,3.7540667451926018,no
159317.0,57.0,retired,married,,no,no,call,6.0,apr,Night,2.0,2.0,3.0,failure,no,230.0,106.30055779571639,5.878266241947297,yes
132327.0,43.0,admin.,married,secondary,no,no,call,23.0,jul,Night,2.0,2.0,0.0,,no,315.0,122.09015624018127,4.448784362440712,no
157999.0,32.0,technician,single,tertiary,no,no,call,2.0,nov,Afternoon,1.0,1.0,0.0,,no,600.0,96.92877396496836,6.799965767660494,no
144884.0,59.0,retired,married,primary,no,yes,call,2.0,feb,Afternoon,1.0,1.0,1.0,other,no,866.0,85.8693085567386,5.618886337919846,no
159727.0,55.0,unemployed,married,primary,no,no,call,31.0,may,morning,1.0,1.0,0.0,,no,1212.0,93.30917239837652,4.884009811190526,no
146197.0,26.0,student,single,,no,no,call,5.0,feb,Evening,1.0,1.0,0.0,,no,198.0,100.0337398676807,5.473162918438911,no
122426.0,28.0,blue-collar,married,secondary,yes,yes,,27.0,may,morning,2.0,2.0,0.0,,no,100.0,84.49569582206766,3.391453858378039,no
139163.0,40.0,entrepreneur,married,primary,yes,no,call,27.0,aug,eve,6.0,6.0,0.0,,no,324.0,104.77897661527737,5.006123347411094,no
124377.0,49.0,blue-collar,married,secondary,yes,no,,3.0,jun,Morning,5.0,5.0,0.0,,no,-581.0,100.76202595385783,4.048846101777742,no
116668.0,42.0,blue-collar,married,secondary,yes,no,,7.0,may,Morning,3.0,3.0,0.0,,no,166.0,93.3107089896021,6.659648473517098,no
155827.0,35.0,management,married,tertiary,no,no,call,2.0,jun,eve,1.0,1.0,1.0,failure,no,5367.0,110.22522457610519,4.411553668936159,no
121381.0,30.0,technician,married,secondary,yes,no,,23.0,may,Night ,3.0,3.0,0.0,,no,590.0,96.48942421670243,6.29968101987535,no
125186.0,24.0,student,single,primary,no,no,,5.0,jun,morning,26.0,26.0,0.0,,no,0.0,107.68686190998999,3.738837831711616,no
124636.0,30.0,admin.,divorced,secondary,yes,no,,4.0,jun,Morning,15.0,15.0,0.0,,no,377.0,98.96610084430989,5.499327819013056,yes
133703.0,47.0,entrepreneur,divorced,secondary,yes,yes,call,29.0,jul,Morning,4.0,4.0,0.0,,no,2.0,107.88288417981357,5.213245242178097,no
143446.0,32.0,technician,single,,no,,call,21.0,nov,morning,2.0,2.0,0.0,,no,354.0,99.85217255106575,4.668225954409391,no
139567.0,43.0,management,married,tertiary,no,,call,28.0,aug,Morning,5.0,5.0,0.0,,no,370.0,120.58358783839395,5.52390033358259,no
116640.0,37.0,blue-collar,single,secondary,yes,no,,6.0,may,Evening,2.0,2.0,0.0,,no,88.0,84.052858500963,5.765494389882273,no
155408.0,29.0,admin.,married,tertiary,no,no,call,25.0,may,Evening,2.0,2.0,1.0,failure,no,238.0,102.66582203026208,3.034330834559066,yes
135806.0,50.0,blue-collar,married,secondary,no,no,call,,aug,eve,2.0,2.0,0.0,,no,0.0,105.50187987779607,1.7671724198726517,no
127691.0,53.0,services,divorced,secondary,no,no,,20.0,jun,Evening,1.0,1.0,0.0,,no,-223.0,105.71167483721102,3.8811406263528028,no
136245.0,56.0,services,divorced,secondary,no,no,call,11.0,aug,Evening,7.0,7.0,0.0,,no,476.0,97.20214781299929,4.054347667788741,no
126647.0,35.0,self-employed,married,tertiary,no,No,,17.0,jun,Evening,5.0,5.0,0.0,,no,333.0,84.2630344971415,2.8314716696771725,no
144779.0,53.0,unemployed,married,secondary,no,no,email,30.0,,Afternoon,3.0,3.0,0.0,,no,2180.0,83.17562021590757,,no
143685.0,30.0,management,single,tertiary,no,no,call,28.0,jan,Night,1.0,1.0,0.0,,no,1572.0,91.49849581086933,6.281804845092111,no
139879.0,32.0,management,married,tertiary,,no,email,29.0,aug,Night,2.0,2.0,0.0,,no,16.0,99.17535546347173,5.073921738012341,no
126167.0,52.0,management,divorced,tertiary,yes,no,,12.0,jun,Night ,3.0,3.0,0.0,,no,50.0,99.91544920990171,2.5676505478210347,no
155959.0,26.0,student,single,secondary,no,no,call,4.0,jun,Night,1.0,1.0,0.0,,no,132.0,93.70816451432052,2.2076046124613073,yes
146043.0,37.0,technician,married,secondary,yes,no,call,4.0,feb,Night ,2.0,2.0,0.0,,no,277.0,97.31795737516883,5.417572470189522,no
125701.0,42.0,self-employed,married,secondary,no,no,,9.0,jun,Night ,1.0,1.0,0.0,,no,13242.0,108.19784314321696,3.8894578129691624,no
151799.0,39.0,technician,divorced,tertiary,yes,no,call,8.0,may,Night,8.0,8.0,0.0,,no,665.0,112.08994070551537,3.14516431021236,no
147525.0,38.0,technician,single,secondary,yes,No,call,6.0,apr,Night ,2.0,2.0,1.0,failure,no,12926.0,117.91622341203346,3.5753137709245886,no
121069.0,33.0,technician,divorced,secondary,yes,no,,21.0,may,Morning,3.0,3.0,0.0,,no,4369.0,102.9544880231797,4.723631280548382,no
122785.0,34.0,services,married,secondary,yes,no,,28.0,may,Night ,1.0,1.0,0.0,,no,24.0,93.5981647284419,10.576758904661851,no
144066.0,57.0,retired,married,secondary,no,no,call,29.0,jan,morning,1.0,1.0,0.0,,no,427.0,105.51174929517536,5.643042929581165,no
160812.0,58.0,unemployed,married,tertiary,no,no,call,1.0,oct,morning,1.0,1.0,0.0,,no,1333.0,89.83241197175772,7.8539205877949785,no
121547.0,58.0,retired,married,secondary,yes,no,,26.0,may,Afternoon,1.0,1.0,0.0,,no,674.0,107.03510554626959,5.6322640843137135,no
127168.0,57.0,retired,divorced,primary,no,no,,18.0,jun,Night,2.0,2.0,0.0,,no,914.0,82.61201022411882,6.7254289552968105,no
126219.0,39.0,admin.,married,secondary,no,no,,12.0,jun,Morning,1.0,1.0,0.0,,no,1221.0,114.15887372916445,6.136721726005007,no
122081.0,23.0,admin.,single,secondary,yes,no,,27.0,may,morning,2.0,2.0,0.0,,no,345.0,98.65097414970413,4.5173879186574615,no
141309.0,31.0,technician,married,tertiary,no,no,call,18.0,nov,Night ,1.0,1.0,0.0,,no,3564.0,104.94416634311824,6.320715173102277,no
119455.0,36.0,management,married,tertiary,yes,no,,15.0,may,Morning,2.0,2.0,0.0,,no,900.0,91.86304169486235,3.380431012025726,no
143968.0,39.0,technician,married,secondary,yes,No,call,28.0,jan,eve,4.0,4.0,0.0,,no,24.0,96.29230707070809,5.9971446889043545,no
132903.0,43.0,blue-collar,married,secondary,yes,yes,call,25.0,jul,Night,2.0,2.0,0.0,,no,1343.0,85.34039057416636,5.626417675882404,no
155273.0,54.0,technician,married,tertiary,,no,call,22.0,may,Afternoon,1.0,1.0,0.0,,no,1188.0,102.07398945453265,7.566801222715108,no
116625.0,34.0,management,married,tertiary,yes,no,,6.0,may,Night ,3.0,3.0,0.0,,no,105.0,96.94823815712549,5.554110275656397,no
124686.0,24.0,blue-collar,single,secondary,yes,no,,4.0,jun,Evening,1.0,1.0,0.0,,no,476.0,77.4073221511194,4.279351541495746,no
124731.0,43.0,,single,primary,no,no,,4.0,jun,Night,1.0,1.0,0.0,,no,433.0,99.1229742408491,3.135070117214518,no
142653.0,56.0,retired,married,primary,yes,yes,email,20.0,nov,Morning,1.0,1.0,0.0,,no,1448.0,107.9974346423505,3.4155614679748507,no
148567.0,33.0,technician,divorced,secondary,yes,no,call,17.0,apr,eve,1.0,1.0,1.0,failure,no,273.0,98.68510770851287,5.45844956311807,no
140145.0,39.0,admin.,married,secondary,yes,no,call,17.0,nov,eve,1.0,1.0,2.0,failure,no,401.0,115.49963073928149,4.3649353457759705,no
160790.0,24.0,management,single,tertiary,no,no,call,27.0,sep,Night ,1.0,1.0,0.0,,no,393.0,107.48041060498049,2.310209733740405,yes
121868.0,30.0,admin.,married,secondary,yes,yes,,26.0,may,eve,2.0,2.0,0.0,,no,1265.0,86.90893911694556,7.722208126223238,yes
128918.0,30.0,admin.,single,secondary,no,no,call,8.0,jul,eve,1.0,1.0,0.0,,no,312.0,111.21052853593272,2.6231528880127133,no
139690.0,34.0,management,single,tertiary,no,no,call,29.0,aug,Night,6.0,6.0,0.0,,no,-281.0,99.15492420759995,6.4500912614757695,no
148133.0,54.0,blue-collar,married,primary,yes,no,call,16.0,apr,eve,1.0,1.0,0.0,,no,2110.0,93.62202331278796,2.2557820654639604,no
126575.0,46.0,technician,married,secondary,yes,no,,16.0,jun,eve,2.0,2.0,0.0,,no,536.0,93.67653658912144,5.931007094910599,yes
154416.0,57.0,management,married,secondary,yes,no,call,15.0,may,Morning,2.0,2.0,0.0,,no,39.0,104.23614413840642,4.647549285127929,no
117529.0,40.0,blue-collar,divorced,primary,yes,no,,9.0,may,Night ,1.0,1.0,0.0,,no,21.0,110.0704675738291,5.709230488315475,no
139132.0,31.0,technician,single,secondary,no,no,call,27.0,aug,Night,6.0,6.0,0.0,,no,46.0,99.52657070269275,2.8975426689555057,no
124117.0,47.0,technician,married,primary,yes,yes,,2.0,jun,eve,2.0,2.0,0.0,,no,1375.0,108.44560998601065,6.389154034021409,no
143108.0,53.0,management,married,tertiary,yes,yes,call,21.0,nov,eve,2.0,2.0,0.0,,no,3105.0,90.03819808787561,5.6740662593246665,no
140130.0,52.0,management,married,tertiary,yes,yes,call,17.0,nov,Night,1.0,1.0,2.0,other,no,1701.0,103.68389899863978,3.2317485641761983,no
155140.0,45.0,admin.,married,secondary,no,yes,call,18.0,may,eve,9.0,9.0,5.0,failure,no,14.0,99.5186482065714,3.965774690226945,no
116402.0,58.0,retired,married,secondary,yes,no,,6.0,may,Evening,1.0,1.0,0.0,,no,,114.11774730194111,6.37864739713666,no
142880.0,40.0,services,married,secondary,no,no,call,21.0,nov,Evening,2.0,2.0,4.0,other,no,10406.0,107.80976522291483,2.5257617888497186,no
155729.0,41.0,management,married,tertiary,yes,no,call,1.0,jun,morning,1.0,1.0,0.0,,no,10758.0,98.30296006997348,4.500283656870951,no
120656.0,30.0,blue-collar,married,secondary,yes,no,,20.0,may,Evening,1.0,1.0,0.0,,no,1445.0,93.06728056982384,7.6420626863900285,no
139462.0,34.0,management,single,tertiary,no,no,call,28.0,aug,Evening,17.0,17.0,0.0,,no,46.0,87.63138801331586,6.890926347267119,no
131192.0,45.0,management,married,tertiary,yes,no,call,18.0,jul,Night ,3.0,3.0,0.0,,no,-191.0,85.40513668571566,2.960015540158314,no
155512.0,34.0,management,single,tertiary,yes,yes,call,26.0,may,morning,2.0,2.0,1.0,other,no,0.0,108.92864584403372,6.429191854346767,no
159314.0,33.0,self-employed,single,tertiary,yes,yes,call,6.0,apr,morning,1.0,1.0,1.0,failure,no,562.0,125.80672092063364,4.6821760038871165,yes
124263.0,52.0,blue-collar,divorced,primary,yes,yes,,3.0,jun,Night ,1.0,1.0,0.0,,no,196.0,101.9053889867617,3.6696809326413895,no
122751.0,27.0,services,single,secondary,yes,no,,28.0,may,Morning,2.0,2.0,0.0,,no,1636.0,99.18737790091645,4.451765114561307,no
122868.0,51.0,technician,divorced,secondary,yes,no,,28.0,may,morning,2.0,2.0,0.0,,no,0.0,96.89095438538652,3.665188974712593,no
128983.0,39.0,services,single,secondary,no,yes,call,8.0,jul,Afternoon,1.0,1.0,0.0,,no,230.0,93.02268522363069,-0.49996487794367006,no
116760.0,38.0,management,single,tertiary,yes,no,,7.0,,Morning,1.0,1.0,0.0,,no,673.0,114.67751181055306,6.9387612326746435,no
129189.0,27.0,blue-collar,married,secondary,,yes,call,8.0,jul,Afternoon,3.0,3.0,0.0,,no,-59.0,91.80828191888406,3.690980555280729,no
133059.0,35.0,admin.,single,secondary,no,yes,call,28.0,jul,eve,3.0,3.0,0.0,,no,-16.0,87.09026872881223,4.724340330518006,no
143355.0,32.0,self-employed,married,tertiary,no,no,call,21.0,nov,eve,7.0,7.0,0.0,,no,14522.0,102.26203976409936,7.008568629396775,no
130851.0,38.0,services,married,secondary,yes,yes,email,16.0,jul,eve,6.0,6.0,0.0,,no,123.0,96.47269705776799,4.702676819224511,no
116768.0,37.0,,single,,yes,no,,7.0,may,eve,1.0,1.0,0.0,,no,414.0,88.53782144501551,3.8850398726133193,no
126980.0,49.0,housemaid,married,primary,yes,yes,,18.0,jun,Night ,3.0,3.0,0.0,,no,434.0,86.44425740833158,5.76810037140128,no
125642.0,58.0,housemaid,married,primary,no,no,,9.0,jun,eve,1.0,1.0,0.0,,no,258.0,110.83287924262793,6.527428840367643,no
116404.0,55.0,unemployed,divorced,secondary,yes,no,,6.0,may,Night ,1.0,1.0,0.0,,no,387.0,105.43830216642309,5.974203799638912,yes
158031.0,40.0,blue-collar,married,secondary,no,No,call,3.0,nov,morning,2.0,2.0,3.0,failure,no,1508.0,103.84163356978968,4.415813983304497,no
130576.0,39.0,management,divorced,tertiary,yes,no,call,15.0,jul,Afternoon,2.0,2.0,0.0,,no,5009.0,95.71073650411711,5.438980430674846,no
119197.0,53.0,admin.,divorced,secondary,yes,no,,15.0,may,Morning,2.0,2.0,0.0,,no,-394.0,116.99874321220157,5.3591444280389915,no
157822.0,19.0,student,single,secondary,,no,call,22.0,oct,Morning,2.0,2.0,0.0,,no,329.0,91.29554191977174,5.820543817347724,yes
131197.0,52.0,technician,married,secondary,yes,no,call,18.0,jul,Afternoon,2.0,2.0,0.0,,no,2102.0,98.57106654298252,4.5229803517386316,no
137981.0,51.0,management,married,tertiary,no,no,call,21.0,aug,Night,2.0,2.0,0.0,,no,-3.0,103.9325970053239,2.7696104843601144,no
158786.0,63.0,housemaid,married,secondary,no,no,call,4.0,feb,morning,2.0,2.0,1.0,success,no,2.0,120.68001703712861,5.465957202994332,no
153946.0,38.0,self-employed,single,secondary,yes,no,call,14.0,may,Night,2.0,2.0,0.0,,no,677.0,106.91966959677035,4.9137273029580655,no
154701.0,31.0,admin.,divorced,secondary,yes,no,call,18.0,may,Morning,7.0,7.0,9.0,other,no,11.0,93.12081255294538,3.289160338727407,no
144711.0,38.0,management,married,tertiary,yes,no,call,30.0,jan,Morning,1.0,1.0,3.0,other,no,-70.0,90.99731823584032,2.839667548945426,no
158093.0,48.0,unemployed,divorced,secondary,no,no,call,10.0,nov,Afternoon,1.0,1.0,1.0,success,no,201.0,86.96213826289114,4.2642667713491615,yes
143767.0,46.0,management,divorced,tertiary,no,no,call,28.0,jan,Night,1.0,1.0,0.0,,no,194.0,110.74099210962582,5.002220432209114,no
147826.0,32.0,blue-collar,married,secondary,yes,no,call,9.0,apr,eve,5.0,5.0,0.0,,no,759.0,101.57697591846267,6.070827938932885,yes
152776.0,33.0,services,married,secondary,yes,yes,call,12.0,may,Night,2.0,2.0,3.0,failure,no,204.0,87.52927256079708,4.007743538124956,no
139378.0,34.0,management,single,tertiary,no,no,call,28.0,aug,morning,15.0,15.0,0.0,,no,1070.0,123.59467983703404,6.587564699526844,no
125336.0,40.0,management,married,tertiary,no,no,,6.0,jun,eve,1.0,1.0,0.0,,no,406.0,110.2189827402003,-0.8189547860985824,no
122415.0,44.0,blue-collar,married,primary,yes,yes,,27.0,may,morning,9.0,9.0,0.0,,no,1432.0,111.80328348488527,4.762425610793164,no
129122.0,37.0,blue-collar,divorced,secondary,no,yes,call,8.0,jul,Afternoon,2.0,2.0,0.0,,no,277.0,106.34154436252997,3.0844751084745576,no
145146.0,52.0,services,married,secondary,yes,No,call,2.0,feb,Morning,2.0,2.0,0.0,,no,416.0,91.62025491229114,4.841260563076935,no
123485.0,39.0,management,married,secondary,yes,no,,30.0,may,Afternoon,1.0,1.0,0.0,,no,1034.0,115.6847995413537,5.817817842278336,no
121981.0,35.0,unemployed,married,tertiary,no,No,,27.0,may,Morning,5.0,5.0,0.0,,no,226.0,107.95631903175779,5.062966924646654,no
156473.0,57.0,retired,divorced,secondary,no,no,call,23.0,jul,eve,3.0,3.0,0.0,,no,1486.0,111.60238317283952,8.265626157325826,no
140627.0,50.0,technician,married,secondary,yes,yes,call,18.0,nov,morning,2.0,2.0,0.0,,no,0.0,103.93037875639915,3.2033953006989693,no
140742.0,33.0,technician,single,secondary,yes,no,call,18.0,nov,Morning,1.0,1.0,1.0,failure,no,1769.0,96.00783964956065,6.4285253678655145,no
146831.0,29.0,technician,single,secondary,no,no,call,9.0,feb,eve,2.0,2.0,0.0,,no,28.0,89.87603055463987,6.528444770964725,no
116679.0,46.0,management,married,tertiary,no,no,,7.0,may,eve,2.0,2.0,0.0,,no,0.0,96.2490990749214,2.437935258826127,no
150396.0,57.0,retired,divorced,tertiary,yes,No,call,5.0,may,morning,1.0,1.0,0.0,,no,0.0,86.78405876559175,5.87043838923007,no
127703.0,46.0,housemaid,married,primary,yes,no,,20.0,jun,morning,4.0,4.0,0.0,,no,296.0,91.19523204369699,4.432318410243157,no
154851.0,28.0,services,single,secondary,yes,No,call,,may,Evening,1.0,1.0,0.0,,no,290.0,105.42602672681718,4.857962700432678,no
139906.0,49.0,management,married,tertiary,no,no,call,29.0,aug,Morning,6.0,6.0,0.0,,no,0.0,104.22012223671433,6.736146549505376,no
126040.0,40.0,admin.,divorced,secondary,no,no,,11.0,jun,Night,1.0,1.0,0.0,,no,6.0,93.30617389733811,4.57682431306198,no
151475.0,24.0,technician,single,secondary,yes,no,call,7.0,may,Evening,2.0,2.0,0.0,,no,-540.0,76.1069497252457,5.198665621360945,no
139325.0,38.0,technician,married,secondary,no,no,call,28.0,aug,Night,4.0,4.0,0.0,,no,0.0,87.64174017814096,3.9853464128297666,no
151361.0,46.0,blue-collar,married,secondary,,no,call,7.0,may,Night ,3.0,3.0,1.0,failure,no,4646.0,92.83877234350906,4.307594768393076,no
118122.0,35.0,admin.,single,secondary,yes,no,,12.0,may,Night ,3.0,3.0,0.0,,no,855.0,88.29840086107251,6.084292232870752,no
151193.0,25.0,student,single,secondary,yes,no,call,7.0,may,eve,1.0,1.0,0.0,,no,520.0,102.21506551727936,5.011866084759678,no
156125.0,60.0,management,married,secondary,no,no,call,12.0,jun,Night,7.0,7.0,2.0,failure,no,544.0,95.00988671597946,6.015308532846678,yes
131541.0,35.0,technician,divorced,,no,no,call,21.0,jul,Evening,10.0,10.0,0.0,,no,244.0,112.08320500572475,3.642675262637389,no
151470.0,57.0,technician,married,secondary,,yes,call,7.0,may,morning,3.0,3.0,0.0,,no,3071.0,90.82544377859406,6.7431880192854035,no
130892.0,37.0,technician,married,secondary,,no,call,17.0,jul,morning,2.0,2.0,0.0,,no,1142.0,96.18138749367237,4.3309178579374725,no
117528.0,30.0,blue-collar,married,primary,yes,yes,,9.0,may,Night ,1.0,1.0,0.0,,no,265.0,85.46278215625144,8.088305211625752,no
119769.0,32.0,blue-collar,single,secondary,no,no,,16.0,may,Morning,13.0,13.0,0.0,,no,29.0,94.09423046743085,5.0551394021546425,no
156697.0,55.0,technician,divorced,secondary,no,no,call,11.0,aug,Night ,1.0,1.0,0.0,,no,3450.0,88.08189310362182,3.8687302868033457,no
126099.0,41.0,,single,,no,No,,11.0,jun,eve,8.0,8.0,0.0,,no,1259.0,85.07947716731829,4.346440814998969,no
130125.0,59.0,technician,married,secondary,no,No,call,14.0,jul,Night,2.0,2.0,0.0,,no,1139.0,109.95762203813118,5.693027530658546,no
143922.0,55.0,unemployed,married,primary,no,no,email,28.0,jan,Night ,2.0,2.0,0.0,,no,8585.0,99.7759404304439,7.106206095661566,no
142509.0,58.0,retired,married,tertiary,no,no,call,20.0,nov,Night ,2.0,2.0,1.0,failure,no,5087.0,104.67807660426202,5.636698018240498,no
153996.0,39.0,blue-collar,married,secondary,yes,no,SMS,15.0,may,eve,6.0,6.0,2.0,failure,no,164.0,94.55329434352416,4.527552343225633,no
128018.0,44.0,admin.,married,secondary,no,no,,20.0,jun,eve,2.0,2.0,0.0,,no,961.0,99.05244820782947,7.954797168528171,no
152192.0,28.0,entrepreneur,married,tertiary,no,yes,call,11.0,may,Night,2.0,2.0,0.0,,no,4064.0,102.31638262383399,7.228477088319325,no
138475.0,37.0,technician,married,tertiary,no,no,call,22.0,aug,Morning,4.0,4.0,0.0,,no,2043.0,104.82942395781004,6.424729748275228,no
146018.0,48.0,admin.,divorced,secondary,yes,no,call,4.0,feb,morning,2.0,2.0,3.0,other,no,955.0,109.6739933514035,1.2261247085524807,no
120256.0,52.0,services,married,,yes,no,,19.0,may,Morning,3.0,3.0,0.0,,no,337.0,88.32223339743389,6.852844157748734,no
137351.0,58.0,admin.,married,secondary,no,no,call,18.0,aug,Evening,5.0,5.0,0.0,,no,451.0,86.96432029578469,4.5205168210918405,no
123249.0,45.0,blue-collar,married,primary,yes,no,,29.0,may,Night,2.0,2.0,0.0,,no,19.0,114.2634885168336,3.8972247769170147,no
118911.0,43.0,blue-collar,married,secondary,yes,no,,14.0,may,morning,1.0,1.0,0.0,,no,1311.0,84.05416365030021,7.54005616954036,no
122210.0,49.0,technician,married,secondary,yes,yes,,27.0,may,morning,2.0,2.0,0.0,,no,-353.0,112.97455779110913,6.102699756105278,no
126629.0,42.0,management,married,secondary,yes,no,,16.0,jun,Morning,3.0,3.0,0.0,,no,2580.0,79.28011070387677,6.751182403457857,no
157700.0,39.0,housemaid,married,tertiary,no,no,call,14.0,oct,morning,2.0,2.0,0.0,,no,93.0,103.75773244528193,4.281648867675357,no
117952.0,25.0,student,married,tertiary,,no,,12.0,may,Night ,3.0,3.0,0.0,,no,333.0,94.181255492928,5.194528146934974,no
129234.0,34.0,blue-collar,married,primary,no,yes,call,8.0,jul,Morning,3.0,3.0,0.0,,no,567.0,105.24675680781789,3.044666117554232,no
127287.0,41.0,self-employed,single,,yes,no,,19.0,jun,eve,1.0,1.0,0.0,,no,426.0,88.33193892358054,5.506503227389408,no
141827.0,41.0,management,married,tertiary,no,no,call,19.0,nov,eve,1.0,1.0,0.0,,no,217.0,108.99318744719652,3.9837500547673668,no
120815.0,32.0,blue-collar,single,primary,yes,no,,21.0,may,Morning,2.0,2.0,0.0,,no,557.0,100.56678758352174,3.2177386904709024,no
117203.0,35.0,technician,single,secondary,yes,no,,8.0,may,morning,2.0,2.0,0.0,,no,365.0,83.54173114307319,6.463823422363853,no
151667.0,29.0,technician,,secondary,yes,no,call,8.0,may,eve,1.0,1.0,0.0,,no,1599.0,103.63200586683453,7.139340096549297,no
139998.0,59.0,management,divorced,tertiary,yes,no,SMS,29.0,oct,Night ,1.0,1.0,0.0,,,258.0,93.71797897351314,4.661337562731969,yes
117668.0,34.0,management,single,tertiary,yes,no,,9.0,may,Night ,2.0,2.0,0.0,,no,318.0,105.55839011099374,5.161376913376716,no
140220.0,50.0,management,married,tertiary,yes,yes,email,17.0,nov,Night ,3.0,3.0,0.0,,no,4.0,104.44664234851238,0.9060441048367869,no
151734.0,32.0,blue-collar,married,primary,yes,yes,call,8.0,may,Morning,2.0,2.0,4.0,failure,no,0.0,103.816751651496,7.8561276636716295,no
138816.0,34.0,student,single,tertiary,no,no,call,26.0,aug,Night,3.0,3.0,0.0,,no,1322.0,106.05948972680058,8.355101824703201,no
134844.0,52.0,management,married,tertiary,no,no,call,4.0,aug,Night ,1.0,1.0,0.0,,no,809.0,111.03926196542247,6.219742853381686,no
124961.0,37.0,management,single,tertiary,no,no,,5.0,jun,Night ,1.0,1.0,0.0,,no,240.0,87.14122539387847,3.9174017211528347,yes
148487.0,24.0,student,single,secondary,yes,no,call,17.0,apr,morning,1.0,1.0,0.0,,no,372.0,107.02186682769766,6.6675218252455295,no
117743.0,41.0,blue-collar,single,secondary,yes,no,,9.0,may,Morning,2.0,2.0,0.0,,no,184.0,101.32893860936777,7.322451431977182,no
133225.0,27.0,blue-collar,single,secondary,no,yes,call,28.0,jul,morning,5.0,5.0,0.0,,no,103.0,80.36838720722292,5.199354519164802,no
139389.0,32.0,management,single,tertiary,no,no,call,28.0,aug,Night,7.0,7.0,0.0,,no,36.0,78.03803029599453,6.3839005540712375,no
145765.0,43.0,management,married,tertiary,no,no,call,4.0,feb,Night,1.0,1.0,0.0,,no,-194.0,95.11454466508648,6.364024851228995,no
129248.0,56.0,technician,married,secondary,no,yes,call,8.0,jul,Night,1.0,1.0,0.0,,no,61.0,86.86246788654583,5.6512542243211445,no
128665.0,57.0,admin.,married,secondary,no,no,email,7.0,jul,Evening,3.0,3.0,0.0,,no,1143.0,118.46346515461727,3.734819609514143,no
117751.0,36.0,blue-collar,married,secondary,yes,no,,9.0,may,Morning,2.0,2.0,0.0,,no,590.0,86.85664587887008,7.403692511608035,no
158384.0,64.0,housemaid,married,primary,no,no,SMS,14.0,dec,morning,2.0,2.0,1.0,failure,no,67.0,90.64395471587449,5.444284684661666,no
157902.0,34.0,admin.,,tertiary,yes,yes,call,27.0,oct,morning,1.0,1.0,1.0,success,no,18.0,93.32771422646543,6.452269808026138,no
148523.0,36.0,entrepreneur,married,secondary,yes,No,call,17.0,apr,Morning,1.0,1.0,0.0,,no,302.0,76.36812014358827,8.256572414491119,no
125521.0,52.0,housemaid,single,tertiary,no,no,,6.0,jun,Morning,2.0,2.0,0.0,,no,0.0,107.85507890260226,4.296793229209968,no
130077.0,35.0,services,married,tertiary,yes,no,call,11.0,jul,Night ,2.0,2.0,0.0,,no,260.0,97.78149207088585,3.4881773562793135,no
127926.0,58.0,services,married,secondary,no,no,,20.0,jun,Evening,3.0,3.0,0.0,,no,0.0,108.1915401465291,4.434728868199557,no
159593.0,27.0,blue-collar,single,secondary,no,no,call,13.0,may,Night,1.0,1.0,3.0,success,no,535.0,97.58327492879584,3.077068742830119,yes
124501.0,57.0,technician,divorced,secondary,yes,no,,3.0,jun,Night,2.0,2.0,0.0,,no,910.0,96.5194027064999,4.083575795981343,no
136474.0,42.0,self-employed,married,secondary,yes,no,email,12.0,aug,morning,4.0,4.0,0.0,,no,487.0,108.07333204867818,4.448437141464553,no
126605.0,49.0,blue-collar,married,,no,no,,16.0,jun,Night,2.0,2.0,0.0,,no,3096.0,90.04197515864743,4.488584185465157,no
134461.0,49.0,technician,married,secondary,no,no,call,31.0,jul,eve,5.0,5.0,0.0,,no,133.0,102.23591329355024,7.006715431987422,no
126156.0,47.0,management,single,tertiary,no,no,,11.0,jun,Night,3.0,3.0,0.0,,no,0.0,105.75708657603238,1.775918304595518,no
132977.0,56.0,management,married,tertiary,no,no,call,25.0,jul,Afternoon,3.0,3.0,0.0,,no,6475.0,126.02729150484011,8.622210110191443,no
121450.0,35.0,technician,single,tertiary,no,no,,23.0,may,Evening,4.0,4.0,0.0,,no,1529.0,118.24608345653795,3.6083685932327203,no
129660.0,31.0,management,married,tertiary,yes,no,call,10.0,jul,eve,1.0,1.0,0.0,,no,181.0,122.98982632255074,2.7556481025660555,no
158518.0,25.0,technician,single,secondary,no,no,call,12.0,jan,morning,1.0,1.0,0.0,,no,4859.0,86.34212050721645,4.880287803521648,yes
157552.0,35.0,technician,divorced,secondary,yes,no,call,1.0,oct,Evening,1.0,1.0,0.0,,no,2047.0,99.20972928972087,4.6559628771961945,no
121118.0,54.0,blue-collar,divorced,secondary,yes,no,,23.0,may,Night ,3.0,3.0,0.0,,no,462.0,109.77926963628914,3.459114879203489,no
152340.0,28.0,blue-collar,single,secondary,yes,no,call,11.0,may,Morning,2.0,2.0,0.0,,no,4054.0,91.25959070390192,6.890446468360667,no
135301.0,45.0,retired,married,secondary,no,yes,email,6.0,aug,Evening,3.0,3.0,0.0,,no,22.0,91.86413947180246,5.857464910550263,no
156545.0,61.0,management,married,tertiary,no,no,SMS,5.0,aug,Evening,2.0,2.0,0.0,,no,175.0,102.76670197176352,8.007074093941707,yes
145405.0,64.0,retired,married,secondary,no,no,call,3.0,feb,Morning,1.0,1.0,0.0,,no,,105.43963130680633,6.536514749347511,no
152920.0,32.0,management,single,tertiary,yes,yes,call,13.0,may,Evening,1.0,1.0,1.0,failure,no,7444.0,108.82035115018184,4.700270531199252,no
143149.0,35.0,management,married,tertiary,yes,no,call,21.0,nov,Evening,1.0,1.0,2.0,other,no,0.0,81.52683236605293,3.0944743546889635,no
126586.0,37.0,blue-collar,single,secondary,no,no,,16.0,jun,Morning,1.0,1.0,0.0,,no,3764.0,89.32066718643244,6.613629954466678,no
129504.0,49.0,housemaid,married,primary,no,No,SMS,9.0,jul,eve,1.0,1.0,0.0,,,0.0,112.84027796229806,6.571150391416347,no
138080.0,47.0,management,married,tertiary,no,yes,call,21.0,aug,Night ,4.0,4.0,0.0,,no,509.0,91.98640346266961,1.219088878248936,no
150696.0,21.0,services,single,secondary,yes,no,call,6.0,may,Morning,1.0,1.0,0.0,,no,3033.0,98.55050077091836,6.5871927747607355,no
142559.0,37.0,technician,married,secondary,yes,,call,20.0,nov,morning,3.0,3.0,1.0,failure,no,1016.0,131.19567030827216,5.430143326680724,no
131639.0,43.0,admin.,married,secondary,yes,yes,call,21.0,jul,Night,1.0,1.0,0.0,,no,1625.0,91.97775687719529,5.45348788966372,no
143562.0,57.0,services,divorced,secondary,no,no,call,21.0,nov,morning,4.0,4.0,1.0,failure,no,4664.0,99.37708938862755,6.183826541509088,no
159187.0,42.0,admin.,married,secondary,no,No,call,15.0,mar,morning,5.0,5.0,4.0,failure,no,16517.0,109.59154545647434,6.914882795500935,no
121691.0,58.0,technician,divorced,secondary,yes,no,,26.0,may,Night ,2.0,2.0,0.0,,no,0.0,82.20181920399764,5.9550458087714215,no
158693.0,46.0,admin.,married,secondary,yes,no,call,29.0,jan,Night,4.0,4.0,1.0,other,no,179.0,79.86046147171669,5.198717410203734,no
137657.0,44.0,management,married,secondary,no,no,call,19.0,aug,morning,3.0,3.0,0.0,,no,238.0,94.35914032904277,4.975837417583098,no
117168.0,36.0,entrepreneur,married,,yes,no,,8.0,may,Night ,1.0,1.0,0.0,,no,298.0,99.95924852779338,3.141352195468693,no
138854.0,33.0,technician,married,tertiary,yes,no,call,26.0,aug,Night,7.0,7.0,0.0,,no,-370.0,122.11786314256742,5.525861599388812,no
130168.0,33.0,blue-collar,single,secondary,no,no,call,14.0,jul,morning,7.0,7.0,0.0,,no,179.0,82.25796439811833,5.865070295103084,no
137632.0,52.0,technician,married,secondary,no,no,call,19.0,aug,Night,3.0,3.0,0.0,,no,-240.0,100.0049941018079,4.770546252397226,no
132486.0,38.0,management,single,tertiary,no,no,call,24.0,jul,Evening,1.0,1.0,0.0,,no,0.0,110.10422747957666,4.034434643086726,no
117795.0,27.0,self-employed,single,tertiary,yes,no,,9.0,may,Evening,3.0,3.0,0.0,,no,-503.0,89.67242467849185,5.533376300984469,no
124554.0,38.0,blue-collar,married,primary,yes,no,,3.0,jun,morning,2.0,2.0,0.0,,no,635.0,99.26232798087302,4.903712215098974,no
146967.0,42.0,management,divorced,,no,,call,16.0,feb,Afternoon,2.0,2.0,0.0,,no,7702.0,117.98311367924053,2.187370569090921,yes
137900.0,47.0,services,,secondary,no,no,call,20.0,aug,morning,9.0,9.0,0.0,,no,1717.0,83.82000657777795,5.628019246373923,no
136384.0,47.0,unemployed,married,tertiary,no,no,call,12.0,aug,eve,5.0,5.0,0.0,,no,0.0,88.37930840935132,,no
127374.0,55.0,unemployed,single,primary,no,no,,19.0,jun,Evening,1.0,1.0,0.0,,no,10183.0,98.95352390950123,6.023546146611846,no
140973.0,,blue-collar,married,secondary,yes,no,call,18.0,nov,Morning,1.0,1.0,0.0,,no,5345.0,103.95115799397685,4.240918034353973,no
139734.0,51.0,admin.,married,secondary,no,no,call,29.0,aug,morning,2.0,2.0,0.0,,no,255.0,109.20446630319968,3.9133241246253627,no
140412.0,44.0,unemployed,married,secondary,yes,no,call,17.0,nov,eve,1.0,1.0,2.0,failure,no,0.0,103.3750166776757,4.418712348448305,no
133967.0,37.0,blue-collar,married,primary,no,no,SMS,30.0,jul,Afternoon,8.0,8.0,0.0,,no,11.0,99.14564982512414,4.723175189513874,no
143898.0,47.0,blue-collar,married,primary,no,no,call,28.0,jan,morning,1.0,1.0,0.0,,no,1236.0,113.94139046952051,4.253690244113864,no
143666.0,30.0,management,single,tertiary,no,no,call,28.0,jan,Evening,1.0,1.0,0.0,,no,464.0,97.76916857626662,3.937911327667041,no
133068.0,32.0,services,married,secondary,yes,no,call,28.0,jul,morning,5.0,5.0,0.0,,no,0.0,106.09805832714052,4.358359122819277,no
139522.0,33.0,management,single,tertiary,no,no,call,28.0,aug,Afternoon,17.0,17.0,0.0,,no,0.0,92.15089705676398,5.268573355975905,no
131126.0,53.0,admin.,single,primary,yes,no,call,17.0,jul,morning,6.0,6.0,0.0,,no,0.0,97.64799010832165,8.323628968955125,no
122721.0,39.0,unemployed,single,secondary,yes,no,,28.0,may,Morning,3.0,3.0,0.0,,no,-53.0,98.32757105822209,5.56025780254087,no
159172.0,27.0,management,single,tertiary,yes,no,call,12.0,mar,morning,2.0,2.0,1.0,failure,no,948.0,107.38101694110897,7.379410627728827,no
134938.0,46.0,management,divorced,tertiary,yes,yes,call,5.0,aug,morning,1.0,1.0,0.0,,no,3.0,110.40272153847835,3.8509586810976515,no
159455.0,54.0,admin.,married,,no,no,SMS,27.0,apr,Night,2.0,2.0,2.0,failure,no,140.0,101.96935592688442,4.623955666083121,yes
143798.0,52.0,housemaid,divorced,primary,no,no,call,28.0,jan,eve,1.0,1.0,0.0,,no,337.0,96.4788709648729,5.264740794169382,no
138098.0,31.0,technician,married,secondary,no,no,call,21.0,aug,Afternoon,2.0,2.0,0.0,,no,28.0,104.56528695295302,6.442877566052225,no
125430.0,60.0,housemaid,married,,no,no,,6.0,jun,Afternoon,2.0,2.0,0.0,,no,10285.0,106.83514402526303,2.282761711309114,no
129111.0,47.0,technician,married,secondary,yes,no,call,8.0,jul,Night ,1.0,1.0,0.0,,no,0.0,110.06997234314024,6.165608343607124,no
119856.0,39.0,services,single,secondary,yes,no,,16.0,may,eve,2.0,2.0,0.0,,no,-388.0,90.58473538468442,4.720017848298916,no
120752.0,41.0,technician,married,secondary,yes,no,,21.0,may,Evening,2.0,2.0,0.0,,no,2490.0,92.10374527694992,5.13304419817174,no
134233.0,33.0,self-employed,married,secondary,yes,no,call,31.0,jul,eve,23.0,23.0,0.0,,,0.0,96.67220166872632,4.8359583013283185,no
137815.0,51.0,blue-collar,married,secondary,no,yes,call,20.0,aug,eve,8.0,8.0,0.0,,no,51.0,100.90004296979988,5.606294637667911,no
156766.0,36.0,admin.,married,tertiary,no,no,call,12.0,aug,eve,1.0,1.0,0.0,,no,29.0,90.05155359195125,5.977079771026743,yes
148012.0,41.0,services,,secondary,yes,yes,call,15.0,apr,Evening,1.0,1.0,0.0,,no,1836.0,99.1613116974295,4.143351818752636,no
122535.0,30.0,technician,single,secondary,yes,yes,,28.0,may,Night,2.0,2.0,0.0,,no,1692.0,99.60526047498959,4.282796191451537,no
129715.0,33.0,technician,married,tertiary,yes,no,call,10.0,,eve,1.0,1.0,0.0,,no,1746.0,103.41256070612371,6.1709334232511885,no
142474.0,34.0,management,single,tertiary,no,no,call,20.0,nov,Evening,1.0,1.0,0.0,,no,3035.0,113.3236210499112,5.410330251066415,no
155460.0,45.0,unemployed,married,secondary,no,No,email,26.0,may,eve,5.0,5.0,0.0,,no,1040.0,105.2610176935605,4.626519867531812,no
151710.0,52.0,services,married,secondary,yes,no,call,8.0,may,Evening,1.0,1.0,0.0,,no,774.0,87.5148095619639,4.520751544950564,no
154731.0,32.0,management,married,tertiary,yes,no,email,18.0,may,eve,6.0,6.0,5.0,failure,no,477.0,93.91297509859768,6.151240478150806,no
151358.0,35.0,blue-collar,single,secondary,yes,no,call,7.0,may,Night ,2.0,2.0,1.0,failure,no,142.0,96.20104658121134,4.326911353544025,no
144507.0,44.0,services,married,secondary,no,no,call,29.0,jan,Morning,3.0,3.0,0.0,,no,133.0,98.32008397389478,6.054124775510736,no
153982.0,36.0,services,single,secondary,yes,no,call,15.0,may,Night ,3.0,3.0,2.0,failure,no,568.0,86.97788687736472,2.7080277602516656,no
139284.0,36.0,services,married,secondary,no,no,call,27.0,aug,Morning,3.0,3.0,0.0,,no,84.0,91.86660779462126,5.68570838005504,no
129881.0,44.0,blue-collar,married,primary,no,no,call,10.0,jul,Evening,9.0,9.0,0.0,,no,6.0,118.72305147072221,6.2001789747949925,no
148855.0,29.0,services,single,secondary,yes,no,call,17.0,apr,Night,2.0,2.0,1.0,failure,no,229.0,104.87214032005878,6.272763036175527,no
140544.0,54.0,admin.,married,,no,no,email,17.0,nov,Morning,2.0,2.0,0.0,,no,217.0,94.5149373379141,5.144450387775489,no
145068.0,42.0,blue-collar,married,primary,,no,call,2.0,feb,Evening,2.0,2.0,2.0,other,no,1455.0,99.93775645112011,2.5303357464087486,no
152883.0,54.0,retired,divorced,tertiary,yes,no,email,13.0,may,Night,6.0,6.0,0.0,,no,185.0,100.593410462865,4.6005258285723665,no
131082.0,35.0,services,married,secondary,yes,No,SMS,17.0,jul,Night,3.0,3.0,0.0,,no,-138.0,,4.222554477839049,no
120925.0,32.0,blue-collar,married,secondary,yes,no,,21.0,may,Morning,1.0,1.0,0.0,,no,564.0,90.60466301710787,3.170303007485166,no
125960.0,48.0,technician,married,secondary,yes,no,,11.0,jun,Evening,10.0,10.0,0.0,,no,1637.0,92.34091394746348,5.564181987030006,no
127912.0,39.0,technician,married,secondary,yes,yes,,20.0,jun,eve,3.0,3.0,0.0,,no,2765.0,96.42018327390078,2.583546697370849,no
116925.0,39.0,blue-collar,married,primary,yes,no,,7.0,may,Afternoon,1.0,1.0,0.0,,no,867.0,88.03952251550122,5.041996278301024,no
157628.0,34.0,management,single,tertiary,yes,no,call,8.0,oct,Afternoon,2.0,2.0,0.0,,no,1730.0,78.20729094020821,4.3969819662685,no
138140.0,37.0,management,married,tertiary,no,no,call,21.0,aug,Night ,12.0,12.0,0.0,,no,21.0,110.0711261060786,4.359992698620935,no
154549.0,35.0,self-employed,married,secondary,yes,no,call,15.0,may,eve,2.0,2.0,3.0,failure,no,-56.0,108.8548363133534,1.37440971618945,no
133649.0,40.0,management,divorced,tertiary,no,no,call,29.0,jul,Evening,3.0,3.0,0.0,,no,390.0,95.60355996106797,5.066513535298889,no
136445.0,58.0,management,,tertiary,no,no,call,12.0,aug,Evening,4.0,4.0,0.0,,no,108.0,96.11855949234457,3.6192948371725118,no
156889.0,21.0,management,single,secondary,no,no,call,13.0,aug,Morning,1.0,1.0,2.0,other,no,691.0,95.8708315487953,5.802544129098699,no
127630.0,52.0,housemaid,divorced,primary,no,no,,20.0,jun,Afternoon,1.0,1.0,0.0,,no,1697.0,93.9006417587761,6.081016146636812,no
158848.0,25.0,student,single,secondary,no,no,call,,feb,morning,1.0,1.0,2.0,success,no,125.0,106.31289091524214,4.381690474185494,yes
142439.0,33.0,blue-collar,married,secondary,yes,no,call,20.0,nov,morning,1.0,1.0,0.0,,no,3605.0,115.70019122208144,4.884105599278186,no
132041.0,38.0,admin.,single,secondary,no,no,call,22.0,jul,eve,5.0,5.0,0.0,,no,-327.0,113.55072134294126,5.960717864613235,no
140129.0,32.0,management,married,tertiary,no,no,call,17.0,nov,Night,1.0,1.0,0.0,,no,2516.0,105.03822297942331,5.031323281267249,no
131266.0,51.0,blue-collar,married,secondary,no,yes,call,18.0,jul,eve,1.0,1.0,0.0,,no,145.0,96.21909325748848,5.515617304343135,no
148795.0,30.0,technician,married,secondary,yes,No,call,17.0,apr,morning,2.0,2.0,2.0,failure,no,-280.0,105.32554964370613,5.969046500216788,no
126184.0,,entrepreneur,married,secondary,no,no,,12.0,jun,Morning,1.0,1.0,0.0,,no,2252.0,98.13780630095948,4.85275984621777,no
116134.0,38.0,admin.,married,secondary,no,no,,5.0,may,Night ,1.0,1.0,0.0,,no,0.0,106.78556243409201,4.213945489223149,no
135651.0,44.0,technician,married,secondary,yes,no,call,8.0,aug,Night,2.0,2.0,0.0,,no,326.0,109.80954075863859,3.9419967488810235,no
146274.0,27.0,management,married,tertiary,no,no,email,5.0,feb,Evening,1.0,1.0,0.0,,no,312.0,85.55610369733253,5.16279560467846,no
126424.0,30.0,services,single,tertiary,no,No,,16.0,jun,Evening,2.0,2.0,0.0,,no,44.0,101.75719908096553,1.2671630956217586,no
130913.0,49.0,technician,married,tertiary,no,no,call,17.0,jul,eve,1.0,1.0,0.0,,no,80.0,113.35572771806947,5.578662936444257,no
147746.0,37.0,services,single,secondary,yes,no,call,8.0,apr,morning,2.0,2.0,3.0,failure,no,248.0,99.3749768230764,4.508872530171778,no
134339.0,30.0,services,married,secondary,yes,No,call,,jul,Night,13.0,13.0,0.0,,no,48.0,92.73258677301776,4.945099227041949,yes
145771.0,42.0,admin.,single,secondary,yes,No,call,4.0,feb,morning,1.0,1.0,3.0,failure,no,30.0,100.91259060009934,3.3172683663573155,no
123308.0,55.0,retired,divorced,primary,yes,no,,29.0,may,Evening,2.0,2.0,0.0,,no,53.0,94.96696475626148,0.9361878029362423,no
129501.0,36.0,management,married,tertiary,,yes,email,9.0,jul,eve,1.0,1.0,0.0,,no,6404.0,96.88308624131474,5.5195333615081825,no
139425.0,55.0,housemaid,,primary,no,no,call,,aug,Night ,2.0,2.0,0.0,,no,1233.0,97.4025232859936,6.52003967726419,no
148272.0,42.0,blue-collar,married,,yes,no,call,16.0,apr,morning,2.0,2.0,3.0,other,no,1154.0,93.17165800344577,6.133459762850446,no
141254.0,49.0,self-employed,single,tertiary,no,yes,call,18.0,nov,eve,2.0,2.0,0.0,,no,-341.0,106.17069087146834,5.352692374832018,no
136496.0,60.0,retired,married,tertiary,no,no,call,12.0,,Evening,4.0,4.0,0.0,,no,1141.0,85.39349260650083,7.653465519117954,no
155432.0,30.0,technician,married,tertiary,yes,no,call,26.0,may,morning,1.0,1.0,0.0,,no,1570.0,85.80422731564403,4.181024049620284,no
134078.0,45.0,management,married,tertiary,no,yes,call,30.0,jul,Night ,3.0,3.0,0.0,,no,81.0,101.42702367340738,5.1359847018103455,no
121396.0,34.0,technician,married,,yes,no,,23.0,may,Night ,2.0,2.0,0.0,,no,4053.0,92.80192705800852,4.087207442891994,no
153388.0,33.0,blue-collar,married,primary,yes,no,call,13.0,may,morning,5.0,5.0,0.0,,no,142.0,98.6289066936902,3.297891736802074,no
153025.0,28.0,admin.,divorced,secondary,yes,no,call,13.0,may,Evening,1.0,1.0,1.0,success,no,451.0,98.8750630849692,7.933790047693498,yes
150076.0,37.0,management,single,tertiary,no,no,call,4.0,may,Morning,2.0,2.0,0.0,,no,3141.0,105.80278384562689,3.6328188898220573,yes
118247.0,24.0,admin.,single,secondary,yes,no,,13.0,may,Afternoon,1.0,1.0,0.0,,no,845.0,111.35249239262124,3.5177704805511745,no
146148.0,29.0,blue-collar,divorced,secondary,yes,no,call,5.0,feb,Evening,1.0,1.0,8.0,other,no,302.0,101.69583944900947,4.682203856897901,no
122734.0,50.0,self-employed,divorced,tertiary,yes,no,,28.0,may,Night ,2.0,2.0,0.0,,no,59.0,87.27384904868201,4.02677184776229,no
137488.0,36.0,technician,married,secondary,yes,no,call,19.0,aug,morning,2.0,2.0,0.0,,no,632.0,115.16555029140328,4.735873402397377,no
122782.0,43.0,management,married,secondary,yes,No,,28.0,may,morning,1.0,1.0,0.0,,no,373.0,125.67024544819047,5.393076118894085,no
118513.0,32.0,blue-collar,single,secondary,yes,yes,,13.0,may,Night,3.0,3.0,0.0,,no,1940.0,111.73421589263289,6.353673552825017,no
131309.0,37.0,housemaid,married,secondary,no,yes,call,18.0,jul,Afternoon,1.0,1.0,0.0,,yes,-205.0,98.4745639717238,6.564068685834341,no
128211.0,32.0,admin.,married,secondary,no,yes,,26.0,jun,morning,1.0,1.0,0.0,,no,159.0,94.47750514636685,5.866984000227046,no
124575.0,25.0,management,single,tertiary,yes,no,,3.0,jun,morning,2.0,2.0,0.0,,no,2399.0,91.06311948025464,2.0742534515315727,no
117373.0,30.0,blue-collar,married,secondary,no,no,,8.0,may,Evening,2.0,2.0,0.0,,no,2850.0,88.6734803023274,5.670723563505952,no
139922.0,38.0,self-employed,married,tertiary,no,,call,29.0,aug,eve,3.0,3.0,0.0,,no,0.0,113.83757946467624,1.9788111870739264,no
138419.0,39.0,management,married,tertiary,no,no,call,22.0,aug,Night ,6.0,6.0,0.0,,no,0.0,96.83953315899153,7.3805008067959985,no
139474.0,50.0,blue-collar,married,secondary,,no,call,28.0,aug,Night ,14.0,14.0,0.0,,no,6288.0,106.7398564386378,6.132064559577369,no
119020.0,36.0,admin.,married,secondary,yes,No,,14.0,may,eve,2.0,2.0,0.0,,no,402.0,97.26887031996957,4.17215026976528,no
146206.0,33.0,blue-collar,single,secondary,no,no,call,5.0,feb,Night ,1.0,1.0,0.0,,no,1387.0,95.80186103839111,7.434006971879205,no
139488.0,35.0,technician,divorced,secondary,no,no,call,28.0,aug,morning,28.0,28.0,0.0,,no,89.0,114.03999563036172,7.264110972019974,no
157087.0,50.0,management,married,tertiary,no,no,call,20.0,aug,morning,1.0,1.0,0.0,,no,24.0,105.32081872482384,6.8303746923182995,no
149860.0,35.0,management,married,tertiary,yes,no,call,30.0,apr,eve,1.0,1.0,1.0,failure,no,193.0,92.81951510047361,5.082165911278903,yes
129791.0,57.0,admin.,married,secondary,no,no,SMS,10.0,jul,Night,2.0,2.0,0.0,,no,2.0,83.6814570127148,6.397956535135561,no
148912.0,42.0,blue-collar,married,primary,yes,No,call,17.0,apr,eve,3.0,3.0,0.0,,no,1673.0,105.72566716587194,6.702553247796951,yes
154399.0,31.0,admin.,single,secondary,yes,no,call,15.0,may,eve,1.0,1.0,1.0,failure,no,-1.0,89.40895101651378,7.069365826311119,no
159162.0,58.0,management,married,tertiary,no,no,SMS,11.0,mar,morning,2.0,2.0,1.0,failure,no,1016.0,94.64262263450344,5.414221262963539,no
152639.0,37.0,services,married,secondary,yes,no,call,12.0,may,Night ,3.0,3.0,4.0,failure,no,42.0,118.10442495057731,4.627182726106052,no
141149.0,38.0,admin.,married,tertiary,no,no,call,18.0,nov,Afternoon,2.0,2.0,0.0,,no,605.0,118.20578479067552,6.033260995840182,no
160903.0,59.0,technician,married,secondary,no,no,call,14.0,oct,Night,1.0,1.0,5.0,success,no,1.0,92.17378464013704,6.032104315348646,yes
146320.0,31.0,admin.,single,tertiary,no,no,call,5.0,feb,Night ,1.0,1.0,0.0,,no,541.0,109.24574231805028,5.169713428490094,no
120349.0,34.0,services,married,primary,yes,no,,20.0,may,Evening,1.0,1.0,0.0,,no,1042.0,90.04387088765324,3.747459170943583,no
130866.0,29.0,admin.,single,secondary,no,no,email,16.0,jul,Night,11.0,11.0,0.0,,no,454.0,94.33424612556881,2.9279244287829265,no
156894.0,27.0,admin.,single,secondary,yes,No,call,13.0,aug,Night ,1.0,1.0,2.0,failure,no,4590.0,99.40255487092064,5.020366251460503,no
160836.0,24.0,technician,single,tertiary,no,no,call,7.0,oct,eve,2.0,2.0,0.0,,no,368.0,120.81889827094072,4.700415147898607,no
144976.0,46.0,entrepreneur,married,primary,no,No,call,2.0,feb,Night,1.0,1.0,0.0,,no,0.0,96.00235257970589,4.014653139534979,no
139963.0,28.0,student,single,secondary,no,No,email,22.0,oct,Morning,1.0,1.0,0.0,,no,2351.0,102.09111578591938,1.3061297816319302,yes
119879.0,44.0,blue-collar,married,primary,yes,No,,16.0,may,Afternoon,5.0,5.0,0.0,,no,195.0,114.87773752865951,5.570564682484153,no
142879.0,31.0,blue-collar,single,secondary,no,no,call,21.0,nov,morning,1.0,1.0,0.0,,no,23.0,97.85219603301934,4.673807297094145,no
156409.0,25.0,services,divorced,secondary,no,no,call,7.0,jul,morning,2.0,2.0,0.0,,no,1694.0,93.71416996727869,5.205674788913831,no
140334.0,35.0,management,married,tertiary,yes,no,call,17.0,nov,Night,1.0,1.0,0.0,,no,209.0,115.01606246117774,5.0691310943846535,no
139589.0,44.0,management,married,tertiary,no,no,call,28.0,aug,Morning,1.0,1.0,0.0,,no,0.0,100.98765690233782,4.099717496231052,no
144719.0,51.0,admin.,married,secondary,yes,yes,call,30.0,jan,eve,1.0,1.0,1.0,failure,no,0.0,116.6148109860106,3.453595790711046,no
118551.0,31.0,blue-collar,married,secondary,yes,no,,13.0,may,morning,6.0,6.0,0.0,,no,822.0,100.48162656200962,9.415485664787084,no
157738.0,69.0,retired,married,secondary,no,no,call,16.0,oct,morning,2.0,2.0,0.0,,no,0.0,102.90386592443389,4.788923385924863,no
156413.0,31.0,management,single,secondary,yes,no,call,8.0,jul,Night ,1.0,1.0,1.0,failure,no,202.0,90.25997330102959,6.4356559445205415,yes
131851.0,37.0,admin.,married,secondary,yes,no,call,22.0,jul,eve,1.0,1.0,0.0,,no,0.0,97.43567721123891,5.14636495060447,no
125024.0,32.0,blue-collar,single,secondary,yes,no,,5.0,jun,morning,5.0,5.0,0.0,,no,226.0,94.63820164766044,4.859457702048351,no
145679.0,32.0,unemployed,single,tertiary,no,no,call,4.0,feb,morning,1.0,1.0,0.0,,no,1974.0,112.91765726971128,5.480691265425325,no
126341.0,39.0,services,married,secondary,no,no,,12.0,jun,morning,2.0,2.0,0.0,,no,150.0,105.01444183993172,2.7282199296123433,no
121774.0,34.0,technician,divorced,secondary,yes,no,,26.0,may,morning,3.0,3.0,0.0,,no,27.0,79.24023556764713,3.497752345672054,no
131458.0,25.0,blue-collar,single,primary,no,no,call,21.0,jul,morning,3.0,3.0,0.0,,no,15.0,105.23328369267978,,no
121726.0,47.0,technician,divorced,secondary,yes,no,,26.0,may,Evening,1.0,1.0,0.0,,no,1573.0,102.40258884042989,5.379499997710438,no
140310.0,46.0,technician,married,secondary,yes,no,call,17.0,nov,Night,1.0,1.0,0.0,,no,0.0,100.27553509215808,7.262789677368689,no
126588.0,53.0,services,single,secondary,yes,No,,16.0,jun,Night,4.0,4.0,0.0,,no,725.0,104.79276788751291,4.944268794987368,no
118775.0,,blue-collar,married,primary,yes,yes,,14.0,may,Night,1.0,1.0,0.0,,no,2.0,112.82553920267193,4.432942061083152,no
133537.0,47.0,blue-collar,married,secondary,yes,No,call,29.0,jul,eve,3.0,3.0,0.0,,no,310.0,82.61964672098563,4.363806182429655,no
153421.0,42.0,services,divorced,secondary,no,no,call,13.0,may,eve,5.0,5.0,6.0,failure,no,83.0,83.6393279060348,4.40515504101009,no
129620.0,52.0,entrepreneur,married,primary,no,yes,call,10.0,jul,morning,1.0,1.0,0.0,,no,-104.0,94.46783084097056,5.570182322118826,no
138608.0,30.0,technician,single,secondary,no,no,call,25.0,aug,Evening,4.0,4.0,0.0,,no,175.0,110.22497471909622,4.3772213095221355,no
150042.0,61.0,retired,divorced,secondary,no,no,call,30.0,apr,Evening,3.0,3.0,0.0,,no,927.0,109.52640742055813,2.7798542707271614,yes
121954.0,30.0,blue-collar,single,secondary,yes,no,,26.0,may,eve,5.0,5.0,0.0,,no,3532.0,90.61223895906559,6.119839544445499,no
158393.0,43.0,unemployed,married,secondary,no,no,call,16.0,dec,Night,1.0,1.0,2.0,failure,no,775.0,,5.130404853276131,no
146654.0,35.0,blue-collar,single,secondary,yes,no,call,6.0,feb,eve,2.0,2.0,0.0,,no,2158.0,101.62063691911287,6.750187677542403,no
154018.0,42.0,blue-collar,married,secondary,yes,no,call,15.0,may,Evening,4.0,4.0,2.0,failure,no,680.0,103.3257773853043,5.5849977938767745,no
138604.0,33.0,management,single,tertiary,no,yes,call,25.0,aug,Night,6.0,6.0,0.0,,no,-2.0,110.21887995526433,6.403562520821888,no
145070.0,39.0,management,single,tertiary,yes,No,call,2.0,feb,eve,2.0,2.0,2.0,failure,no,-145.0,94.37175528138945,6.011582091493261,no
152890.0,38.0,technician,single,tertiary,yes,no,call,13.0,may,morning,7.0,7.0,4.0,failure,no,876.0,79.49825201184848,4.214719077352766,no
123163.0,35.0,technician,married,secondary,yes,no,,29.0,may,Evening,2.0,2.0,0.0,,no,295.0,94.27640246403013,,no
159960.0,32.0,self-employed,single,tertiary,yes,no,call,2.0,jul,Evening,1.0,1.0,0.0,,no,4024.0,78.76642155624153,5.6328786274637075,no
152887.0,50.0,housemaid,married,secondary,yes,no,email,13.0,may,Morning,5.0,5.0,0.0,,no,3016.0,96.9715371003715,1.9148186795545623,no
150291.0,28.0,blue-collar,single,secondary,yes,yes,call,5.0,may,Night ,2.0,2.0,0.0,,no,4229.0,100.77122399731977,5.034383426522344,no
143179.0,35.0,technician,single,secondary,no,no,call,21.0,nov,Night ,1.0,1.0,0.0,,no,391.0,89.20293143767972,8.685622307387352,no
131749.0,55.0,blue-collar,divorced,,yes,no,call,21.0,jul,morning,3.0,3.0,0.0,,no,103.0,111.31987141931064,6.450947691739808,no
139363.0,34.0,self-employed,married,tertiary,no,no,call,28.0,aug,morning,11.0,11.0,0.0,,no,0.0,112.37446820838193,5.44762468566269,yes
135002.0,53.0,technician,married,secondary,no,no,call,5.0,aug,Evening,1.0,1.0,0.0,,no,879.0,96.81582474842335,6.1652499673034065,no
153462.0,49.0,services,married,tertiary,no,no,SMS,14.0,may,eve,6.0,6.0,0.0,,no,411.0,113.29541504901385,4.157240107884973,no
121156.0,35.0,blue-collar,single,primary,yes,no,,23.0,may,eve,1.0,1.0,0.0,,no,90.0,105.35837006446062,4.746562061298411,no
133988.0,53.0,technician,married,secondary,yes,yes,call,30.0,jul,Night ,9.0,9.0,0.0,,no,6671.0,93.11962397919673,4.390734075490727,no
128639.0,47.0,,divorced,primary,no,no,call,7.0,jul,Evening,1.0,1.0,0.0,,no,0.0,107.94591618489369,4.109535351459279,no
117734.0,31.0,blue-collar,married,secondary,yes,yes,,9.0,may,Evening,1.0,1.0,0.0,,no,1329.0,116.87792719973345,6.718082929069812,no
134496.0,41.0,admin.,divorced,tertiary,yes,no,call,31.0,jul,Night,13.0,13.0,0.0,,no,861.0,92.32351159788334,3.7953718531143528,no
134827.0,52.0,blue-collar,married,primary,no,no,call,4.0,aug,Night,1.0,1.0,0.0,,no,1054.0,99.75538475857024,4.600096902896737,no
158439.0,30.0,blue-collar,married,primary,no,no,call,23.0,dec,Morning,1.0,1.0,1.0,success,no,5.0,86.40425347650822,6.1246811900024,yes
153766.0,30.0,services,married,secondary,yes,no,call,14.0,may,morning,1.0,1.0,0.0,,no,1222.0,101.99888173238361,3.833950679226612,no
128648.0,27.0,services,single,secondary,no,yes,call,7.0,jul,morning,1.0,1.0,0.0,,no,266.0,81.06172214745537,1.0691060937171146,no
158091.0,52.0,unemployed,married,secondary,no,no,call,10.0,nov,Night,3.0,3.0,10.0,failure,no,94.0,84.5410220329595,3.88619471843666,yes
156803.0,57.0,management,married,secondary,no,No,call,12.0,aug,Morning,1.0,1.0,0.0,,no,7633.0,102.87505963544287,5.953511339544224,no
155042.0,32.0,blue-collar,married,secondary,yes,no,call,18.0,may,Night ,2.0,2.0,0.0,,no,-39.0,99.02212342677382,3.9604954081612647,no
119690.0,45.0,blue-collar,married,secondary,yes,no,,16.0,may,Evening,4.0,4.0,0.0,,no,-1400.0,114.43612227033809,5.514459283504716,no
131154.0,34.0,services,married,secondary,yes,no,call,17.0,jul,Afternoon,3.0,3.0,0.0,,no,0.0,116.18889065604085,4.032855527555801,no
144288.0,33.0,management,single,tertiary,no,no,call,29.0,jan,Afternoon,1.0,1.0,0.0,,no,1590.0,98.98234375543365,2.3678034603902427,no
158734.0,53.0,admin.,single,secondary,yes,no,call,3.0,feb,eve,1.0,1.0,1.0,success,no,2398.0,121.34143824212828,5.08013951520723,no
122559.0,27.0,admin.,single,secondary,yes,no,,28.0,may,Night ,1.0,1.0,0.0,,no,110.0,99.09907124806266,6.467047192577136,no
124647.0,29.0,services,single,secondary,yes,No,,4.0,jun,Evening,1.0,1.0,0.0,,no,-271.0,95.82216369396362,4.43128443647283,yes
124392.0,32.0,management,divorced,secondary,yes,no,,3.0,jun,eve,2.0,2.0,0.0,,no,-107.0,98.39013884895024,3.9196584331530415,no
132417.0,30.0,self-employed,married,,no,no,call,23.0,jul,Night ,2.0,2.0,0.0,,no,1712.0,105.11296167525836,4.9602407523535454,no
136770.0,34.0,technician,single,secondary,no,no,call,13.0,aug,Night ,1.0,1.0,0.0,,no,16.0,115.53725066385843,6.149071692256676,yes
156489.0,61.0,blue-collar,married,primary,no,no,email,28.0,jul,Morning,9.0,9.0,0.0,,no,7879.0,89.10567282937322,6.392999746197365,no
120398.0,37.0,blue-collar,married,primary,yes,no,,20.0,may,Night ,1.0,1.0,0.0,,no,2240.0,99.15220507210338,4.247326980448689,no
135631.0,33.0,technician,married,secondary,no,no,call,7.0,aug,Evening,3.0,3.0,0.0,,no,6419.0,100.90408303734253,4.669846160204301,no
126593.0,37.0,admin.,married,tertiary,no,no,,16.0,jun,Night,4.0,4.0,0.0,,no,2741.0,96.992788120166,4.8318366198042755,no
124574.0,32.0,management,single,tertiary,no,no,,3.0,jun,morning,3.0,3.0,0.0,,no,131.0,93.92406118849183,5.735637406426449,no
121876.0,48.0,blue-collar,married,secondary,,yes,,26.0,may,Night,5.0,5.0,0.0,,no,2697.0,97.26596119473827,7.3899656136723335,no
139911.0,53.0,unemployed,married,tertiary,no,no,call,29.0,aug,morning,3.0,3.0,0.0,,no,240.0,77.37798040571873,5.787575721452039,no
127229.0,36.0,blue-collar,married,primary,yes,no,,18.0,jun,Afternoon,3.0,3.0,0.0,,no,946.0,108.49448935364266,3.325650321861364,no
117401.0,32.0,blue-collar,married,secondary,yes,no,,8.0,may,Afternoon,2.0,2.0,0.0,,no,491.0,90.76259105192362,2.877603254865135,no
134521.0,40.0,management,,tertiary,no,no,call,31.0,jul,Night ,5.0,5.0,0.0,,no,0.0,107.11007739905601,5.087557525149093,no
127714.0,28.0,services,married,secondary,yes,no,,20.0,jun,Night ,2.0,2.0,0.0,,,-494.0,81.88330453928418,5.797807840447868,no
148693.0,37.0,admin.,single,tertiary,yes,no,call,17.0,apr,Night ,1.0,1.0,1.0,failure,no,3954.0,105.21939482830392,3.963464782391902,no
160735.0,44.0,management,divorced,tertiary,no,no,call,22.0,sep,Night ,1.0,1.0,6.0,success,no,2367.0,93.09468509304746,4.5137668569903,yes
142891.0,32.0,unemployed,single,secondary,no,no,call,21.0,nov,Night ,3.0,3.0,0.0,,no,2706.0,82.6585677348312,4.996097971630069,no
119555.0,39.0,blue-collar,married,primary,yes,No,,16.0,may,Afternoon,3.0,3.0,0.0,,no,186.0,89.56047482814519,3.843797858457773,no
142763.0,45.0,entrepreneur,married,tertiary,yes,yes,call,20.0,nov,eve,2.0,2.0,0.0,,no,1752.0,89.0101355206944,8.757147399662843,no
137611.0,32.0,technician,married,secondary,no,no,call,19.0,aug,morning,1.0,1.0,0.0,,no,0.0,109.76938058313495,6.009743290679198,no
140235.0,34.0,housemaid,married,tertiary,yes,No,call,17.0,nov,Afternoon,1.0,1.0,3.0,failure,no,1265.0,102.76953378177357,7.35775394415736,no
159698.0,54.0,retired,married,secondary,no,no,call,27.0,may,Night,1.0,1.0,0.0,,no,3538.0,90.42255652369077,5.2733653823547755,yes
144103.0,53.0,retired,married,tertiary,no,no,call,29.0,jan,Night ,1.0,1.0,0.0,,no,1770.0,88.34049446466689,6.451356512348713,no
140353.0,41.0,technician,married,secondary,yes,no,call,17.0,nov,Evening,1.0,1.0,1.0,failure,no,112.0,122.20909072365455,2.280854557201676,no
151541.0,41.0,blue-collar,married,secondary,yes,,call,8.0,may,Morning,1.0,1.0,0.0,,no,2039.0,102.59339750361005,6.781303763219869,yes
136838.0,52.0,technician,divorced,secondary,no,No,call,14.0,aug,Afternoon,5.0,5.0,0.0,,no,-558.0,107.76625998537013,3.5071823943382565,no
148337.0,42.0,admin.,married,secondary,yes,no,call,16.0,apr,Afternoon,4.0,4.0,0.0,,no,12.0,97.5961409257882,3.399242955172674,no
156375.0,33.0,management,single,tertiary,yes,yes,call,7.0,jul,Night ,1.0,1.0,2.0,failure,no,1160.0,95.75954801614608,4.350819047986265,no
141319.0,47.0,admin.,married,secondary,no,yes,call,18.0,nov,Night,5.0,5.0,0.0,,no,79.0,105.61111545418473,,no
132336.0,48.0,technician,single,secondary,no,no,call,23.0,jul,Afternoon,1.0,1.0,0.0,,no,329.0,105.02549248812252,,no
126704.0,57.0,retired,married,primary,no,no,,17.0,jun,Night,1.0,1.0,0.0,,no,7938.0,96.53983170686197,,no
141336.0,48.0,management,married,tertiary,yes,,call,19.0,nov,Afternoon,2.0,2.0,0.0,,no,571.0,104.62566289814916,5.622595830605306,no
143102.0,37.0,technician,married,secondary,yes,yes,call,21.0,nov,eve,1.0,1.0,0.0,,no,77.0,97.5399312257061,4.208553021595966,no
152644.0,47.0,services,married,secondary,yes,no,call,12.0,may,Night ,1.0,1.0,4.0,success,no,367.0,107.6288423883652,7.635503122267225,yes
123841.0,32.0,admin.,divorced,secondary,no,no,,30.0,may,Afternoon,5.0,5.0,0.0,,no,-417.0,84.63921189539595,4.659638286498536,no
121919.0,45.0,blue-collar,married,secondary,yes,no,,26.0,may,Evening,4.0,4.0,0.0,,no,-376.0,93.71809085285031,5.068277811451946,no
159810.0,30.0,admin.,,secondary,no,no,,14.0,jun,morning,1.0,1.0,0.0,,no,166.0,108.56796708983501,6.4474057056941145,no
144775.0,44.0,management,single,tertiary,yes,No,call,30.0,,Night,2.0,2.0,0.0,,no,780.0,79.25323417979969,2.395744420471102,no
127288.0,39.0,services,married,tertiary,no,no,,19.0,jun,Evening,1.0,1.0,0.0,,no,16.0,114.89201671810862,2.888321994284103,no
129161.0,45.0,technician,married,secondary,yes,no,call,8.0,jul,Night ,1.0,1.0,0.0,,no,1477.0,90.05818736200472,2.8765762152809367,no
124165.0,32.0,blue-collar,single,secondary,yes,yes,,2.0,jun,Afternoon,1.0,1.0,0.0,,no,-691.0,104.14891940884237,5.922652865618249,no
142853.0,47.0,technician,married,secondary,no,no,call,21.0,nov,morning,1.0,1.0,1.0,failure,no,0.0,112.72030520668137,3.5508217695194126,yes
150797.0,33.0,admin.,married,secondary,yes,no,call,6.0,may,Afternoon,1.0,1.0,0.0,,no,680.0,98.7243148600685,5.262156396647352,no
131899.0,48.0,housemaid,married,primary,yes,no,call,22.0,jul,Evening,5.0,5.0,0.0,,no,380.0,111.2178102683546,1.6147964704798685,no
138533.0,34.0,management,single,tertiary,no,no,call,22.0,aug,morning,1.0,1.0,0.0,,no,0.0,111.24645250603827,5.0123438150476805,no
158067.0,,self-employed,married,tertiary,no,no,call,9.0,nov,eve,1.0,1.0,2.0,failure,no,10861.0,110.83863392595921,3.4116141461106833,yes
149319.0,35.0,services,married,secondary,no,no,call,20.0,apr,morning,1.0,1.0,0.0,,no,2179.0,101.99354068611466,7.442260518455927,no
143391.0,45.0,management,single,tertiary,no,No,call,21.0,nov,morning,3.0,3.0,0.0,,no,207.0,109.30254934303267,3.521858958546041,no
129406.0,29.0,admin.,divorced,tertiary,no,yes,call,,jul,Morning,3.0,3.0,0.0,,yes,0.0,120.29510524030059,6.972154002515996,yes
156301.0,40.0,management,married,tertiary,no,yes,call,2.0,jul,Morning,1.0,1.0,0.0,,no,-63.0,81.6473036888521,6.030612354380623,no
145376.0,43.0,blue-collar,divorced,primary,no,No,call,3.0,feb,Afternoon,1.0,1.0,0.0,,no,177.0,101.6172269127504,4.768430228922554,no
154357.0,39.0,blue-collar,married,primary,yes,no,call,15.0,may,Evening,1.0,1.0,0.0,,no,2288.0,120.8286057337225,6.817851653928733,no
145083.0,46.0,services,divorced,,no,no,call,2.0,feb,Afternoon,1.0,1.0,0.0,,no,973.0,94.68599835854306,3.5375405737174743,no
128562.0,37.0,blue-collar,married,primary,yes,yes,call,4.0,jul,Evening,2.0,2.0,0.0,,no,380.0,76.56934389979622,3.5168001428306406,no
144968.0,37.0,services,single,secondary,,no,call,2.0,feb,Morning,1.0,1.0,2.0,failure,no,174.0,93.29047228830628,4.548065097723569,no
155103.0,49.0,management,married,tertiary,yes,no,call,18.0,may,Evening,2.0,2.0,0.0,,no,3063.0,91.11303246240033,5.685120484114013,no
119000.0,43.0,blue-collar,married,primary,yes,no,,14.0,may,Afternoon,4.0,4.0,0.0,,no,-101.0,96.42459550665356,5.0724085235665335,no
160032.0,36.0,management,married,tertiary,no,no,call,12.0,jul,Night,2.0,2.0,7.0,failure,no,93.0,94.65768679637482,4.498759009811034,yes
140693.0,58.0,management,married,tertiary,yes,No,SMS,18.0,nov,Morning,3.0,3.0,3.0,other,no,9339.0,120.06232456166728,4.3734659824163495,no
123773.0,27.0,management,single,tertiary,yes,no,,,may,Afternoon,3.0,3.0,0.0,,no,2061.0,,4.543876342065472,no
136605.0,46.0,management,married,tertiary,no,No,call,13.0,aug,eve,2.0,2.0,0.0,,no,3984.0,75.97359860922151,2.79103227518651,no
136312.0,56.0,retired,married,secondary,yes,yes,call,12.0,aug,morning,2.0,2.0,0.0,,no,-113.0,112.78289963403257,6.179686973164116,no
149892.0,53.0,admin.,divorced,secondary,yes,yes,call,30.0,apr,Evening,2.0,2.0,0.0,,no,0.0,106.54457261209724,5.475504681027163,no
147555.0,59.0,services,married,primary,yes,no,SMS,6.0,apr,eve,2.0,2.0,1.0,other,no,1562.0,93.84813080051029,4.391038501192351,no
133080.0,30.0,services,married,primary,,No,call,28.0,jul,Night,3.0,3.0,0.0,,no,997.0,91.48625914246226,3.247489690850599,no
130098.0,25.0,admin.,single,secondary,no,yes,email,11.0,jul,Night,7.0,7.0,0.0,,no,184.0,107.63002293995888,6.6714317115475925,no
150271.0,27.0,management,single,tertiary,no,no,call,4.0,may,Evening,1.0,1.0,0.0,,no,88.0,91.24414580850443,8.816937341479125,no
150707.0,44.0,management,single,tertiary,yes,no,call,6.0,may,Afternoon,1.0,1.0,0.0,,no,3.0,97.68478399570303,5.615695115753218,no
145190.0,53.0,management,married,tertiary,no,no,call,2.0,feb,Morning,3.0,3.0,0.0,,no,1759.0,97.74459923857908,6.406775819688166,no
129987.0,57.0,retired,married,secondary,no,no,call,11.0,jul,Afternoon,2.0,2.0,0.0,,no,8.0,93.97758659077226,6.847903602750934,no
133691.0,28.0,services,married,tertiary,yes,no,call,29.0,jul,Afternoon,5.0,5.0,0.0,,no,599.0,113.08413261612164,3.57045173539095,no
139547.0,35.0,technician,married,tertiary,no,no,call,28.0,aug,morning,19.0,19.0,0.0,,no,75.0,84.43659885086713,4.273576381458275,no
146917.0,36.0,self-employed,married,tertiary,no,no,call,10.0,feb,Morning,7.0,7.0,0.0,,no,2012.0,98.77691433626508,6.096358348609025,no
122485.0,37.0,admin.,single,secondary,yes,no,,28.0,may,Night ,4.0,4.0,0.0,,no,1066.0,112.7045777038413,3.284194139219358,no
130404.0,37.0,technician,married,secondary,yes,yes,call,15.0,jul,morning,3.0,3.0,0.0,,no,0.0,125.73621037298366,4.619171303232087,no
141963.0,34.0,services,married,secondary,yes,no,call,19.0,nov,morning,2.0,2.0,0.0,,no,2048.0,103.16785687339458,7.05595156822382,no
137447.0,52.0,retired,married,secondary,no,yes,call,19.0,aug,Morning,6.0,6.0,0.0,,no,2122.0,97.69478913028172,3.87377935663092,no
152529.0,46.0,admin.,married,secondary,yes,yes,call,12.0,may,Morning,1.0,1.0,0.0,,no,38.0,105.48203931706588,4.566957980605427,no
141564.0,51.0,entrepreneur,married,secondary,yes,no,call,,nov,Night ,1.0,1.0,0.0,,no,5403.0,97.85339034837604,5.6568628463479556,no
122560.0,37.0,technician,single,secondary,yes,no,,28.0,may,eve,1.0,1.0,0.0,,no,779.0,90.34131270372843,5.007531572897552,no
157407.0,71.0,retired,married,tertiary,yes,no,call,9.0,sep,eve,1.0,1.0,0.0,,no,14220.0,100.36425892727719,6.58076237853445,yes
151340.0,31.0,management,single,tertiary,yes,no,call,7.0,may,morning,1.0,1.0,2.0,failure,no,0.0,113.12713289989412,4.574128256116412,no
133186.0,36.0,blue-collar,married,primary,yes,no,call,28.0,jul,eve,4.0,4.0,0.0,,no,656.0,93.14779937487107,6.676250098919242,no
139869.0,48.0,blue-collar,married,secondary,no,no,call,29.0,aug,morning,6.0,6.0,0.0,,no,1903.0,102.4008250251742,4.606002362394774,no
146716.0,47.0,management,married,primary,yes,no,call,9.0,feb,Afternoon,3.0,3.0,0.0,,no,1675.0,91.04657264962754,0.6527804212139765,no
145872.0,39.0,unemployed,married,primary,yes,no,call,4.0,feb,Night ,2.0,2.0,0.0,,no,590.0,103.76652969127106,4.878507579874083,no
158084.0,61.0,retired,married,tertiary,yes,no,call,10.0,nov,morning,1.0,1.0,4.0,success,no,2557.0,110.8321137209386,4.46388390875029,yes
120638.0,50.0,blue-collar,married,primary,yes,yes,,20.0,may,Morning,6.0,6.0,0.0,,no,2610.0,116.11054838954274,5.620698981194831,no
146885.0,32.0,blue-collar,single,tertiary,no,no,call,9.0,feb,morning,3.0,3.0,0.0,,no,358.0,119.63749900395851,6.255120244519931,no
129313.0,57.0,blue-collar,married,secondary,no,yes,call,9.0,jul,eve,1.0,1.0,0.0,,no,0.0,99.12855370279485,5.378190252632713,no
125745.0,36.0,technician,married,secondary,no,no,,9.0,jun,eve,1.0,1.0,0.0,,no,26.0,118.51706826903677,6.105224109935146,no
154322.0,29.0,blue-collar,married,secondary,yes,No,call,15.0,may,Night,3.0,3.0,2.0,failure,no,339.0,107.04980328710883,4.6356838037371855,no
138995.0,31.0,management,single,tertiary,no,no,call,26.0,aug,Night ,6.0,6.0,0.0,,no,0.0,95.53268798935783,7.548080602561462,no
134234.0,55.0,housemaid,divorced,,no,no,SMS,31.0,jul,Night ,2.0,2.0,0.0,,no,603.0,100.76652105354964,4.8640944105503525,no
147802.0,30.0,blue-collar,married,secondary,yes,no,call,9.0,apr,Night ,2.0,2.0,3.0,failure,no,177.0,97.55868570531351,2.1101719800376824,no
139709.0,40.0,management,married,tertiary,no,yes,call,29.0,aug,eve,2.0,2.0,0.0,,no,194.0,105.26617084164404,8.156547992048672,no
136060.0,33.0,management,married,tertiary,no,no,call,11.0,aug,Afternoon,2.0,2.0,0.0,,no,644.0,87.57038627481563,5.0094384281893785,no
128259.0,57.0,retired,married,secondary,no,yes,,27.0,jun,Evening,1.0,1.0,0.0,,no,,80.04244380169314,4.261576923177519,no
129312.0,41.0,management,married,tertiary,no,yes,call,9.0,jul,Night ,1.0,1.0,0.0,,no,0.0,99.2199574180965,4.54008166612001,no
135541.0,31.0,technician,single,secondary,no,no,call,7.0,aug,eve,2.0,2.0,0.0,,no,754.0,107.00452097050272,6.772286067588309,no
141904.0,50.0,management,married,tertiary,no,no,call,19.0,nov,morning,2.0,2.0,0.0,,no,1597.0,78.41595597095628,4.376788678101865,no
147254.0,27.0,student,single,secondary,no,no,call,18.0,mar,morning,2.0,2.0,0.0,,no,672.0,105.57450689897688,3.7409107002817836,no
126927.0,59.0,entrepreneur,divorced,,no,no,,17.0,jun,Night ,2.0,2.0,0.0,,no,0.0,82.67470348572556,2.9134186070262595,no
154408.0,37.0,admin.,single,secondary,yes,No,call,15.0,may,eve,3.0,3.0,0.0,,no,309.0,100.12609256803245,6.498386729994243,no
150516.0,35.0,entrepreneur,married,tertiary,no,no,call,5.0,may,Morning,1.0,1.0,4.0,failure,no,0.0,105.90520935553695,5.247670100970054,no
150002.0,58.0,retired,married,secondary,yes,yes,call,30.0,apr,Night ,2.0,2.0,2.0,failure,no,919.0,119.2108737170278,4.7239654071117485,no
153006.0,55.0,blue-collar,married,primary,yes,no,email,13.0,may,Afternoon,5.0,5.0,3.0,failure,no,-636.0,84.27685788317059,4.61084243411108,no
134745.0,35.0,technician,single,tertiary,no,no,call,4.0,aug,morning,1.0,1.0,0.0,,no,211.0,91.09235168880119,5.169229954428643,no
155164.0,33.0,self-employed,single,secondary,yes,no,call,18.0,may,morning,2.0,2.0,13.0,other,no,136.0,97.58792269252753,4.368117090421204,no
132358.0,41.0,management,divorced,tertiary,no,yes,call,23.0,jul,Night,3.0,3.0,0.0,,no,846.0,88.56511841718972,5.005099044371792,no
129613.0,35.0,blue-collar,married,secondary,no,no,call,10.0,jul,Morning,1.0,1.0,0.0,,no,1330.0,97.72360831696344,6.299462213814847,yes
122043.0,39.0,housemaid,married,primary,yes,no,,27.0,may,eve,1.0,1.0,0.0,,no,-44.0,78.54228469162081,3.372622964704672,no
117300.0,38.0,technician,married,,yes,yes,,8.0,may,Evening,2.0,2.0,0.0,,no,90.0,94.52630518600591,6.647281131087292,no
131793.0,55.0,technician,married,primary,no,no,call,22.0,jul,eve,9.0,9.0,0.0,,no,284.0,116.14312160195762,7.371999433672963,no
138603.0,52.0,management,single,tertiary,no,no,call,,aug,Night,4.0,4.0,0.0,,no,597.0,108.54140837215259,4.4465124491806955,no
133612.0,42.0,entrepreneur,married,tertiary,no,no,call,29.0,jul,morning,10.0,10.0,0.0,,no,859.0,109.21805685105993,5.712897984348673,no
160386.0,40.0,blue-collar,married,secondary,yes,No,call,10.0,aug,Night ,1.0,1.0,0.0,,no,1515.0,101.19910993793921,4.284100795077135,yes
155275.0,55.0,management,married,,yes,no,call,22.0,may,Night ,2.0,2.0,0.0,,no,1504.0,98.65640479422026,6.493333394520062,yes
133572.0,58.0,retired,divorced,secondary,no,no,call,29.0,jul,morning,2.0,2.0,0.0,,no,19.0,110.0373030166687,4.039876989191448,no
140571.0,54.0,technician,married,,no,no,email,17.0,nov,Afternoon,2.0,2.0,0.0,,no,1162.0,112.37814554674975,4.752337768564951,no
138315.0,40.0,self-employed,married,secondary,no,No,call,22.0,aug,Night ,6.0,6.0,0.0,,no,0.0,83.01523302639268,5.659310568730299,no
117122.0,48.0,technician,divorced,secondary,yes,no,,8.0,may,Evening,1.0,1.0,0.0,,no,177.0,102.26646753611594,4.841194757429646,no
160093.0,35.0,services,married,secondary,no,yes,call,16.0,jul,Afternoon,2.0,2.0,3.0,success,no,2918.0,101.92616931790022,5.1930147318862225,yes
119738.0,23.0,services,,secondary,yes,no,,16.0,may,morning,2.0,2.0,0.0,,no,91.0,126.14328395896936,8.608857367316437,no
133085.0,31.0,management,married,tertiary,yes,yes,call,28.0,jul,morning,8.0,8.0,0.0,,no,0.0,113.47242997379507,3.4830755273939227,yes
116347.0,44.0,blue-collar,married,secondary,yes,yes,,6.0,may,Night,1.0,1.0,0.0,,no,274.0,105.20420972016008,3.9305866037845556,no
139206.0,31.0,self-employed,single,tertiary,no,no,call,27.0,aug,Evening,15.0,15.0,0.0,,no,1788.0,93.5255030853615,6.162735417215366,no
121987.0,43.0,admin.,married,secondary,yes,no,,27.0,may,Night ,4.0,4.0,0.0,,no,429.0,81.15243610118043,5.781891396149464,no
116022.0,55.0,management,married,,no,no,,5.0,may,Night,1.0,1.0,0.0,,no,1185.0,112.11834367597896,6.456404214723986,no
129136.0,55.0,unemployed,married,primary,no,yes,call,8.0,jul,eve,1.0,1.0,0.0,,no,1221.0,86.9542563620447,4.834967644146794,no
119532.0,45.0,admin.,married,secondary,yes,no,,15.0,may,eve,3.0,3.0,0.0,,no,805.0,101.39025010128213,4.123579306414771,no
137232.0,54.0,blue-collar,married,primary,no,no,call,18.0,aug,Morning,2.0,2.0,0.0,,no,0.0,102.12732806401775,8.314957909033069,no
130540.0,32.0,management,divorced,tertiary,no,yes,call,15.0,jul,morning,4.0,4.0,0.0,,no,222.0,105.02537900218594,7.456429191832061,yes
135530.0,40.0,technician,married,secondary,no,no,call,7.0,aug,eve,2.0,2.0,0.0,,no,192.0,110.55198496860123,2.5339884679465263,no
152014.0,36.0,blue-collar,married,secondary,no,no,call,11.0,may,Afternoon,2.0,2.0,1.0,failure,no,-461.0,104.41735026692645,5.130092657936349,no
122388.0,37.0,services,married,secondary,yes,no,,27.0,may,Night ,5.0,5.0,0.0,,no,-349.0,110.04126480489515,5.070572741319732,no
143376.0,37.0,services,single,secondary,no,yes,call,21.0,nov,Afternoon,2.0,2.0,4.0,failure,no,105.0,80.63609461209984,4.247440789307534,no
140851.0,47.0,admin.,married,secondary,yes,yes,call,18.0,nov,eve,1.0,1.0,1.0,failure,no,829.0,120.30278966255656,4.732511332193109,no
157623.0,26.0,self-employed,single,tertiary,no,no,call,8.0,oct,Night,1.0,1.0,0.0,,no,993.0,115.16507012868034,5.288479980593565,no
139825.0,39.0,technician,divorced,secondary,no,no,call,29.0,aug,morning,2.0,2.0,0.0,,no,8.0,87.89339887219708,6.282696435011459,no
131506.0,42.0,blue-collar,married,secondary,no,no,call,21.0,jul,Night,4.0,4.0,0.0,,no,156.0,109.10872683861092,3.0839716175677805,no
130433.0,31.0,blue-collar,,secondary,no,yes,call,15.0,jul,morning,4.0,4.0,0.0,,no,-84.0,92.61595823231839,4.4655198567377274,no
136799.0,43.0,technician,married,tertiary,yes,yes,call,13.0,aug,morning,3.0,3.0,0.0,,no,1201.0,96.48030737173875,3.7775574730159702,no
143546.0,59.0,management,married,tertiary,yes,no,call,21.0,,Afternoon,7.0,7.0,0.0,,no,20798.0,87.19865456893518,3.441914333298808,no
146247.0,42.0,services,married,secondary,yes,yes,call,5.0,feb,Night,1.0,1.0,0.0,,no,-91.0,111.51386134865045,5.909139514536321,no
147482.0,37.0,services,married,secondary,yes,no,call,3.0,apr,Morning,2.0,2.0,0.0,,no,749.0,101.98895797718754,6.688487858707406,no
119600.0,31.0,self-employed,single,tertiary,yes,no,,16.0,may,Morning,1.0,1.0,0.0,,no,144.0,93.73187956469285,4.430257116712607,yes
127992.0,26.0,student,single,secondary,yes,no,,20.0,jun,Evening,10.0,10.0,0.0,,no,715.0,93.03848555137631,7.577689750666933,no
142854.0,39.0,admin.,single,secondary,yes,yes,email,21.0,nov,Evening,9.0,9.0,0.0,,no,2263.0,109.88903721682831,3.421073053981258,yes
155059.0,38.0,admin.,single,secondary,yes,no,call,18.0,may,Afternoon,2.0,2.0,3.0,failure,no,1560.0,117.61291044676452,6.718983411564621,no
120805.0,37.0,services,married,secondary,yes,no,,21.0,may,Night ,3.0,3.0,0.0,,yes,-954.0,82.34680821398854,3.409474415077696,no
127547.0,56.0,management,divorced,tertiary,no,No,,20.0,jun,Evening,3.0,3.0,0.0,,yes,-1968.0,90.92968325699391,6.181670637517632,no
138487.0,46.0,housemaid,married,primary,no,No,call,22.0,aug,Night,5.0,5.0,0.0,,no,304.0,105.84392316533835,1.816695875663382,no
154484.0,34.0,unemployed,married,secondary,yes,no,call,15.0,may,eve,3.0,3.0,2.0,other,no,-16.0,108.80089210383638,9.698506755124672,no
143458.0,30.0,blue-collar,single,secondary,no,no,call,21.0,nov,Night ,3.0,3.0,0.0,,no,2380.0,99.26256267475678,2.8003935364885306,no
136465.0,54.0,technician,married,secondary,no,no,call,12.0,aug,morning,4.0,4.0,0.0,,no,658.0,,7.311421284551154,no
126531.0,53.0,blue-collar,married,primary,no,no,,16.0,jun,Night ,2.0,2.0,0.0,,no,4641.0,93.21004620768524,5.760853225029799,no
131101.0,36.0,management,divorced,tertiary,yes,no,call,17.0,jul,Night,2.0,2.0,0.0,,no,210.0,100.13921768073479,3.833420890140685,no
152845.0,42.0,blue-collar,married,primary,yes,no,email,12.0,may,Evening,3.0,3.0,0.0,,no,159.0,98.67643267275282,6.155857071111924,no
144180.0,46.0,admin.,divorced,secondary,yes,No,call,29.0,jan,Afternoon,1.0,1.0,2.0,failure,no,660.0,87.25043500644779,4.933602209114301,no
117566.0,43.0,blue-collar,single,secondary,yes,No,,9.0,may,Afternoon,3.0,3.0,0.0,,no,3.0,112.78054565021986,4.186145071422411,yes
120239.0,44.0,self-employed,single,tertiary,yes,no,,19.0,may,Morning,10.0,10.0,0.0,,no,149.0,102.68224012465421,4.204529813041013,no
121496.0,50.0,entrepreneur,married,tertiary,yes,no,,23.0,may,Night,2.0,2.0,0.0,,,1605.0,102.68520858878036,5.0547412934741365,no
136755.0,41.0,technician,divorced,secondary,,no,call,13.0,aug,eve,6.0,6.0,0.0,,no,258.0,99.36597012940797,5.8253998592263745,no
126520.0,46.0,blue-collar,married,tertiary,yes,no,,16.0,jun,Morning,1.0,1.0,0.0,,no,993.0,105.95009275222685,5.606777196084635,no
120992.0,34.0,blue-collar,single,secondary,yes,yes,,21.0,may,morning,2.0,2.0,0.0,,no,89.0,113.34319780570173,6.654255981437898,no
117537.0,32.0,blue-collar,married,secondary,yes,no,,9.0,may,Afternoon,1.0,1.0,0.0,,no,687.0,100.13092351850483,4.60857233298451,no
148361.0,39.0,blue-collar,married,secondary,yes,no,call,16.0,apr,Night ,1.0,1.0,0.0,,no,180.0,94.17538102410141,5.425908913880055,no
118420.0,53.0,retired,married,secondary,no,no,,13.0,may,Morning,9.0,9.0,0.0,,no,-27.0,91.0918028807964,4.631437491896636,no
125267.0,58.0,,married,tertiary,no,no,,6.0,jun,Evening,1.0,1.0,0.0,,no,4150.0,87.34913101698213,5.437235770586758,no
134314.0,48.0,housemaid,married,secondary,no,no,call,31.0,jul,Morning,2.0,2.0,0.0,,no,1397.0,89.45108289166785,4.847890300994834,no
132949.0,35.0,admin.,married,secondary,no,yes,call,25.0,jul,Night ,1.0,1.0,0.0,,no,786.0,100.70903755464343,7.286071694334135,no
134555.0,39.0,management,single,tertiary,yes,no,call,31.0,jul,Night,20.0,20.0,0.0,,no,572.0,103.3722355097982,5.246753890330234,no
129614.0,29.0,management,married,tertiary,yes,no,call,10.0,jul,Evening,1.0,1.0,0.0,,no,55.0,96.27888572186241,5.161819544400807,no
137255.0,32.0,technician,divorced,tertiary,no,no,call,18.0,aug,Night ,2.0,2.0,0.0,,no,3628.0,,4.086039441310173,no
124100.0,39.0,admin.,single,secondary,yes,no,,2.0,jun,Night,2.0,2.0,0.0,,no,2040.0,99.08535040088357,4.012205270108977,no
124325.0,38.0,technician,single,secondary,yes,No,,3.0,jun,Morning,1.0,1.0,0.0,,no,12926.0,84.37909895646622,3.6718083468359337,no
155996.0,30.0,admin.,married,secondary,yes,no,call,4.0,jun,Morning,2.0,2.0,3.0,other,no,779.0,107.53420876747467,7.870032607697903,no
134529.0,25.0,services,married,secondary,yes,no,call,31.0,jul,Afternoon,28.0,28.0,0.0,,no,0.0,99.12070398862848,3.9887602163596925,no
143492.0,44.0,housemaid,married,primary,no,no,call,21.0,nov,Morning,2.0,2.0,0.0,,no,2388.0,108.34071007549596,6.450636681741681,no
128611.0,38.0,management,married,tertiary,yes,no,call,7.0,jul,Morning,2.0,2.0,0.0,,no,1444.0,110.62101099553422,3.902196606138563,no
159806.0,28.0,unemployed,single,secondary,no,no,call,14.0,jun,Afternoon,1.0,1.0,0.0,,no,304.0,98.12774751881798,7.534705140461744,no
155398.0,37.0,self-employed,married,tertiary,yes,No,call,25.0,may,Night,1.0,1.0,0.0,,no,2211.0,110.57291275437213,3.486122963137368,no
158939.0,23.0,student,single,secondary,no,no,call,15.0,feb,Night,1.0,1.0,1.0,success,no,1234.0,106.2682527435069,5.56016596518602,yes
143892.0,30.0,management,single,tertiary,no,no,call,28.0,jan,Afternoon,1.0,1.0,0.0,,no,140.0,98.32782389844044,5.707293987695268,no
135380.0,31.0,technician,married,secondary,no,no,call,7.0,,Morning,2.0,2.0,0.0,,no,54.0,108.1882553898723,6.019153152120564,no
154645.0,28.0,blue-collar,single,secondary,yes,No,call,18.0,may,morning,2.0,2.0,0.0,,no,171.0,104.94699438753915,6.042372307553448,no
137945.0,59.0,entrepreneur,married,tertiary,no,yes,call,20.0,aug,Night ,7.0,7.0,0.0,,no,-23.0,100.66332629183867,7.383362225622539,no
130948.0,30.0,management,single,tertiary,yes,no,call,17.0,jul,morning,1.0,1.0,0.0,,no,4.0,110.32155447865819,3.896994309082471,no
119933.0,48.0,management,married,,yes,No,,16.0,may,Night,7.0,7.0,0.0,,no,54.0,100.46797943170023,4.69787131939864,no
126280.0,49.0,blue-collar,married,primary,yes,no,,12.0,jun,Afternoon,1.0,1.0,0.0,,no,937.0,102.73628050796381,6.835397946944657,no
136221.0,31.0,blue-collar,married,secondary,yes,yes,call,11.0,aug,morning,7.0,7.0,0.0,,no,-204.0,97.34876322284192,5.150383698098542,no
153200.0,32.0,services,married,secondary,no,no,call,13.0,may,Evening,1.0,1.0,2.0,failure,no,1670.0,111.10424615155166,7.4450738357375945,no
137298.0,39.0,management,married,tertiary,yes,no,call,18.0,aug,Night,8.0,8.0,0.0,,no,2226.0,84.51632541364759,5.149787031210749,no
151324.0,23.0,technician,,,yes,No,call,7.0,may,Night ,3.0,3.0,1.0,other,no,231.0,103.70961552043777,5.7473165698602955,no
116971.0,43.0,technician,married,tertiary,yes,no,,7.0,may,morning,2.0,2.0,0.0,,no,743.0,90.24645226929057,5.240279105408295,no
131110.0,45.0,services,married,secondary,no,yes,call,17.0,jul,morning,3.0,3.0,0.0,,no,307.0,118.12725691219705,6.449145442145374,no
124213.0,48.0,blue-collar,married,primary,yes,no,,2.0,jun,eve,4.0,4.0,0.0,,no,,78.68372652557933,3.5691046719668305,no
149439.0,28.0,technician,married,tertiary,yes,No,call,20.0,apr,eve,2.0,2.0,0.0,,no,161.0,89.86064009964738,4.294295500036176,no
140400.0,54.0,technician,married,secondary,no,yes,call,17.0,nov,Night ,1.0,1.0,1.0,other,no,899.0,103.9756920234204,4.910712063847471,no
158752.0,45.0,admin.,married,secondary,no,no,call,3.0,feb,Morning,1.0,1.0,1.0,success,no,205.0,93.39966345546411,5.257643524465176,yes
156253.0,32.0,entrepreneur,married,primary,no,no,call,22.0,jun,Night,2.0,2.0,0.0,,no,3083.0,98.69935329231438,3.950724843991492,no
134223.0,53.0,entrepreneur,married,,no,no,call,31.0,jul,Evening,2.0,2.0,0.0,,no,28.0,92.16292562070967,5.263667567411234,no
144232.0,27.0,blue-collar,single,primary,no,no,call,29.0,jan,Night,1.0,1.0,0.0,,no,1209.0,102.48374896252922,5.039745062983225,no
129056.0,28.0,blue-collar,single,secondary,no,yes,call,8.0,jul,morning,1.0,1.0,0.0,,no,517.0,67.5294505771474,5.342645948007102,yes
145631.0,30.0,student,single,secondary,no,No,call,4.0,feb,Night ,1.0,1.0,0.0,,no,96.0,100.80732006719157,5.213627004368345,no
134245.0,35.0,technician,married,tertiary,yes,no,call,31.0,jul,Morning,3.0,3.0,,,no,108.0,100.51618627305243,8.309000959807932,no
151078.0,37.0,self-employed,single,tertiary,yes,yes,call,7.0,may,eve,1.0,1.0,0.0,,,2441.0,103.99495773263891,4.992100457715293,no
148806.0,32.0,blue-collar,married,primary,yes,yes,call,17.0,apr,eve,2.0,2.0,20.0,other,no,-56.0,102.81413195418055,5.841431446083662,no
143132.0,35.0,management,married,tertiary,no,no,call,21.0,nov,morning,2.0,2.0,0.0,,no,365.0,108.12561053716207,4.125519739179308,no
158102.0,49.0,management,married,primary,no,no,call,11.0,nov,Evening,2.0,2.0,0.0,,no,3371.0,89.80224931931333,8.458377441061945,yes
142786.0,30.0,admin.,married,secondary,,yes,call,21.0,nov,morning,2.0,2.0,0.0,,no,35.0,93.47441163530883,3.90233365606477,no
118827.0,56.0,blue-collar,married,secondary,yes,no,,14.0,may,Evening,1.0,1.0,0.0,,no,1412.0,106.60547901478675,4.792362926860509,no
156120.0,42.0,services,married,tertiary,no,no,call,12.0,jun,eve,2.0,2.0,0.0,,no,4216.0,85.85752166841029,5.097562162469114,yes
134103.0,39.0,technician,married,tertiary,yes,no,call,30.0,jul,Evening,9.0,9.0,0.0,,no,-1099.0,119.46711367575641,3.085565073189425,no
125306.0,35.0,self-employed,married,secondary,no,no,,6.0,jun,Evening,1.0,1.0,0.0,,no,116.0,88.9605107085302,6.112639626637543,no
120995.0,33.0,blue-collar,married,secondary,yes,no,,21.0,may,Afternoon,3.0,3.0,0.0,,no,263.0,94.03836262168556,4.259260914494737,no
137575.0,50.0,admin.,married,secondary,no,no,call,19.0,aug,eve,2.0,2.0,0.0,,no,-1415.0,109.13737661252009,8.592309096750252,no
145246.0,53.0,blue-collar,divorced,primary,yes,no,call,2.0,feb,Night ,3.0,3.0,1.0,other,no,-1.0,86.18902247599168,4.878687978203069,no
142001.0,56.0,admin.,married,,no,no,SMS,19.0,nov,Morning,2.0,2.0,0.0,,no,1933.0,95.00528496661741,7.340048716192426,no
157918.0,74.0,retired,married,tertiary,no,no,call,28.0,oct,eve,1.0,1.0,0.0,,no,1742.0,111.44929439506664,7.4977284544244895,no
125277.0,56.0,management,married,tertiary,no,no,,6.0,jun,Night,2.0,2.0,0.0,,no,3039.0,84.83898358341646,3.768829688643496,no
141422.0,40.0,management,married,tertiary,yes,no,call,19.0,nov,eve,1.0,1.0,2.0,failure,no,12409.0,79.92412761280318,6.302709465985578,no
131384.0,60.0,technician,married,secondary,no,yes,call,18.0,jul,morning,2.0,2.0,0.0,,no,851.0,99.4567403979011,3.894741510337729,no
143459.0,46.0,management,married,secondary,no,no,call,21.0,nov,morning,2.0,2.0,0.0,,no,149.0,103.46588706754969,3.882089771238244,yes
117359.0,57.0,blue-collar,divorced,primary,yes,no,,8.0,may,eve,1.0,1.0,0.0,,no,-176.0,97.65899586875081,3.638787620843993,no
127197.0,37.0,services,divorced,primary,yes,No,,18.0,jun,eve,2.0,2.0,0.0,,no,0.0,99.79544764052957,4.20773772341352,no
144774.0,27.0,management,single,tertiary,yes,no,call,30.0,jan,eve,4.0,4.0,0.0,,no,0.0,106.533933696596,6.457216662694983,no
126490.0,60.0,management,married,primary,no,no,,16.0,jun,Night ,6.0,6.0,0.0,,no,21292.0,90.46885471924114,6.012080620097557,no
118699.0,44.0,services,single,secondary,yes,no,,14.0,may,Afternoon,1.0,1.0,0.0,,no,0.0,100.49127014780004,6.186424688823699,no
148387.0,53.0,blue-collar,married,primary,yes,no,call,17.0,apr,Night ,1.0,1.0,0.0,,no,1794.0,84.56443648083795,5.772861568709289,no
142435.0,35.0,blue-collar,single,primary,yes,no,call,20.0,nov,Night,1.0,1.0,0.0,,no,258.0,120.58252999443846,,no
154292.0,29.0,blue-collar,single,primary,yes,No,call,15.0,may,morning,1.0,1.0,1.0,failure,no,722.0,87.1197519878599,4.109262948496328,no
140899.0,57.0,blue-collar,married,secondary,yes,no,call,18.0,nov,eve,1.0,1.0,0.0,,no,649.0,113.30549156462115,6.7798747163834285,no
150413.0,29.0,blue-collar,single,secondary,yes,yes,call,5.0,may,Night ,1.0,1.0,0.0,,no,-16.0,91.54800627252533,6.530035655657276,no
147996.0,35.0,admin.,married,secondary,yes,no,call,15.0,apr,morning,2.0,2.0,1.0,failure,no,5250.0,130.57332840654323,6.53215443922432,no
140398.0,42.0,unemployed,married,,yes,no,email,17.0,,Evening,1.0,1.0,10.0,success,no,970.0,94.21897061640068,7.068336279415503,no
121815.0,56.0,retired,married,secondary,yes,no,,26.0,may,Night,2.0,2.0,0.0,,no,74.0,97.89230624021529,6.535364918257563,no
154599.0,47.0,services,married,secondary,no,no,call,15.0,may,Afternoon,2.0,2.0,0.0,,no,223.0,93.06662041238354,4.3937793674825505,no
120428.0,33.0,management,single,primary,yes,no,,20.0,may,Night,1.0,1.0,0.0,,no,4897.0,108.76009334464479,5.408758902776646,no
124399.0,31.0,admin.,single,secondary,yes,no,,3.0,jun,eve,1.0,1.0,0.0,,no,2104.0,91.1739374510087,4.846835088357862,no
157639.0,60.0,admin.,divorced,secondary,no,No,email,12.0,oct,Night,1.0,1.0,1.0,success,no,12039.0,85.80506745004232,7.274834801117457,yes
126340.0,50.0,technician,married,secondary,yes,no,,12.0,jun,Night,2.0,2.0,0.0,,no,1765.0,120.87157430170362,3.0173872496387206,no
127182.0,40.0,technician,married,tertiary,no,no,,18.0,jun,Night ,2.0,2.0,0.0,,no,4396.0,88.6318736200273,4.045083058446329,no
145601.0,26.0,management,single,tertiary,no,no,call,3.0,feb,Afternoon,2.0,2.0,0.0,,no,1837.0,107.8023945847904,4.603676681397643,no
129579.0,38.0,blue-collar,divorced,secondary,yes,yes,,9.0,jul,eve,3.0,3.0,0.0,,no,-2093.0,105.4590672931196,5.679102016333245,no
123940.0,38.0,blue-collar,married,primary,yes,No,,2.0,jun,Night,3.0,3.0,0.0,,no,451.0,104.25325384876136,4.667921536274928,no
132758.0,47.0,management,married,tertiary,no,no,call,25.0,jul,eve,2.0,2.0,0.0,,no,19.0,95.00294491377831,5.402868878125434,no
159018.0,60.0,admin.,married,secondary,no,no,call,24.0,feb,Afternoon,1.0,1.0,4.0,success,no,106.0,97.01557137334545,4.893964521224988,yes
133375.0,25.0,technician,single,secondary,yes,yes,call,28.0,jul,Night,4.0,4.0,0.0,,no,218.0,96.67353664337251,6.876215474733933,no
146173.0,34.0,services,married,secondary,no,no,call,5.0,feb,Night,1.0,1.0,0.0,,no,87.0,109.47585346308958,6.20742222122774,no
127641.0,43.0,management,single,primary,no,no,,20.0,jun,eve,1.0,1.0,0.0,,no,0.0,101.24607894586536,6.38765475183582,no
117055.0,32.0,admin.,single,secondary,yes,yes,,8.0,may,Evening,3.0,3.0,0.0,,no,89.0,89.88681961785197,2.6268497417107737,no
161080.0,29.0,management,single,secondary,yes,no,call,16.0,nov,Night ,1.0,1.0,2.0,success,no,703.0,107.64014818444554,5.440013738592126,yes
157333.0,62.0,housemaid,married,secondary,no,no,call,4.0,sep,Morning,3.0,3.0,0.0,,no,565.0,93.1891741376773,6.012259476895944,no
133150.0,53.0,admin.,married,secondary,no,yes,SMS,28.0,jul,Morning,2.0,2.0,0.0,,no,673.0,97.9338374654165,6.209878807816571,no
143111.0,31.0,blue-collar,married,secondary,,yes,call,21.0,nov,Afternoon,1.0,1.0,4.0,failure,no,3653.0,85.64900820879863,3.7938593627305126,no
137976.0,35.0,management,married,tertiary,no,yes,call,21.0,aug,Morning,2.0,2.0,0.0,,no,109.0,103.54392193188426,5.542073796100114,no
136598.0,52.0,housemaid,married,primary,no,no,call,13.0,aug,Morning,2.0,2.0,0.0,,no,200.0,103.650944946186,4.833072505037422,no
160440.0,31.0,management,married,tertiary,no,no,call,12.0,aug,Afternoon,2.0,2.0,0.0,,no,6980.0,91.97863355177171,4.7222899573187265,no
150360.0,37.0,services,married,secondary,yes,no,call,5.0,may,morning,1.0,1.0,0.0,,no,4430.0,107.31926376579784,4.0111087056583585,no
157627.0,61.0,housemaid,married,tertiary,no,no,call,8.0,oct,morning,3.0,3.0,1.0,failure,no,1389.0,113.33007305447782,4.991756532466455,no
116417.0,43.0,blue-collar,married,secondary,yes,no,,6.0,may,Night ,2.0,2.0,0.0,,no,1335.0,76.17298636709253,4.0359385206593394,no
160874.0,46.0,admin.,married,secondary,,yes,call,11.0,oct,Morning,1.0,1.0,1.0,failure,no,171.0,85.297411227532,2.8287590555786095,no
116757.0,35.0,technician,married,secondary,yes,no,,7.0,may,eve,1.0,1.0,0.0,,no,118.0,102.88613125757,0.8680144863161372,no
146708.0,31.0,admin.,single,secondary,no,no,call,9.0,feb,Night ,2.0,2.0,0.0,,no,476.0,89.48850289413033,6.424318026587217,no
117311.0,32.0,blue-collar,married,secondary,yes,no,,8.0,may,Night,1.0,1.0,0.0,,no,214.0,99.66812329196551,3.404115067810865,no
126739.0,47.0,blue-collar,married,primary,no,no,,17.0,jun,Night ,1.0,1.0,0.0,,no,145.0,110.6418390482998,7.249507000676072,no
153070.0,39.0,management,married,tertiary,yes,no,call,13.0,may,Night ,2.0,2.0,6.0,other,no,141.0,,5.578683161267393,no
151148.0,31.0,blue-collar,single,,yes,no,call,7.0,may,eve,1.0,1.0,0.0,,no,461.0,95.18043678328061,4.722062915868186,no
155806.0,24.0,student,single,secondary,no,no,call,2.0,jun,eve,1.0,1.0,0.0,,no,228.0,,4.959223062069233,no
116776.0,37.0,management,single,tertiary,yes,No,,7.0,may,Evening,1.0,1.0,0.0,,,45.0,,4.477769310598923,no
145087.0,44.0,management,married,secondary,no,no,call,2.0,feb,Night,1.0,1.0,0.0,,no,991.0,79.41735354215925,3.284797552624754,no
135810.0,45.0,management,married,tertiary,yes,no,call,8.0,aug,eve,2.0,2.0,0.0,,no,4877.0,99.78552882092274,5.089290894860807,no
133205.0,43.0,housemaid,married,secondary,no,No,email,28.0,jul,eve,7.0,7.0,0.0,,no,150.0,93.77073321302161,3.368611603748768,no
141154.0,37.0,technician,married,secondary,yes,no,call,18.0,nov,Morning,2.0,2.0,0.0,,no,712.0,98.85848038351035,3.75035523233866,no
131454.0,49.0,retired,married,primary,no,yes,email,21.0,jul,Evening,7.0,7.0,0.0,,no,375.0,99.88169233571529,3.359047477709362,no
118964.0,41.0,blue-collar,married,primary,yes,no,,14.0,may,Evening,2.0,2.0,0.0,,no,348.0,94.3436945402202,4.965700102787402,no
140506.0,43.0,blue-collar,married,secondary,yes,no,call,17.0,,Evening,2.0,2.0,0.0,,no,-210.0,87.94781507001628,6.4380358631951715,no
156701.0,60.0,retired,married,secondary,no,no,call,11.0,aug,Morning,1.0,1.0,0.0,,no,1853.0,108.45270540682921,,yes
138002.0,,management,married,tertiary,no,yes,call,21.0,aug,Evening,2.0,2.0,0.0,,yes,-337.0,97.14113990864679,5.306765317682445,no
136101.0,43.0,technician,divorced,secondary,no,no,call,11.0,aug,Morning,2.0,2.0,0.0,,no,1532.0,116.82930619891695,2.406723788411287,no
143041.0,54.0,technician,married,secondary,no,yes,call,,nov,morning,1.0,1.0,2.0,failure,no,230.0,105.20942674203724,4.96356650228791,no
142605.0,54.0,management,married,tertiary,no,no,call,20.0,nov,Afternoon,3.0,3.0,0.0,,no,1502.0,99.34972877811558,6.742354732580761,no
133479.0,50.0,unemployed,married,secondary,no,no,call,29.0,jul,Morning,4.0,4.0,0.0,,no,1772.0,112.80980166224683,3.144299343362809,no
126753.0,37.0,self-employed,single,tertiary,no,no,,17.0,jun,eve,1.0,1.0,0.0,,no,1116.0,101.1710137043714,3.2986376138809126,no
119278.0,47.0,blue-collar,married,secondary,yes,no,,15.0,may,Afternoon,1.0,1.0,0.0,,no,39.0,102.07197266584211,3.731226299287819,no
156243.0,23.0,student,single,secondary,,no,email,19.0,jun,Night,9.0,9.0,0.0,,no,1021.0,109.9274614882998,3.6787276682231886,no
118410.0,56.0,retired,married,secondary,yes,no,,13.0,may,Morning,1.0,1.0,0.0,,no,296.0,97.1511587487664,4.287962745149873,no
145339.0,54.0,retired,married,primary,no,no,call,3.0,feb,Night ,3.0,3.0,0.0,,no,117.0,98.93847748594153,6.048786486816011,no
148727.0,38.0,blue-collar,single,primary,yes,no,call,17.0,apr,Evening,1.0,1.0,0.0,,no,0.0,104.16920062666172,5.587267364149945,no
136063.0,34.0,management,married,tertiary,,no,call,11.0,aug,Afternoon,4.0,4.0,0.0,,no,5665.0,103.65026143728586,6.358613757991538,no
128020.0,58.0,blue-collar,married,,no,No,,20.0,jun,Night ,3.0,3.0,0.0,,no,703.0,97.05869598924741,3.689031688349673,no
119509.0,32.0,admin.,single,secondary,no,No,,15.0,may,Afternoon,12.0,12.0,0.0,,no,289.0,95.15773790945582,5.960530192072019,no
132954.0,25.0,blue-collar,married,secondary,no,no,call,25.0,jul,Night ,1.0,1.0,0.0,,no,-102.0,101.62309154074714,4.323931890517515,no
155247.0,38.0,technician,married,secondary,yes,no,call,18.0,may,eve,8.0,8.0,3.0,success,no,976.0,101.44020418773381,5.695590026818586,no
122777.0,31.0,admin.,married,,yes,no,,28.0,may,Morning,3.0,3.0,0.0,,yes,-310.0,113.61567694577359,1.5472140446558509,no
152777.0,49.0,services,married,secondary,yes,no,call,,may,Morning,4.0,4.0,0.0,,no,-301.0,107.20676906588751,5.449622795711865,no
123461.0,38.0,management,divorced,tertiary,yes,no,,30.0,may,Afternoon,1.0,1.0,0.0,,no,4425.0,105.668129230105,3.683090864049716,no
121445.0,32.0,technician,married,secondary,yes,no,,23.0,may,morning,3.0,3.0,0.0,,no,1247.0,89.98484627578267,5.223848698401894,no
148142.0,23.0,blue-collar,married,primary,yes,no,call,16.0,apr,Night ,1.0,1.0,0.0,,no,1158.0,119.94530001860574,5.744287719840566,no
140517.0,47.0,management,married,secondary,yes,yes,call,17.0,nov,morning,2.0,2.0,0.0,,no,0.0,99.2846330522742,4.092985510403956,no
153900.0,44.0,technician,married,secondary,yes,no,SMS,14.0,may,Morning,2.0,2.0,0.0,,no,736.0,100.99651124810158,5.754805710885591,no
130322.0,33.0,services,married,primary,yes,yes,call,14.0,jul,morning,2.0,2.0,0.0,,no,908.0,98.04050161010178,5.441254746134136,no
115947.0,38.0,entrepreneur,single,tertiary,no,yes,,5.0,may,Morning,1.0,1.0,0.0,,no,243.0,112.27128459490918,5.85026776299646,no
136562.0,36.0,management,married,tertiary,no,no,call,12.0,aug,morning,3.0,3.0,0.0,,no,0.0,94.67813118735074,3.896550524185156,no
149327.0,43.0,blue-collar,married,primary,yes,No,call,20.0,apr,Night ,1.0,1.0,0.0,,no,1892.0,81.24093403481088,3.419778129133871,no
131029.0,29.0,blue-collar,single,secondary,no,No,call,17.0,jul,morning,1.0,1.0,0.0,,no,-61.0,106.08954822213357,4.725656058569468,no
118232.0,37.0,blue-collar,divorced,secondary,yes,no,,13.0,may,Evening,1.0,1.0,0.0,,no,178.0,87.85955021576942,4.516600718435175,no
149220.0,35.0,blue-collar,,secondary,yes,no,call,20.0,apr,Afternoon,1.0,1.0,0.0,,no,94.0,104.4903095037219,3.7585466582599247,no
157265.0,23.0,student,single,secondary,no,no,call,1.0,sep,Morning,5.0,5.0,3.0,other,no,922.0,101.184478912625,4.873022177480731,no
156109.0,50.0,unemployed,married,secondary,no,no,call,9.0,jun,Night,4.0,4.0,0.0,,no,3357.0,94.69500516563824,3.8460714251677617,yes
140829.0,41.0,management,single,tertiary,yes,no,call,18.0,nov,Afternoon,2.0,2.0,0.0,,no,275.0,69.63211989363192,5.702172551572177,no
158634.0,38.0,blue-collar,single,secondary,no,No,call,27.0,jan,Morning,1.0,1.0,4.0,success,no,0.0,130.9948995142024,3.665330632231073,no
150198.0,56.0,self-employed,married,tertiary,yes,No,SMS,4.0,may,Morning,4.0,4.0,0.0,,no,349.0,106.69728648020595,3.38039870666225,no
155488.0,52.0,technician,married,secondary,yes,No,call,26.0,may,eve,1.0,1.0,2.0,failure,no,195.0,80.3857011563866,7.305994938001209,no
150043.0,32.0,management,single,tertiary,yes,no,call,30.0,apr,morning,3.0,3.0,0.0,,no,0.0,116.60925981546501,7.37653707341879,yes
140703.0,41.0,technician,married,secondary,yes,yes,call,18.0,nov,morning,1.0,1.0,0.0,,no,476.0,101.81141631141463,5.634905011214304,no
156510.0,47.0,technician,married,secondary,yes,no,call,4.0,aug,Afternoon,1.0,1.0,6.0,success,no,1167.0,95.57097896276927,6.120587269156525,yes
129954.0,26.0,admin.,single,primary,yes,yes,call,11.0,jul,Evening,2.0,2.0,0.0,,no,528.0,105.56060761563019,6.331760757652677,no
153164.0,31.0,admin.,married,secondary,yes,no,call,13.0,may,Night,1.0,1.0,0.0,,no,879.0,110.59291240521063,8.075759198902531,yes
129050.0,31.0,self-employed,married,secondary,no,yes,call,8.0,jul,Morning,1.0,1.0,0.0,,no,731.0,109.37375257162034,4.4114353550611,no
139835.0,46.0,management,divorced,tertiary,no,yes,call,29.0,aug,Morning,6.0,6.0,0.0,,no,0.0,101.96323347188024,5.472091127689519,no
121708.0,59.0,retired,divorced,secondary,no,no,,26.0,may,Afternoon,2.0,2.0,0.0,,no,93.0,84.88664315239782,7.878012903658274,no
159462.0,30.0,management,single,tertiary,no,no,call,28.0,apr,Night,2.0,2.0,8.0,success,no,697.0,95.69661431343607,4.339135596971615,yes
136353.0,32.0,management,single,tertiary,no,no,call,12.0,aug,Night,2.0,2.0,0.0,,no,100.0,89.67624650961702,7.529098335313265,no
142735.0,35.0,blue-collar,married,secondary,yes,no,call,,nov,eve,2.0,2.0,0.0,,no,5639.0,84.74484358196803,3.5074845532928256,yes
151649.0,48.0,services,divorced,secondary,,no,call,8.0,may,Morning,1.0,1.0,0.0,,no,62.0,93.74991290944635,5.941370992773045,no
142297.0,31.0,blue-collar,single,secondary,no,no,call,20.0,nov,morning,2.0,2.0,1.0,failure,no,5607.0,84.065545574203,2.2863889652096607,no
137126.0,59.0,self-employed,married,secondary,no,no,call,18.0,aug,eve,4.0,4.0,0.0,,no,0.0,102.38632999123688,5.343331254553826,no
132046.0,50.0,housemaid,divorced,primary,yes,no,call,22.0,jul,Night,4.0,4.0,0.0,,no,94.0,101.01178880638437,3.2495958006688475,no
115994.0,52.0,blue-collar,married,primary,yes,no,,5.0,may,Night,1.0,1.0,0.0,,no,128.0,80.04834486911778,3.700091168873749,no
123119.0,47.0,unemployed,married,secondary,yes,yes,,29.0,may,eve,1.0,1.0,0.0,,no,351.0,102.14625025159984,4.714599992813277,no
132784.0,35.0,technician,single,secondary,yes,yes,call,25.0,jul,Night ,5.0,5.0,0.0,,no,2471.0,93.86083584611914,3.304823479050515,no
125874.0,43.0,services,single,secondary,yes,no,,9.0,jun,Morning,2.0,2.0,0.0,,no,532.0,98.20276620087338,5.111965437058798,no
131820.0,38.0,blue-collar,married,,no,no,call,22.0,jul,Morning,1.0,1.0,0.0,,,0.0,103.26519570014565,5.926992338408191,no
146366.0,33.0,self-employed,married,tertiary,no,no,call,5.0,feb,morning,5.0,5.0,0.0,,no,1099.0,105.23054725671462,5.4521667918192325,no
127125.0,56.0,entrepreneur,married,tertiary,no,no,,18.0,jun,morning,1.0,1.0,0.0,,no,773.0,109.8824003908152,7.888223920356136,no
123389.0,52.0,blue-collar,married,primary,yes,no,,29.0,may,Afternoon,2.0,2.0,0.0,,no,17.0,99.90811930348829,6.822411121771982,no
123326.0,54.0,management,married,tertiary,yes,no,,29.0,may,eve,3.0,3.0,0.0,,no,107.0,106.20997141039838,,no
127407.0,39.0,services,married,secondary,yes,no,,19.0,jun,eve,1.0,1.0,0.0,,no,2843.0,87.09516716470777,6.299346551986721,yes
141344.0,,technician,,tertiary,no,no,call,19.0,nov,Night ,1.0,1.0,0.0,,yes,1200.0,96.23978073922532,5.668120877173143,no
133139.0,28.0,management,single,tertiary,yes,yes,call,28.0,jul,Morning,2.0,2.0,0.0,,no,111.0,99.8260778742906,3.8938228515018936,no
148043.0,33.0,management,married,tertiary,yes,no,call,15.0,apr,Night ,1.0,1.0,0.0,,no,2173.0,109.4736624527345,5.3878424569459,no
152471.0,28.0,admin.,married,secondary,yes,no,call,12.0,may,Afternoon,1.0,1.0,0.0,,no,1119.0,105.65834796859988,5.395062466167684,no
156726.0,55.0,retired,married,tertiary,yes,,call,11.0,aug,,1.0,1.0,1.0,,no,357.0,118.49045115622658,4.997486090669202,no
135585.0,34.0,technician,single,secondary,no,no,call,7.0,aug,morning,3.0,3.0,0.0,,no,0.0,101.00320711205893,4.903299987867273,no
158351.0,80.0,retired,married,primary,no,no,email,9.0,dec,morning,2.0,2.0,0.0,,no,155.0,112.328629630927,5.40129261059885,yes
140329.0,58.0,admin.,married,secondary,no,no,call,17.0,nov,morning,2.0,2.0,0.0,,no,3735.0,91.87468469462426,5.693973989462135,no
157437.0,58.0,housemaid,married,primary,no,no,call,11.0,sep,Morning,1.0,1.0,1.0,failure,no,4605.0,104.39816632415749,4.11993704012157,no
158361.0,69.0,retired,married,secondary,yes,no,call,10.0,dec,Evening,1.0,1.0,0.0,,no,3588.0,96.41433345433389,4.965167975280657,yes
121667.0,28.0,management,single,tertiary,yes,no,,26.0,may,Afternoon,1.0,1.0,0.0,,no,1107.0,112.55087875202749,6.240914288378503,no
155708.0,23.0,services,single,secondary,no,no,call,1.0,jun,Evening,1.0,1.0,0.0,,no,31.0,95.63629883524791,3.217337673301827,yes
129907.0,41.0,blue-collar,married,primary,yes,no,SMS,11.0,jul,morning,1.0,1.0,0.0,,no,372.0,111.63898284915922,4.807062330634091,no
138385.0,46.0,management,married,tertiary,no,no,call,22.0,aug,Night,4.0,4.0,0.0,,no,144.0,100.19644951116697,4.113425890458174,no
139721.0,45.0,technician,divorced,secondary,no,no,call,29.0,aug,eve,3.0,3.0,0.0,,no,54.0,88.0351228191854,5.421051695140653,no
128221.0,43.0,services,divorced,tertiary,no,yes,,26.0,jun,Evening,1.0,1.0,0.0,,no,2279.0,106.30197590467577,4.685160729288226,no
139763.0,59.0,self-employed,married,tertiary,no,no,call,29.0,aug,Night ,2.0,2.0,0.0,,no,1059.0,90.14296423427297,3.900780135817793,no
134283.0,40.0,blue-collar,married,secondary,no,no,call,31.0,jul,morning,2.0,2.0,0.0,,no,4853.0,95.74291784753878,7.139672100699894,no
157078.0,59.0,management,married,tertiary,no,no,call,20.0,aug,Morning,6.0,6.0,1.0,success,no,2239.0,81.58799304704512,2.4863490212318764,yes
149482.0,57.0,admin.,married,secondary,yes,no,call,20.0,apr,morning,4.0,4.0,1.0,failure,no,2087.0,97.8866298027376,2.1458441763654816,no
158156.0,76.0,retired,married,primary,no,no,call,13.0,nov,,1.0,1.0,3.0,success,,3324.0,110.63204322225752,5.96018319808113,yes
125649.0,45.0,retired,divorced,primary,no,no,,9.0,jun,Night ,1.0,1.0,0.0,,no,261.0,88.01230951164823,3.7352754879146906,no
154161.0,43.0,services,married,secondary,yes,yes,call,15.0,may,morning,1.0,1.0,0.0,,no,68.0,103.68174292649556,3.795044317405787,no
151571.0,27.0,management,single,tertiary,yes,no,call,8.0,may,Evening,1.0,1.0,0.0,,no,1137.0,85.6704595907141,4.923818426006016,no
142838.0,55.0,retired,married,primary,no,no,call,21.0,nov,Afternoon,1.0,1.0,0.0,,no,3876.0,121.24137786072781,5.051362563062617,no
140663.0,31.0,admin.,single,secondary,yes,no,call,18.0,nov,Night,1.0,1.0,0.0,,no,19.0,109.49982283271936,5.202699050692899,yes
129996.0,36.0,self-employed,married,secondary,no,no,call,11.0,jul,Afternoon,2.0,2.0,0.0,,no,611.0,110.37372624065603,3.9974137414687654,no
131845.0,40.0,entrepreneur,married,tertiary,yes,no,call,22.0,jul,eve,1.0,1.0,0.0,,no,121.0,104.41138013790051,6.714929642469736,no
130351.0,50.0,technician,married,secondary,yes,yes,call,14.0,jul,Evening,3.0,3.0,0.0,,no,2.0,90.96821783964724,6.376533274386082,no
136168.0,50.0,services,married,secondary,no,No,email,11.0,aug,Evening,10.0,10.0,0.0,,no,1.0,95.99442017629877,5.115173475055884,no
137619.0,48.0,blue-collar,married,primary,no,no,call,19.0,aug,Night ,3.0,3.0,0.0,,no,347.0,90.72297121761534,2.8412429022238364,no
123293.0,36.0,management,single,tertiary,yes,No,,29.0,may,Evening,5.0,5.0,0.0,,no,891.0,102.53454934860038,3.838531782568488,no
120462.0,36.0,blue-collar,married,primary,yes,no,,20.0,may,Evening,1.0,1.0,0.0,,no,8135.0,88.69405227527339,3.8485615416436305,no
152220.0,47.0,technician,married,secondary,yes,no,call,11.0,may,Afternoon,1.0,1.0,2.0,failure,no,1571.0,101.17324570456864,5.258093025328931,no
148516.0,22.0,blue-collar,single,secondary,yes,no,call,17.0,apr,eve,1.0,1.0,1.0,other,no,104.0,100.86951076999505,3.884798999030995,no
129818.0,30.0,services,married,secondary,no,yes,call,10.0,jul,Evening,5.0,5.0,0.0,,no,5.0,107.01542027520495,3.1989237655882823,yes
152690.0,41.0,technician,single,,yes,no,call,12.0,may,Evening,1.0,1.0,2.0,success,no,3652.0,84.34074199476308,9.086376144386335,no
117410.0,42.0,management,single,tertiary,yes,no,,8.0,may,morning,2.0,2.0,0.0,,no,1768.0,107.89914065520438,6.828589146385067,no
154084.0,30.0,services,single,primary,yes,no,call,15.0,may,Night ,1.0,1.0,0.0,,no,79.0,95.89056274606205,5.411077897925521,no
116216.0,31.0,admin.,single,secondary,yes,no,,5.0,may,Afternoon,2.0,2.0,0.0,,no,,98.10669548435412,4.726768917401593,no
156789.0,32.0,services,married,secondary,no,no,call,12.0,aug,Night,3.0,3.0,1.0,failure,no,386.0,92.44499751891867,4.541766977836485,no
136207.0,35.0,technician,married,secondary,yes,no,call,11.0,aug,Evening,10.0,10.0,0.0,,no,289.0,100.11574767475102,4.374874054994206,no
126780.0,35.0,blue-collar,single,secondary,no,no,,17.0,jun,Morning,6.0,6.0,0.0,,no,507.0,96.52177880351125,7.594275290870458,no
160828.0,27.0,technician,single,secondary,no,no,call,6.0,oct,Evening,1.0,1.0,0.0,,no,927.0,97.75161035432835,4.5424796591121055,no
144184.0,58.0,retired,divorced,tertiary,yes,yes,call,29.0,jan,Night ,1.0,1.0,0.0,,no,499.0,111.55702269544439,4.399714893505346,no
132498.0,33.0,services,single,secondary,no,no,call,24.0,jul,Morning,1.0,1.0,0.0,,no,192.0,,4.401363982351162,no
135963.0,50.0,management,single,tertiary,no,no,call,8.0,aug,Morning,4.0,4.0,0.0,,no,592.0,101.76140898736593,5.912559837136982,no
123802.0,55.0,admin.,married,secondary,yes,no,,30.0,may,eve,25.0,25.0,0.0,,no,139.0,84.56741419908865,4.625129697621528,no
151627.0,23.0,blue-collar,single,secondary,yes,no,call,8.0,may,Night,5.0,5.0,2.0,failure,no,0.0,75.63927533262083,5.775394208392173,no
149899.0,33.0,management,married,tertiary,no,no,call,30.0,apr,Evening,2.0,2.0,3.0,failure,no,55.0,104.74769157791616,5.583650730262753,yes
135731.0,47.0,blue-collar,married,secondary,no,,call,8.0,aug,Afternoon,2.0,2.0,0.0,,no,8229.0,105.69363935281393,5.119219776496845,yes
153344.0,57.0,blue-collar,married,secondary,yes,no,call,13.0,may,Night,2.0,2.0,1.0,failure,no,25.0,101.43737112694109,7.108375215990813,no
154023.0,46.0,blue-collar,married,primary,yes,no,SMS,15.0,may,eve,1.0,1.0,0.0,,no,4602.0,105.98644088725034,4.6221547772962275,no
137283.0,46.0,management,married,tertiary,no,no,call,18.0,aug,Evening,2.0,2.0,0.0,,no,3115.0,106.3973806072892,3.6451017735901825,no
128828.0,31.0,management,single,tertiary,yes,no,call,7.0,jul,Evening,33.0,33.0,0.0,,no,1598.0,119.80812029211887,3.650344882471317,no
144117.0,40.0,admin.,single,secondary,yes,No,call,29.0,jan,Afternoon,1.0,1.0,0.0,,no,956.0,102.2145080591346,4.441153828974764,no
151760.0,44.0,admin.,single,secondary,yes,yes,call,8.0,may,Night ,1.0,1.0,0.0,,no,89.0,94.92458240780418,5.357872483507572,no
119961.0,48.0,unemployed,married,tertiary,yes,no,,19.0,may,Afternoon,7.0,7.0,0.0,,no,-471.0,106.73968067373507,5.989255164009286,no
119214.0,53.0,blue-collar,married,,yes,no,,15.0,may,eve,1.0,1.0,0.0,,no,2785.0,105.26543718631615,4.3480088790249996,no
157188.0,60.0,retired,married,tertiary,no,No,call,26.0,aug,eve,1.0,1.0,0.0,,no,108.0,102.29386679623104,4.971622103827787,yes
121850.0,33.0,technician,married,tertiary,yes,no,,26.0,may,morning,4.0,4.0,0.0,,no,480.0,120.95403345081097,7.339854295623357,no
146449.0,,self-employed,married,secondary,no,no,call,5.0,feb,Morning,2.0,2.0,0.0,,yes,2.0,104.6228964024156,7.401845719262559,no
131539.0,32.0,admin.,married,secondary,yes,No,call,21.0,jul,Afternoon,1.0,1.0,0.0,,no,0.0,92.6524854968583,3.3860431183273216,no
123494.0,35.0,admin.,single,tertiary,no,no,,30.0,may,morning,1.0,1.0,0.0,,no,0.0,100.05983639406102,5.3946625717359,no
146539.0,33.0,management,single,tertiary,yes,no,call,6.0,feb,morning,1.0,1.0,0.0,,no,417.0,109.26666958707315,4.251030413749475,no
155422.0,60.0,management,married,tertiary,no,no,call,26.0,may,eve,2.0,2.0,0.0,,no,205.0,103.58319518459004,5.990304574606377,no
141740.0,38.0,blue-collar,divorced,secondary,yes,no,call,19.0,nov,Afternoon,1.0,1.0,0.0,,no,0.0,109.46456915297935,4.575031485860594,no
126305.0,48.0,blue-collar,married,primary,no,no,,12.0,jun,Night,3.0,3.0,0.0,,no,916.0,82.7326346986672,5.854743484229445,no
135005.0,48.0,services,married,secondary,no,no,call,5.0,aug,eve,1.0,1.0,0.0,,no,1573.0,99.3632853136203,6.845562706633643,no
122334.0,38.0,blue-collar,single,secondary,yes,no,,27.0,may,Afternoon,3.0,3.0,0.0,,no,5891.0,106.90411286412623,3.8473382491819397,no
142975.0,49.0,unemployed,married,secondary,no,no,call,21.0,nov,Morning,1.0,1.0,2.0,failure,no,13818.0,102.32887835637894,5.954384385903106,no
160488.0,28.0,services,single,secondary,no,yes,,24.0,aug,morning,1.0,1.0,0.0,,no,2685.0,90.27948903275234,4.7535227451396915,no
136658.0,35.0,management,married,tertiary,no,no,call,13.0,aug,Morning,2.0,2.0,0.0,,no,481.0,92.50490465607318,6.970389710291641,no
141912.0,54.0,retired,married,secondary,no,no,call,19.0,nov,Evening,2.0,2.0,2.0,failure,no,2626.0,101.1887446248236,3.9072749480395728,no
136839.0,52.0,technician,married,secondary,no,no,call,14.0,aug,Evening,2.0,2.0,0.0,,no,1064.0,103.92384578639503,4.4997992178465545,no
135931.0,46.0,management,married,tertiary,yes,no,call,8.0,aug,Morning,3.0,3.0,0.0,,no,1103.0,95.50662181983776,7.270033608764999,no
118434.0,35.0,services,married,secondary,yes,no,,13.0,,Afternoon,2.0,2.0,0.0,,no,-371.0,,6.201621148711112,no
143340.0,31.0,admin.,single,secondary,yes,no,call,21.0,nov,Night,2.0,2.0,11.0,failure,no,,92.28313008881058,2.745459119384464,no
156376.0,36.0,admin.,married,secondary,yes,yes,call,7.0,jul,Afternoon,1.0,1.0,0.0,,no,110.0,89.31057574794721,7.111474672981898,no
139964.0,36.0,management,married,tertiary,yes,no,SMS,22.0,oct,Afternoon,1.0,1.0,4.0,other,no,2415.0,103.40597184679655,4.477811917492957,no
145351.0,58.0,retired,married,primary,yes,no,call,3.0,feb,Night ,3.0,3.0,2.0,failure,no,3401.0,81.74685971638245,2.0040572136892862,no
130080.0,40.0,blue-collar,married,secondary,yes,no,call,11.0,jul,Afternoon,2.0,2.0,0.0,,no,178.0,105.73802342631492,5.023915904326618,no
144039.0,31.0,blue-collar,married,secondary,yes,No,SMS,29.0,jan,Night ,1.0,1.0,0.0,,no,92.0,112.33129705590893,2.7097474040011122,no
132446.0,38.0,admin.,married,secondary,yes,no,call,24.0,jul,Evening,2.0,2.0,0.0,,no,3091.0,92.26022265488405,5.578361181086418,no
141093.0,46.0,services,single,secondary,yes,no,email,18.0,nov,morning,2.0,2.0,0.0,,no,897.0,109.33132752371847,4.628778798593357,no
124522.0,45.0,admin.,married,secondary,yes,no,,3.0,jun,Evening,2.0,2.0,0.0,,no,-547.0,103.5404684792124,6.302116808309912,no
142432.0,51.0,blue-collar,married,secondary,no,yes,call,20.0,nov,Morning,1.0,1.0,0.0,,no,575.0,92.92082072801837,5.655619949969344,no
125425.0,33.0,entrepreneur,single,tertiary,,yes,,6.0,jun,eve,2.0,2.0,0.0,,no,327.0,106.97751784015672,3.2270346291403174,no
132408.0,56.0,blue-collar,married,secondary,no,yes,email,23.0,jul,Night ,4.0,4.0,0.0,,no,527.0,99.23898574873735,3.542958498190732,no
153154.0,47.0,admin.,married,secondary,yes,no,call,13.0,may,Morning,1.0,1.0,0.0,,no,411.0,109.78800256260233,6.900212727433823,no
134651.0,54.0,management,married,tertiary,yes,yes,call,31.0,jul,morning,5.0,5.0,0.0,,no,1197.0,85.96546701880145,5.408080928671805,no
123673.0,41.0,housemaid,married,tertiary,yes,no,,30.0,may,Night ,2.0,2.0,0.0,,no,783.0,92.55749494274492,4.30361545918058,no
152444.0,39.0,admin.,divorced,secondary,yes,yes,call,12.0,may,Night,2.0,2.0,0.0,,no,223.0,115.84772043330152,4.465729327587311,no
154123.0,32.0,services,married,secondary,yes,no,call,15.0,may,morning,1.0,1.0,0.0,,no,15.0,81.02936598493743,6.261496128629008,no
132856.0,32.0,blue-collar,divorced,primary,no,No,call,25.0,jul,Night,2.0,2.0,0.0,,no,380.0,85.23590436703995,4.284592810252548,no
144464.0,31.0,services,single,secondary,no,yes,call,29.0,jan,Afternoon,2.0,2.0,0.0,,no,-250.0,81.23622116463739,7.350363630676219,no
121303.0,48.0,technician,married,secondary,no,no,,23.0,may,Night,1.0,1.0,0.0,,no,3142.0,93.693215494038,3.3786177980296794,no
132635.0,30.0,management,married,tertiary,no,no,call,24.0,jul,Morning,2.0,2.0,0.0,,no,14.0,87.87688325481956,5.5223970769123465,no
134311.0,41.0,blue-collar,married,primary,no,no,call,31.0,jul,Morning,2.0,2.0,0.0,,no,0.0,81.83106013393811,2.6336272180794245,no
147251.0,30.0,management,single,tertiary,yes,No,call,17.0,mar,Morning,2.0,2.0,0.0,,no,201.0,108.78816200877021,6.349106743732974,yes
118582.0,31.0,blue-collar,married,primary,yes,no,,13.0,may,Evening,2.0,2.0,0.0,,no,651.0,113.67962724410594,2.159047414425557,no
132886.0,37.0,services,divorced,secondary,no,no,call,25.0,jul,Afternoon,2.0,2.0,0.0,,no,652.0,98.19546165049773,7.39255301366766,no
116428.0,48.0,blue-collar,married,secondary,yes,no,,6.0,may,morning,1.0,1.0,0.0,,no,157.0,100.17650983395583,6.282439031237775,no
142500.0,33.0,admin.,single,secondary,yes,no,call,20.0,nov,Morning,2.0,2.0,0.0,,no,21854.0,109.6098588788155,4.286590144012349,no
137867.0,49.0,housemaid,married,secondary,no,no,call,20.0,aug,Morning,2.0,2.0,0.0,,no,3.0,98.93275733635623,5.786533067117091,no
117809.0,35.0,management,single,secondary,yes,no,,9.0,may,eve,7.0,7.0,0.0,,no,6809.0,110.83587590088462,4.10332616555235,no
119676.0,32.0,blue-collar,married,secondary,yes,no,,16.0,may,Night,1.0,1.0,0.0,,no,23.0,108.41322414004259,5.593981263344631,no
128005.0,32.0,blue-collar,married,secondary,yes,no,,20.0,jun,morning,8.0,8.0,0.0,,no,2526.0,100.0870148120636,5.400822358692408,no
130047.0,55.0,management,divorced,secondary,yes,no,call,11.0,jul,Afternoon,2.0,2.0,0.0,,no,204.0,76.645958055765,3.0660684206648163,yes
142415.0,31.0,housemaid,married,secondary,no,yes,call,20.0,nov,eve,1.0,1.0,0.0,,no,592.0,97.8615887067957,3.1161467498749054,no
140578.0,40.0,unemployed,married,secondary,yes,no,call,17.0,nov,Night,2.0,2.0,1.0,failure,no,219.0,121.8503705325991,4.7532817437175385,no
123420.0,36.0,blue-collar,married,secondary,yes,no,,30.0,may,Night,1.0,1.0,0.0,,no,604.0,92.88984715889707,3.439789959294936,no
150016.0,30.0,management,single,tertiary,yes,no,call,30.0,apr,Morning,1.0,1.0,0.0,,no,620.0,90.31300723418836,5.158700619284298,no
135673.0,31.0,technician,married,secondary,yes,no,call,,aug,Afternoon,2.0,2.0,0.0,,no,659.0,116.92704818520652,3.990456971235948,no
153689.0,33.0,blue-collar,single,primary,yes,No,call,14.0,may,Afternoon,1.0,1.0,2.0,failure,no,60.0,86.02831313548968,5.407435981957667,no
159989.0,47.0,management,single,tertiary,no,no,call,8.0,jul,Afternoon,1.0,1.0,2.0,failure,no,6651.0,88.907948843255,6.29897347862374,yes
148462.0,31.0,services,married,secondary,yes,no,call,17.0,apr,Evening,1.0,1.0,2.0,failure,no,-163.0,98.20660709653835,5.223375522788583,no
121412.0,54.0,blue-collar,married,secondary,no,no,,23.0,may,Night,1.0,1.0,0.0,,no,-630.0,118.50997070887102,2.0513696088141047,no
157863.0,42.0,management,married,tertiary,no,no,call,26.0,oct,Morning,2.0,2.0,0.0,,no,2463.0,105.70115916900326,3.6820601079906563,no
123171.0,55.0,services,divorced,secondary,yes,no,,29.0,may,morning,2.0,2.0,0.0,,no,218.0,100.38963075753027,6.876758358791417,no
140368.0,36.0,unemployed,married,secondary,yes,yes,call,17.0,nov,Morning,2.0,2.0,0.0,,no,16.0,98.36184916728035,6.249759980446745,no
139262.0,50.0,blue-collar,,primary,no,,call,27.0,aug,Evening,3.0,3.0,0.0,,no,334.0,92.69214290348545,5.829882511575351,no
129412.0,41.0,entrepreneur,married,secondary,no,yes,call,9.0,jul,eve,1.0,1.0,0.0,,no,557.0,107.47706674840218,4.693473838414799,no
118849.0,55.0,self-employed,single,secondary,yes,no,,14.0,may,Night ,1.0,1.0,0.0,,no,2607.0,95.47733117829956,8.853969861701021,no
144146.0,35.0,management,single,secondary,yes,no,call,29.0,jan,Evening,1.0,1.0,0.0,,no,81.0,95.83214782296926,6.204741803260817,no
134955.0,55.0,technician,married,secondary,no,no,call,5.0,aug,eve,1.0,1.0,0.0,,no,1816.0,107.49926327169484,6.0638007363270345,no
155812.0,46.0,blue-collar,married,secondary,yes,no,call,2.0,jun,Night,1.0,1.0,6.0,other,no,1568.0,103.31171027418725,5.7006671623738985,yes
140625.0,44.0,housemaid,divorced,secondary,no,no,call,17.0,nov,Evening,1.0,1.0,0.0,,no,653.0,124.24900316691944,4.430312564816115,no
136151.0,51.0,technician,divorced,secondary,no,no,call,,aug,eve,2.0,2.0,0.0,,no,0.0,91.31101465920749,10.29290377683585,no
123843.0,54.0,blue-collar,married,secondary,yes,yes,,30.0,may,Night,4.0,4.0,0.0,,no,5210.0,102.77228844605078,8.555728267553551,no
122621.0,53.0,blue-collar,single,primary,yes,yes,,28.0,may,Morning,1.0,1.0,0.0,,no,-137.0,100.61771980154607,5.862977888929703,no
142340.0,35.0,blue-collar,married,secondary,no,no,call,20.0,nov,Evening,1.0,1.0,0.0,,no,667.0,119.29612147877799,6.119532133733557,no
156083.0,28.0,admin.,single,secondary,no,no,call,,jun,morning,5.0,5.0,0.0,,no,1448.0,92.46549945246471,4.457592817783513,no
160704.0,75.0,retired,divorced,primary,no,no,call,16.0,sep,Afternoon,1.0,1.0,1.0,failure,no,852.0,103.47331089198113,6.679846663210425,no
129904.0,50.0,technician,married,secondary,no,no,call,10.0,jul,Afternoon,5.0,5.0,0.0,,no,4.0,111.0854577659754,5.567051692828333,no
139958.0,35.0,management,married,tertiary,yes,no,,21.0,oct,morning,1.0,1.0,0.0,,no,0.0,100.67583790625626,3.9049386138812614,no
154003.0,33.0,technician,single,tertiary,yes,yes,email,15.0,may,Night,4.0,4.0,3.0,other,no,109.0,92.07889253104165,2.2627015793684775,no
121476.0,39.0,self-employed,married,secondary,yes,no,,23.0,may,Evening,4.0,4.0,0.0,,no,31.0,102.65259014508435,4.336585260227339,no
123524.0,37.0,management,divorced,secondary,yes,no,,30.0,may,Night,1.0,1.0,0.0,,no,16.0,89.2633524261631,5.677370803417483,yes
133475.0,50.0,management,married,tertiary,,no,call,29.0,jul,Night,2.0,2.0,0.0,,no,596.0,102.6758190879446,5.694252170582779,no
